1 0.6434164047241211 0.49791853692796495 0.09836812019348144 0.1441497696770562
1 0.482850170135498 0.8165918986002604 0.16478390693664552 0.23710572984483508
0 0.7638725280761719 0.46204956902398003 0.029735803604125977 0.10279837714301215
1 0.44395895302295685 0.4135912365383572 0.052600044012069705 0.12521485222710504
0 0.7861833095550537 0.799000973171658 0.04611082077026367 0.17511850992838543
0 0.6561994299292564 0.4021761152479384 0.021870985627174377 0.0723295423719618
0 0.6142620205879211 0.37097365061442056 0.019367432594299315 0.07983148362901475
0 0.1691967487335205 0.5788272433810764 0.050523245334625246 0.13438233269585503
0 0.5132760047912598 0.47457987467447915 0.027893686294555665 0.12176547580295138
0 0.3727272778749466 0.4032165421379937 0.02309877276420593 0.10089393191867405
3 0.45090482831001283 0.1909705532921685 0.02873932123184204 0.0812326537238227
3 0.5473663330078125 0.28292045593261717 0.04967131614685059 0.12075150807698568
0 0.39489188194274905 0.371460575527615 0.01806375980377197 0.08872930738661024
0 0.619834053516388 0.29760901133219403 0.014764094352722168 0.05968017578125
0 0.6759482026100159 0.3612338807847765 0.01862833499908447 0.07509837680392795
0 0.7387166500091553 0.5423325432671441 0.0301177978515625 0.12704556783040363
0 0.7006407737731933 0.6574984656439887 0.03599257469177246 0.15954818725585937
0 0.835016918182373 0.6117112053765191 0.037952232360839847 0.12120361328125
0 0.585153090953827 0.3101036813524034 0.015725922584533692 0.06830675337049696
0 0.7724539756774902 0.6660157945421007 0.03641343116760254 0.1422784169514974
0 0.41529530584812163 0.280724302927653 0.014334529638290405 0.06591146257188585
0 0.38940576314926145 0.2741103172302246 0.013399612903594971 0.058804257710774736
0 0.3861801564693451 0.18017356130811904 0.010354363918304443 0.039636347028944224
0 0.9348807334899902 0.7535948859320747 0.05559883117675781 0.16365784539116754
0 0.5996723055839539 0.303893608517117 0.015043807029724122 0.06608045366075303
1 0.5518354415893555 0.20086001290215386 0.027214479446411134 0.05017676883273654
0 0.3499533534049988 0.3221309026082357 0.01640613079071045 0.06732241312662761
0 0.3822333812713623 0.2466467645433214 0.014360010623931885 0.056766446431477866
0 0.477224737405777 0.23422030342949762 0.010566461086273193 0.05264729393853081
0 0.33619788363575936 0.3018450631035699 0.013585443794727325 0.06332804361979166
0 0.4150842845439911 0.19882031546698675 0.009857547283172608 0.046157688564724395
1 0.4348543345928192 0.14051851166619195 0.017644011974334718 0.031219938066270617
1 0.4501489639282227 0.28980464935302735 0.04145030975341797 0.09127298990885417
0 0.8462163925170898 0.7231352912055121 0.0426997184753418 0.1674427032470703
0 0.3502556852996349 0.2532295862833659 0.012845976650714875 0.053502527872721355
0 0.69126797914505 0.44875689612494574 0.02410104274749756 0.09170197380913628
0 0.3647534057497978 0.2432804955376519 0.01246439516544342 0.05752470228407118
0 0.590318214893341 0.20770095189412435 0.011336874961853028 0.040333027309841576
0 0.3084723949432373 0.6953777737087674 0.03675384521484375 0.16471019321017796
0 0.0763163298368454 0.37821016311645506 0.032112997770309445 0.051762368943956166
0 0.2892531156539917 0.621780988905165 0.0337066650390625 0.15472412109375
0 0.5942031502723694 0.24771589703030056 0.014590954780578614 0.049907493591308597
0 0.24475905895233155 0.3861941443549262 0.045266342163085935 0.0935760498046875
1 0.524890798330307 0.21615339914957682 0.028498709201812744 0.05095202128092448
1 0.5201992690563202 0.12655267185635036 0.014977991580963135 0.030693764156765408
2 0.48244031965732576 0.7988899654812283 0.19311172366142274 0.3114580790201823
0 0.009539743023924529 0.39654511345757376 0.01864283033646643 0.04887525770399306
0 0.5761716604232788 0.22734761767917208 0.012076473236083985 0.045974710252549914
0 0.420502644777298 0.16400698555840387 0.007867181301116943 0.033188014560275605
0 0.404853543639183 0.18809250195821126 0.009975892305374146 0.04335128996107313
0 0.6309997215867043 0.34670959048801 0.010771432518959045 0.040905231899685326
0 0.7011329889297485 0.4119707319471571 0.019967031478881837 0.08507215711805556
0 0.07224305868148803 0.9356411404079861 0.05924646854400635 0.12707884046766493
0 0.28864688873291017 0.36736276414659286 0.03423805236816406 0.09671810997856987
0 0.5400712013244628 0.14894575013054742 0.006728458404541016 0.029367669423421224
1 0.46153087019920347 0.14049664073520238 0.016771996021270753 0.028383223215738933
0 0.5831383347511292 0.17902679443359376 0.010168242454528808 0.03531010945638021
0 0.8112200736999512 0.43174285888671876 0.03128795623779297 0.09983893500434028
0 0.9636377334594727 0.937330796983507 0.07098360061645508 0.12327991061740451
1 0.5076287448406219 0.10355626742045085 0.012557828426361084 0.02192530102199978
1 0.8452417612075805 0.7201031790839301 0.05191669464111328 0.13827459547254775
0 0.27398947477340696 0.30598296059502494 0.018474411964416505 0.05519703759087457
0 0.9683340072631836 0.695625729031033 0.059714221954345705 0.14237247043185763
2 0.6466561291366816 0.5001735104454889 0.08604047819972038 0.1435768445332845
0 0.49875001311302186 0.29280898835923935 0.016240084171295167 0.07049308353000217
0 0.292002534866333 0.3155064794752333 0.02023935317993164 0.050414721171061196
1 0.7386943876743317 0.5385653919643826 0.03657466173171997 0.11297444237603081
0 0.6339212417602539 0.318189791838328 0.011309576034545899 0.036285927560594344
1 0.24384167194366455 0.39351122114393444 0.0430396556854248 0.06141179402669271
0 0.93724684715271 0.6823701434665256 0.037396717071533206 0.05713462829589844
0 0.4131529927253723 0.1585203594631619 0.007961273193359375 0.034306738111707896
0 0.5345076322555542 0.1333260589175754 0.006050920486450196 0.025315803951687282
3 0.6263086454942822 0.9615035163031684 0.0485259260982275 0.0769929673936632
0 0.014098483533598483 0.3476862589518229 0.02764401393942535 0.04371270073784722
0 0.41478860676288604 0.1338072458902995 0.007384568452835083 0.026213116115993924
0 0.6609918862581253 0.3699617041481866 0.012822061777114868 0.042502768834431964
0 0.3109653115272522 0.2532126320732964 0.011478495597839356 0.048205396864149305
