0 0.7898383140563965 0.5107148488362631 0.03256974220275879 0.11610353257921006
0 0.22618401050567627 0.500688001844618 0.06604839563369751 0.10441962348090278
0 0.5960975885391235 0.240011723836263 0.013748979568481446 0.0541489495171441
0 0.08671738505363465 0.5699839274088542 0.03487108945846558 0.13318990071614584
0 0.6328949868679047 0.33793187671237523 0.01806694269180298 0.07964543236626519
1 0.5400549173355103 0.26864926020304364 0.03926773071289062 0.06797525617811415
0 0.7852548599243164 0.8345514933268229 0.052291154861450195 0.18114420572916667
1 0.5826586723327637 0.3250231001112196 0.052295684814453125 0.09417529635959201
0 0.6811152815818786 0.36017959382798936 0.018078541755676268 0.07483081817626953
0 0.9071358680725098 0.7529781765407986 0.045572090148925784 0.16431299845377603
0 0.6348368972539902 0.29078858693440757 0.016030293703079224 0.05536838107638889
0 0.49016332626342773 0.3387267536587185 0.020529937744140626 0.07367157406277126
0 0.9796581268310547 0.9175421820746528 0.03946990966796875 0.16388863457573785
1 0.4227768898010254 0.4248215993245443 0.1243558406829834 0.08914226955837673
0 0.5457919955253601 0.21825571060180665 0.010168337821960449 0.04285907745361328
0 0.7216437339782715 0.45163989596896703 0.026798009872436523 0.10698365105523003
0 0.3719860911369324 0.2860732396443685 0.015706872940063475 0.06368628607855903
0 0.5755791902542114 0.2184690687391493 0.011792516708374024 0.04982948303222656
0 0.3323278069496155 0.4214264127943251 0.02191426753997803 0.059961552090115014
1 0.8459421992301941 0.8158951017591688 0.07851431369781495 0.1753477732340495
0 0.2919152021408081 0.3869318220350477 0.023990488052368163 0.09996507432725694
0 0.40889507830142974 0.32209205163849725 0.013047486543655396 0.0458226932419671
0 0.4346967935562134 0.19340775807698568 0.009942221641540527 0.039242384168836804
0 0.08447310328483582 0.36388138665093317 0.05316294431686401 0.07900212605794271
0 0.6007177948951721 0.36955627865261503 0.019848227500915527 0.07339049445258247
0 0.847388744354248 0.8133882310655381 0.049600982666015626 0.1720022413465712
0 0.32296831607818605 0.3901135073767768 0.012564897537231445 0.05268640518188476
0 0.4253822058439255 0.2359545601738824 0.011390286684036254 0.05125134785970052
0 0.3575440987944603 0.3646058718363444 0.017878571152687074 0.07911938561333551
0 0.45500237345695493 0.18393718401590983 0.00912693738937378 0.03755542967054579
1 0.5457867503166198 0.12410453160603842 0.016135573387145996 0.02914600372314453
0 0.313826310634613 0.30810118781195744 0.017081379890441895 0.0668211195203993
0 0.5338362216949463 0.17917981147766113 0.007767152786254883 0.03597389856974284
0 0.5560122847557067 0.17194259431627062 0.008535265922546387 0.03583066728379991
0 0.3332423588261008 0.19862909317016603 0.0133743304759264 0.04234786563449436
0 0.4130974620580673 0.23327547709147137 0.012490373849868775 0.048287582397460935
1 0.4435340404510498 0.2658599005805122 0.03751249313354492 0.06960076226128473
0 0.32678543105721475 0.2657719930013021 0.012945862114429474 0.05671259562174479
0 0.30269278287887574 0.3715440935558743 0.0115494966506958 0.04657124943203396
3 0.5092404782772064 0.14865630997551812 0.017814934253692627 0.0461690796746148
1 0.4580757439136505 0.2295315636528863 0.027388107776641846 0.0633570777045356
0 0.4642901659011841 0.16974707709418402 0.00815114974975586 0.034183035956488715
0 0.3914598375558853 0.34385228686862523 0.0211170494556427 0.06910067664252387
0 0.24303473234176637 0.3772346390618218 0.038061213493347165 0.05857757992214627
0 0.8125910758972168 0.6871195899115669 0.046185541152954104 0.1624066670735677
0 0.4358005106449127 0.32167957093980576 0.017603909969329833 0.06511304643419054
0 0.3041733503341675 0.19591291745503744 0.013249015808105469 0.044528187645806204
0 0.40653951466083527 0.1953493118286133 0.010378009080886841 0.04210213555230035
0 0.4128904193639755 0.2722300953335232 0.011298412084579467 0.055446688334147134
0 0.34996767789125444 0.31786362330118817 0.020827016234397887 0.06855093638102214
1 0.5097928464412689 0.15205811394585503 0.0165615439414978 0.040285555521647136
0 0.4265110731124878 0.18490518463982475 0.009271907806396484 0.03945832782321506
0 0.4432061672210693 0.17177161110772027 0.007845330238342284 0.03681248558892144
0 0.4824217319488525 0.23681027094523113 0.010995745658874512 0.04692067040337457
0 0.4033480644226074 0.2918936411539714 0.01227262020111084 0.06178495619032118
0 0.5420815587043762 0.1703192392985026 0.008764338493347169 0.03570916917588976
0 0.4089168757200241 0.1545218997531467 0.008524030447006226 0.03600663079155816
1 0.9781906843185425 0.916816669040256 0.04303579330444336 0.16247965494791666
0 0.5285929679870606 0.16384796566433377 0.007592296600341797 0.033184051513671875
0 0.6047382712364197 0.3230513996548123 0.016109013557434083 0.06600115034315321
0 0.6233243249356747 0.20992021560668944 0.01657020002603531 0.04133697085910373
0 0.33671375513076784 0.3864069567786323 0.015842318534851074 0.04557500415378147
1 0.8124135971069336 0.6936918788486057 0.05513386726379395 0.18141261206732856
0 0.275724196434021 0.30720502005683054 0.014673662185668946 0.05368815528021918
0 0.4788425385951996 0.21181000603569877 0.011101210117340088 0.04403203328450521
1 0.08892031610012055 0.3714488347371419 0.051307040452957156 0.054967837863498265
0 0.7145486116409302 0.4016893598768446 0.010883951187133789 0.0643509758843316
0 0.39010709524154663 0.2804563734266493 0.01438596248626709 0.059667883978949655
0 0.8139769315719605 0.43087724049886067 0.02490229606628418 0.0713006337483724
0 0.24486451148986815 0.44204242494371204 0.018231201171875 0.05013111962212457
0 0.4206064760684967 0.16926227145724826 0.008485448360443116 0.03481585184733073
1 0.22462570667266846 0.5161526044209798 0.059608173370361325 0.06707392798529731
0 0.3410290502011776 0.2510261747572157 0.016395582258701323 0.05127406650119358
1 0.24348578453063965 0.3779348267449273 0.04012737274169922 0.04980731540256077
0 0.33075872659683225 0.34357485241360136 0.016876530647277833 0.05364051394992404
0 0.421162012219429 0.31770189305146534 0.013645118474960327 0.03661461472511292
0 0.75167818069458 0.37394591437445746 0.024795913696289064 0.08967649671766494
0 0.3969953566789627 0.18876388867696126 0.009598296880722047 0.03952167299058702
