0 0.08150039911270142 0.7045997195773654 0.08157112598419189 0.19451658460828994
0 0.5454381465911865 0.280183294084337 0.01813344955444336 0.07616816626654731
2 0.5912894368171692 0.2241787380642361 0.10442078113555908 0.14416207207573783
3 0.0820712462067604 0.6967642996046278 0.0918042629957199 0.2102359135945638
0 0.4460307598114014 0.19606382581922743 0.013498234748840331 0.045677269829644096
1 0.0824785977602005 0.6972574657864041 0.09497758746147156 0.20838788350423176
0 0.0744608461856842 0.3941459231906467 0.053933894634246825 0.0814706802368164
0 0.4087379276752472 0.1788582483927409 0.01630953550338745 0.0488273196750217
0 0.04376281350851059 0.2458690113491482 0.016749432682991026 0.046509869893391925
3 0.6207185566425324 0.22314703199598523 0.0414371132850647 0.12949706183539497
