0 0.6666216969490051 0.3334063529968262 0.036589312553405764 0.08795244428846571
1 0.12734029293060303 0.6313467661539713 0.06921265125274659 0.16241031222873265
0 0.12435263395309448 0.6313721974690755 0.06152518391609192 0.15366524590386285
1 0.2844399929046631 0.4622280968560113 0.1072885513305664 0.21146960788302951
3 0.2837181806564331 0.45828444957733155 0.1176903247833252 0.22495806482103137
0 0.32270326614379885 0.3269664022657606 0.03030672073364258 0.08639363182915581
0 0.25049288272857667 0.38996284272935655 0.02975921630859375 0.07526298099093967
0 0.6874382138252259 0.41925680372450086 0.03158681392669678 0.10673929850260416
0 0.07422882318496704 0.3963549296061198 0.05867384076118469 0.08917577531602648
0 0.6426288604736328 0.25478680928548175 0.027467107772827147 0.06805284288194445
0 0.3804039731621742 0.30175260967678497 0.022759148478507997 0.07790487077501085
0 0.5931217670440674 0.21935254202948676 0.01629495620727539 0.051428667704264325
0 0.6018136024475098 0.1678149700164795 0.01384749412536621 0.03375546137491862
1 0.642803643643856 0.25553693771362307 0.035076799988746646 0.08179607391357421
0 0.35207470655441286 0.24693284564548068 0.02186638116836548 0.06325376298692491
1 0.6660608768463134 0.33437206480238174 0.042244136333465576 0.09234697553846571
2 0.2842270016670227 0.4597233454386393 0.11559875011444092 0.22101164923773872
0 0.39324666261672975 0.25092076195610896 0.013097023963928223 0.04292098151312934
0 0.37452509850263593 0.21727164586385092 0.015355363488197327 0.04751419491238064
1 0.6790440201759338 0.4199334091610379 0.0522418737411499 0.11935953564114041
0 0.17160463333129883 0.49978951348198786 0.039400804042816165 0.11348978678385417
0 0.3362744331359863 0.18850605222913955 0.022975063323974608 0.02389634450276693
2 0.7683518886566162 0.7999248928493924 0.3264147758483887 0.3923062218560113
0 0.3847082704305649 0.20134170320298936 0.013823014497756959 0.046793217129177514
1 0.3450024127960205 0.7605552673339844 0.17242202758789063 0.36108487447102866
