1 0.5050370216369628 0.7673812866210937 0.16301064491271972 0.2509781731499566
3 0.4435132503509521 0.3163625293307834 0.05436372756958008 0.17202025519476996
0 0.20405802726745606 0.742291514078776 0.04023749828338623 0.1752952151828342
1 0.8270668029785156 0.8754664103190104 0.198325252532959 0.23573167588975694
0 0.32489686012268065 0.5847545623779297 0.031545376777648924 0.14911795722113716
0 0.8629659652709961 0.6758733961317275 0.04413175582885742 0.14427218967013888
0 0.305903947353363 0.3501009517245822 0.022971701622009278 0.08532793256971571
0 0.6813502192497254 0.34775099224514433 0.01881706714630127 0.07129946814643012
0 0.562450623512268 0.24367238150702583 0.013714361190795898 0.0545970704820421
0 0.6362711787223816 0.3150172233581543 0.01770336627960205 0.06753504011366103
0 0.5017845451831817 0.3897737291124132 0.022108256816864014 0.09221327039930556
0 0.3627456307411194 0.3226815011766222 0.02138707637786865 0.07930901845296225
0 0.3933221846818924 0.30987366570366753 0.015031105279922486 0.06670731438530816
0 0.103817617893219 0.8193576388888889 0.04458541870117187 0.21085230509440103
3 0.5806262493133545 0.36881336636013456 0.07666711807250977 0.16565136379665799
0 0.3721925258636475 0.6366763644748263 0.03140201568603516 0.16798345777723525
0 0.613041353225708 0.2748871273464627 0.014407968521118164 0.06023483276367188
0 0.2802295207977295 0.876029290093316 0.04204750061035156 0.19667451646592882
0 0.18322986364364624 0.5803534613715278 0.032278943061828616 0.14479281107584635
0 0.1745407462120056 0.9056603325737848 0.05096595287322998 0.18375718858506945
0 0.2829472541809082 0.6684085845947265 0.039185190200805665 0.0854050530327691
0 0.5489475846290588 0.21867283715142144 0.011582732200622559 0.05045509338378906
0 0.3205631136894226 0.4331365585327148 0.0237046480178833 0.08877279493543837
0 0.38213143944740297 0.24336349699232313 0.01408531665802002 0.055688667297363284
0 0.30729577541351316 0.49333712259928386 0.029082679748535158 0.12286376953125
0 0.5975995063781738 0.24586397806803387 0.012728166580200196 0.05276145935058594
0 0.392620661854744 0.21406307220458984 0.011511558294296264 0.043800142076280385
0 0.962519645690918 0.7737184312608507 0.05073957443237305 0.16801189846462675
0 0.5843098878860473 0.2633813646104601 0.013226461410522462 0.0540678236219618
0 0.794034194946289 0.6524347517225477 0.04303741455078125 0.1526227315266927
0 0.8030633926391602 0.5345928192138671 0.03662185668945313 0.11015870836046007
0 0.90548095703125 0.6501268174913194 0.04029836654663086 0.13116997612847223
0 0.7616086483001709 0.46949950324164497 0.02900381088256836 0.10567109849717882
0 0.4038760542869568 0.1718596829308404 0.008813095092773438 0.03612979253133138
2 0.5026566296815872 0.7441772037082248 0.1907730996608734 0.33111021253797746
0 0.42285328805446626 0.17650640805562337 0.008781009912490844 0.03550973468356662
3 0.46175733804702757 0.14620172182718913 0.019984126091003418 0.05195796754625109
0 0.4403753519058228 0.15858019722832573 0.008256912231445312 0.03086846669514974
0 0.9031150817871094 0.8226443820529514 0.04582700729370117 0.158642578125
0 0.6241265177726746 0.2128703859117296 0.02388947010040283 0.03931350708007812
1 0.8850214838981628 0.6516396628485785 0.08874313831329346 0.11476537916395399
0 0.3935759663581848 0.26788424385918513 0.011781096458435059 0.05506500667995877
3 0.7193890482187271 0.46401062541537813 0.07487325072288513 0.16125885645548502
1 0.7953500151634216 0.6521893289354113 0.05823638439178467 0.14185284508599175
1 0.44675406217575075 0.20647002855936686 0.030180716514587404 0.060861322614881724
0 0.49293218851089476 0.3148943277903729 0.02305288314819336 0.05075483069651657
0 0.7409444808959961 0.4202080620659722 0.026103448867797852 0.08390964931911893
1 0.7179650455713272 0.4715726640489366 0.07365762591361999 0.15975884331597223
0 0.08481427431106567 0.36601490444607204 0.05260913372039795 0.07696533203125
0 0.5303948760032654 0.13987256156073677 0.007095646858215332 0.02918834686279297
0 0.4304061830043793 0.15388156572977701 0.007160317897796631 0.030975479549831816
0 0.8134072542190551 0.43079920874701605 0.025891780853271484 0.06827591790093315
1 0.6805074155330658 0.34885528484980266 0.021272873878479003 0.0714949263466729
3 0.6123358727083541 0.3566777494218614 0.023988148453645407 0.1355777210659451
0 0.4111869215965271 0.16147708363003202 0.008815896511077882 0.03316308127509223
0 0.4227621823549271 0.1463600953420003 0.008432167768478393 0.030705335405137806
0 0.7112215995788574 0.37564158704545764 0.013586115837097169 0.04170123736063639
1 0.37425717115402224 0.6301509433322483 0.03956329822540283 0.1523679945203993
3 0.9683720588684082 0.619741333855523 0.061950063705444335 0.17919943067762586
1 0.9651974558830261 0.7735102547539605 0.06960508823394776 0.16356256273057726
0 0.8154096484184266 0.6105505413479275 0.027258658409118654 0.07754376729329428
3 0.17374926805496216 0.8624794006347656 0.06697976589202881 0.19012298583984374
2 0.8345753133296967 0.8540993160671658 0.23301621675491332 0.2918013678656684
0 0.27337859869003295 0.30613038804796006 0.01860091686248779 0.06174189249674479
