0 0.5601235270500183 0.30789484447903104 0.019873404502868654 0.07693326738145616
0 0.3624041318893433 0.266171932220459 0.02151089906692505 0.06506171756320529
3 0.743155562877655 0.5285253206888835 0.14888455867767333 0.20188893212212455
0 0.4032625168561935 0.2204652574327257 0.015814882516860963 0.052756245930989584
0 0.33942308500409124 0.25255887773301866 0.019585476815700532 0.059791649712456596
0 0.36811983287334443 0.20811249415079752 0.012622946500778198 0.04627704620361328
0 0.431171315908432 0.22113997141520184 0.014097249507904053 0.04729491339789497
0 0.31710784435272216 0.3225995699564616 0.024310922622680663 0.07168521881103515
0 0.41948926746845244 0.15339537196689182 0.010075968503952027 0.03581357532077366
1 0.3587824463844299 0.26153493457370336 0.03135182857513428 0.07293788062201606
0 0.0635376289486885 0.39801035987006295 0.035647377371788025 0.07767024570041232
