1 0.568832004070282 0.30567190382215714 0.06011507511138916 0.10443335639105902
0 0.6763281553983689 0.29599346584743924 0.023830467462539674 0.07573763529459636
1 0.6489705562591552 0.6734898461235894 0.13350858688354492 0.2664343092176649
3 0.5754611372947693 0.36705553266737195 0.07530333995819091 0.15633328755696616
1 0.5792709946632385 0.38718263838026257 0.06640341281890869 0.109052488538954
0 0.6390385150909423 0.2937463972303602 0.02334909439086914 0.06737785339355469
0 0.699475371837616 0.31667748557196723 0.03089916706085205 0.08667108747694227
0 0.5691882491111755 0.14192840258280437 0.011394143104553223 0.03390154308742947
0 0.07547221779823303 0.3989487965901693 0.05723737478256226 0.06935017903645833
2 0.575774323940277 0.3663326952192518 0.07391097545623779 0.1548876126607259
0 0.6581425070762634 0.2778674655490451 0.02043650150299072 0.06923205057779948
3 0.4780862033367157 0.1538302050696479 0.04833344221115112 0.10861914952596029
0 0.3905226230621338 0.22013593249850802 0.022178387641906737 0.0523975584242079
0 0.6360682845115662 0.2380761358473036 0.018203234672546385 0.0573047849867079
1 0.5182878971099854 0.2540784729851617 0.03986659049987793 0.07225369347466362
2 0.4814228892326355 0.1476839198006524 0.055614471435546875 0.1208432674407959
