1 0.7511485576629638 0.8568871392144097 0.15345869064331055 0.27186686197916665
1 0.5582643032073975 0.6851089053683811 0.12127866744995117 0.21467598809136285
0 0.5719433188438415 0.26669830746120876 0.013042044639587403 0.06032621595594618
0 0.19610605239868165 0.653144794040256 0.03297721147537232 0.15943018595377603
3 0.41848949939012525 0.3921497662862142 0.09819293916225433 0.24197237226698134
0 0.7396638572216034 0.46244369082980685 0.024825465679168702 0.09010997348361545
0 0.1926754355430603 0.5307766490512424 0.02933323383331299 0.10308793385823568
0 0.9403413772583008 0.7851740519205729 0.05081748962402344 0.16287032233344184
0 0.6216584920883179 0.2835095405578613 0.01307382583618164 0.0570689943101671
0 0.5250043392181396 0.8855228000217014 0.046563243865966795 0.19852430555555556
1 0.5322195827960968 0.25906604131062827 0.032018744945526124 0.06104140811496311
1 0.4354857444763184 0.1487242168850369 0.019341063499450684 0.03485993279351129
0 0.4818587303161621 0.6926872253417968 0.03513145446777344 0.1663235134548611
0 0.2552821159362793 0.6365264468722873 0.028431010246276856 0.14962132771809897
0 0.2879453659057617 0.7359588623046875 0.04009006023406982 0.18571484883626302
0 0.16923065185546876 0.38280292087131074 0.04660177230834961 0.08968507978651259
0 0.6697031259536743 0.2996340751647949 0.015624904632568359 0.05952883826361762
0 0.7994439125061035 0.5227511088053386 0.030437707901000977 0.11695671081542969
0 0.022896170616149902 0.7742563035753038 0.044881409406661986 0.16479899088541666
0 0.587611711025238 0.22396603690253364 0.012147736549377442 0.04729311201307509
0 0.5769848823547363 0.4430154164632161 0.035666799545288085 0.09285625881618924
0 0.5067536473274231 0.1661730819278293 0.007896089553833007 0.032397598690456816
0 0.5644287824630737 0.21956710815429686 0.01107320785522461 0.04621170891655816
0 0.30677108764648436 0.4130109575059679 0.0231459379196167 0.10974180433485244
0 0.7613238334655762 0.5398305257161459 0.02965073585510254 0.12337599860297309
0 0.6103713631629943 0.25572375191582575 0.013934922218322755 0.05020181867811415
0 0.5722525715827942 0.18713636928134494 0.008952116966247559 0.036995114220513235
1 0.6392011839896441 0.4208557340833876 0.06179097518324852 0.12024964226616754
0 0.4186784416437149 0.21176428265041775 0.010239738225936889 0.04482305314805773
0 0.5531063199043273 0.23248816596137153 0.011326003074645995 0.048548253377278645
1 0.6248686579056084 0.34454332987467445 0.047612357698380944 0.0799452887641059
1 0.5456908822059632 0.1242236402299669 0.016361594200134277 0.029101085662841798
0 0.48598318099975585 0.2904169506496853 0.013909411430358887 0.06279008653428819
1 0.3622544765472412 0.3344197591145833 0.04394786357879639 0.08323014577229818
0 0.3514599181711674 0.39976058536105685 0.018403463065624237 0.08701532151963975
0 0.5573533296585083 0.18877139621310765 0.008799934387207031 0.03728764851888021
0 0.5532940268516541 0.1609824021657308 0.008589577674865723 0.03185044394599067
0 0.5175570905208587 0.17818792131212022 0.008387148380279541 0.0396211412217882
0 0.7040248870849609 0.4751177893744575 0.0258913516998291 0.11267157660590278
0 0.6057134151458741 0.48861143324110246 0.05254974365234375 0.11535458034939236
0 0.6051261067390442 0.21927323871188695 0.011353659629821777 0.043481000264485675
0 0.2944743275642395 0.35244645012749565 0.01599905490875244 0.06134847005208333
1 0.9347706079483032 0.6629857805040148 0.060272932052612305 0.0952423095703125
3 0.7522820383310318 0.8399840460883247 0.17364756464958192 0.32003190782335067
0 0.5280276775360108 0.21494227515326605 0.01200723648071289 0.042399554782443574
1 0.4006950408220291 0.25458488464355467 0.03326322436332703 0.0628005133734809
0 0.2501332759857178 0.5464041180080838 0.02868032455444336 0.08587837219238281
3 0.4591021776199341 0.15309958987765843 0.03068273067474365 0.07537740071614583
0 0.322441565990448 0.29995927810668943 0.015874838829040526 0.05391720665825738
0 0.4955917954444885 0.15826932589213052 0.00767369270324707 0.03381976021660699
2 0.6352346897125244 0.3903672284550137 0.07828731536865234 0.18354014025794135
0 0.8133834481239319 0.42971926795111764 0.026072478294372557 0.06898223029242621
0 0.7231638908386231 0.4187365214029948 0.0244539737701416 0.08587086995442708
0 0.428503155708313 0.24895497428046331 0.012473201751708985 0.05390839046902127
0 0.3108134031295776 0.34831291834513345 0.015773820877075195 0.052338600158691406
0 0.42870832085609434 0.17277462747361924 0.008157479763031005 0.03500909805297851
0 0.26634347438812256 0.4307559543185764 0.025291299819946288 0.10821533203125
0 0.7805460810661315 0.4348153644137912 0.019692516326904295 0.057484139336480035
0 0.5272693037986755 0.16837491459316678 0.008140254020690917 0.03490980996025933
0 0.47914251685142517 0.263106017642551 0.011541187763214111 0.05986626942952474
3 0.5631103575229645 0.6750911182827419 0.13926180601119995 0.25372231801350914
0 0.5112491607666015 0.3248633066813151 0.023389196395874022 0.0823406007554796
0 0.5382638573646545 0.18516451517740887 0.009269309043884278 0.038145489162868924
3 0.38340173959732055 0.4415646129184299 0.0318798303604126 0.17804826100667318
0 0.41023516952991484 0.1998201158311632 0.010839766263961792 0.043302493625217015
0 0.5140792965888977 0.13116840256585016 0.006559038162231445 0.027242162492540148
3 0.3619249701499939 0.333478984153933 0.049170851707458496 0.08603088938527637
0 0.9203781127929688 0.9570285373263889 0.06271028518676758 0.08228759765625
0 0.33180402163416145 0.2596716668870714 0.01828518621623516 0.048701540629069014
2 0.459138011932373 0.15298851331075033 0.029801440238952637 0.0744312392340766
0 0.3961548000574112 0.20170275370279947 0.011672693490982055 0.04454053243001302
3 0.966178047657013 0.5959319220648871 0.06397559642791747 0.22380862765842013
0 0.27291866540908816 0.3723981221516927 0.0229231595993042 0.049937269422743055
