0 0.19922266006469727 0.8067004733615452 0.09334403276443481 0.2329721238878038
0 0.19992170333862305 0.6142130109998915 0.05693321228027344 0.1641659206814236
2 0.5333394885063172 0.20993045700920954 0.060768723487854004 0.1150037235683865
1 0.19685763120651245 0.6011625077989367 0.0707434892654419 0.1653016832139757
0 0.1542174220085144 0.5181422763400607 0.05245959758758545 0.12626139322916666
0 0.3299861989915371 0.3137876828511556 0.019347397983074187 0.07708763546413845
0 0.3703401952981949 0.27564703623453773 0.021984964609146118 0.06892759535047743
0 0.2757641553878784 0.38253097534179686 0.02662491798400879 0.08879271613226997
1 0.4035263627767563 0.30709446801079643 0.05302894711494446 0.10037210252549914
0 0.6017206192016602 0.16796683735317655 0.011844444274902343 0.035806666480170356
0 0.6494765877723694 0.3372569190131293 0.034883427619934085 0.08659371270073785
3 0.20094702243804932 0.8021630605061849 0.1189091682434082 0.2921218024359809
0 0.45195543169975283 0.2227545526292589 0.013767039775848389 0.04363180796305339
1 0.152925705909729 0.516730711195204 0.053969597816467284 0.12366553412543403
0 0.582262122631073 0.15940912034776475 0.012365412712097169 0.03435505761040582
0 0.07546035647392273 0.39829627143012153 0.062254488468170166 0.08599842919243707
1 0.4218922287225723 0.37058178583780926 0.07192806601524353 0.13776963551839191
0 0.4106548100709915 0.21921288172403972 0.013468855619430542 0.04479660458034939
0 0.8523229598999024 0.5982432047526042 0.05856142044067383 0.12607027689615885
0 0.3442663311958313 0.2343242433336046 0.013251852989196778 0.028178702460394965
2 0.41464933156967165 0.3434235466851128 0.08112287521362305 0.1816754659016927
