1 0.8306112289428711 0.8796029832628038 0.1745244026184082 0.22260555691189235
1 0.607604444026947 0.4340814378526476 0.07340719699859619 0.12105721367730035
1 0.40108986496925353 0.4350894504123264 0.06238833665847778 0.12208930121527778
1 0.4261733412742615 0.17104250060187445 0.02286419868469238 0.04523702197604709
0 0.5429282784461975 0.27429377237955727 0.015659594535827638 0.057669448852539065
0 0.8231376647949219 0.6008578830295139 0.03759126663208008 0.13952454460991753
1 0.5105903685092926 0.1690427303314209 0.020334088802337648 0.038680150773790146
0 0.5805680751800537 0.7296777513292101 0.08546981811523438 0.14169023301866318
0 0.6694857954978943 0.2993608686659071 0.016465258598327637 0.059798940022786455
0 0.5065011978149414 0.7961512247721354 0.04244742393493652 0.18219744364420573
0 0.4685401916503906 0.4783673604329427 0.0620455265045166 0.10548943413628473
0 0.47370448112487795 0.6714305877685547 0.03526296615600586 0.15727903578016494
0 0.3910555809736252 0.20039791531032985 0.010946398973464966 0.04423069424099392
1 0.5509123921394348 0.2110738542344835 0.026241040229797362 0.04614384969075521
0 0.7601570129394531 0.6082892523871528 0.032086944580078124 0.14127964443630642
1 0.2505730390548706 0.40695008171929253 0.10517120361328125 0.10074539184570312
0 0.7674532890319824 0.5100399017333984 0.034790563583374026 0.10620973375108507
0 0.7020341753959656 0.5305317136976454 0.0357365608215332 0.1078669653998481
0 0.6184469699859619 0.29046677483452693 0.014475202560424805 0.0561974843343099
0 0.6333598732948303 0.27321715884738496 0.0168259859085083 0.05705697801378038
0 0.3141084432601929 0.47778888278537324 0.02758469581604004 0.1180962880452474
0 0.5692748188972473 0.1952713754442003 0.01036508083343506 0.03985754648844401
0 0.13144811391830444 0.7701140509711372 0.0422044038772583 0.20062798394097223
1 0.530464506149292 0.5849886788262262 0.11691832542419434 0.177116945054796
0 0.38429865837097166 0.2411568111843533 0.014112067222595216 0.05107536315917969
3 0.43821512162685394 0.35293304655287 0.05868809819221497 0.12808831532796225
0 0.7065837860107422 0.4670654932657878 0.026226806640625 0.08958235846625434
0 0.3821656435728073 0.367682319217258 0.018163019418716432 0.07485434214274088
0 0.5370764017105103 0.1460135406917996 0.007359743118286133 0.030042892032199436
0 0.5583272933959961 0.1757538954416911 0.010385847091674805 0.0368706915113661
1 0.5458162546157836 0.12452450858222114 0.01648082733154297 0.02903700934516059
0 0.5787853121757507 0.30812751981947156 0.020545649528503417 0.06272343529595269
0 0.3992931365966797 0.17378915150960286 0.010303699970245361 0.03821364508734809
0 0.40952403247356417 0.16397655275132922 0.009048491716384888 0.0349347644382053
0 0.5515166878700256 0.3133555942111545 0.03272655010223389 0.06519343058268229
1 0.5702807426452636 0.24339410993787977 0.02896857261657715 0.06270857916937934
3 0.45586947798728944 0.20021101633707683 0.044006097316741946 0.13732621934678818
1 0.3852555751800537 0.29752684699164494 0.038906216621398926 0.07690215640597874
0 0.012869930267333985 0.3841068267822266 0.02573986053466797 0.09445580376519097
0 0.3416598796844482 0.4232504102918837 0.0265625 0.1052088843451606
2 0.8269115805625915 0.8667302873399523 0.19839541912078856 0.2665394253200955
1 0.6448148250579834 0.939845954047309 0.13691091537475586 0.10457772148980035
0 0.479433536529541 0.23846687740749783 0.012000560760498047 0.05171746148003472
0 0.3756036967039108 0.21631713443332248 0.011756819486618043 0.04327863057454427
0 0.41895358860492704 0.20247857835557725 0.010287564992904664 0.04155510796440972
0 0.6006038069725037 0.23444829516940646 0.014983820915222167 0.044829368591308594
0 0.610399766638875 0.2653891033596463 0.013772600144147874 0.04718577067057292
1 0.7698101103305817 0.5080375459459093 0.04415110349655151 0.09335606892903646
0 0.5090832412242889 0.14021512137518988 0.007293093204498291 0.02703088124593099
0 0.7810357630252838 0.4341847366756863 0.01803828477859497 0.05922091801961263
0 0.5290467619895936 0.15081885125901964 0.0077829122543334964 0.03298737208048503
0 0.40470752120018005 0.3470228830973307 0.015120315551757812 0.06675966050889758
0 0.3304363965988159 0.3536465750800239 0.02096114158630371 0.08816074795193142
0 0.5929092049598694 0.2696308241950141 0.015398049354553222 0.055544175042046444
0 0.7141469955444336 0.3516061266263326 0.012331008911132812 0.049036881658766004
0 0.4251575469970703 0.1350386619567871 0.008886408805847169 0.030850664774576823
0 0.30454914569854735 0.3712544335259332 0.0192868709564209 0.06376452975802951
0 0.40890450179576876 0.2672735002305773 0.014704996347427368 0.053573989868164064
1 0.4681281089782715 0.4750502480400933 0.07067220211029053 0.11843897501627604
1 0.9353524446487427 0.6621900982326931 0.05930066108703613 0.0960087670220269
0 0.35165986493229867 0.32705871793958874 0.017051570117473602 0.06281346215142145
0 0.8135086536407471 0.43025052812364367 0.026045846939086913 0.07242351108127171
0 0.3711699217557907 0.35465416378445097 0.016622012853622435 0.07147661844889323
0 0.6489347159862519 0.240634028116862 0.013446056842803955 0.04790967305501302
2 0.6234014428686351 0.4367326233122084 0.045924411807209256 0.1322651916080051
0 0.42278857827186583 0.24173062642415363 0.01164473295211792 0.05541453891330295
0 0.35392208099365235 0.39171475569407144 0.01742076873779297 0.056527492735120984
0 0.43926294445991515 0.21482631895277235 0.011229026317596435 0.043333880106608075
0 0.5020337998867035 0.3080412189165751 0.015019476413726807 0.03830466005537245
2 0.25740939378738403 0.39633357524871826 0.0931598424911499 0.1000019974178738
0 0.35929940193891524 0.2843215518527561 0.017978504300117493 0.05352859497070313
3 0.9652998089790344 0.5899255116780598 0.06569855213165283 0.23706690470377603
0 0.404303514957428 0.21381670633951824 0.01173095703125 0.044017198350694446
0 0.6358632564544677 0.2958157698313395 0.012437725067138672 0.013853761884901259
3 0.3836000323295593 0.43676509062449137 0.03230459690093994 0.1300606780582004
