0 0.2085482358932495 0.4197289784749349 0.039237356185913085 0.0947630140516493
0 0.8073294639587403 0.6579967074924045 0.071453857421875 0.17244962056477864
0 0.6648319482803344 0.2849670622083876 0.025846433639526368 0.07131674024793837
1 0.22203957438468933 0.5021357854207357 0.04883357286453247 0.11100578308105469
0 0.22147488594055176 0.5011575486924913 0.03860642910003662 0.10017585754394531
0 0.32292975187301637 0.2823301527235243 0.028644299507141112 0.06440891689724393
0 0.07724443078041077 0.39471956888834636 0.05656188726425171 0.08161858452690972
0 0.405072295665741 0.35431368086073134 0.0306502103805542 0.08958786858452691
0 0.1548973798751831 0.6400170220269097 0.044886207580566405 0.14972377353244357
3 0.5917776942253112 0.4608153422673543 0.12498290538787842 0.29476526578267415
1 0.5531602799892426 0.6727224244011774 0.07014633417129516 0.1642965316772461
0 0.26970709562301637 0.3392110506693522 0.03370687961578369 0.07152890099419487
0 0.6515910238027572 0.3637848854064941 0.033592289686203 0.08433106740315756
0 0.55728120803833 0.6691031561957466 0.05871872901916504 0.15057546827528212
0 0.3869296729564667 0.2919998910692003 0.026087403297424316 0.08797181447347005
0 0.36662744730710983 0.2791094038221571 0.025608304142951965 0.07819018893771701
0 0.6159539937973022 0.179376040564643 0.015557336807250976 0.043506346808539494
1 0.5898190975189209 0.47029855516221786 0.10289335250854492 0.2259749518500434
3 0.5618777751922608 0.26701367696126305 0.08315200805664062 0.19045384724934897
0 0.42113604545593264 0.15820275942484538 0.01132345199584961 0.038642067379421656
0 0.3613101363182068 0.40162156422932943 0.03009142875671387 0.09234716627332899
0 0.42232356071472166 0.19794227812025283 0.016631293296813964 0.051653819613986546
0 0.01947854459285736 0.6998744540744357 0.03585703372955322 0.1315601348876953
2 0.5618205070495605 0.26594085693359376 0.08108086585998535 0.18611405690511068
1 0.20717282295227052 0.42010116312238904 0.04453606605529785 0.1014975282880995
0 0.4070522367954254 0.2958483590020074 0.02467954158782959 0.06381886800130208
0 0.39107502698898317 0.5008665720621744 0.017741703987121583 0.06689860026041666
0 0.3949650853872299 0.20030812157524958 0.01789022088050842 0.05361001756456163
2 0.5516515016555786 0.6714751031663683 0.06597428321838379 0.16313186221652562
0 0.20469059944152831 0.2851766586303711 0.03828030824661255 0.050124443901909725
0 0.35805942118167877 0.5112150404188368 0.020436948537826537 0.060831112331814235
0 0.44724716544151305 0.15988043149312336 0.011380136013031006 0.04422915776570638
1 0.01959207366453484 0.7014480908711751 0.03893246629741043 0.1331154081556532
2 0.5905177116394043 0.4680447048611111 0.10231986045837402 0.22161793178982206
0 0.41081643998622897 0.16349418428209092 0.011482268571853638 0.03880841996934679
0 0.17284730672836304 0.5304851531982422 0.06145017147064209 0.11361041598849826
1 0.6509533405303956 0.3634931577576531 0.037674760818481444 0.08985451327429878
1 0.30133131742477415 0.43559509913126626 0.08273398876190186 0.176908810933431
