0 0.611405098438263 0.4448592291937934 0.02363321781158447 0.09905166625976562
1 0.6603381514549256 0.42364016903771295 0.07698657512664794 0.11284081670973035
0 0.627713394165039 0.3316119299994575 0.019179487228393556 0.07247339884440104
0 0.5666366577148437 0.8113537258572049 0.04171738624572754 0.19441935221354167
1 0.5714714646339416 0.3859758483039008 0.055232453346252444 0.09163396623399522
0 0.8643182754516602 0.9043265448676215 0.05320463180541992 0.18348320855034722
0 0.8835794448852539 0.698343488905165 0.0413203239440918 0.16103943718804253
0 0.7888506889343262 0.9017906188964844 0.0512880802154541 0.18976626925998263
1 0.653632116317749 0.6116079330444336 0.10726423263549804 0.19099303351508246
0 0.8297654151916504 0.6947742886013455 0.04120006561279297 0.1601313696967231
0 0.2531498670578003 0.8789054022894965 0.04385199546813965 0.19938422309027778
0 0.6540634393692016 0.29562496609157984 0.018514394760131836 0.06176401774088542
0 0.7157413482666015 0.4968207465277778 0.026313257217407227 0.11452704535590277
0 0.27650516033172606 0.6030554877387153 0.035646581649780275 0.15939873589409723
0 0.14935655593872071 0.8052825927734375 0.04068880081176758 0.20188624064127605
0 0.5817331552505494 0.2874291737874349 0.014013862609863282 0.06313794453938802
0 0.3290913201868534 0.43253063625759547 0.01755764037370682 0.09762937757703993
0 0.7507351875305176 0.5809339735243055 0.03441872596740723 0.13955891927083333
0 0.576484739780426 0.18805213504367405 0.010287261009216309 0.03857137891981337
0 0.7435038328170777 0.47541334364149307 0.0286884069442749 0.09206000434027778
0 0.5795647025108337 0.2244808938768175 0.01095254421234131 0.04282029469807943
0 0.6353339314460754 0.2601222144232856 0.012264657020568847 0.05368580288357205
0 0.35066670179367065 0.3769015206231011 0.021295046806335448 0.07858263651529948
0 0.15809886455535888 0.5066078609890408 0.024934828281402588 0.11952557033962674
0 0.6604729652404785 0.49163712395562065 0.02614569664001465 0.1081085205078125
0 0.5956323385238648 0.21189201143052844 0.011307430267333985 0.04186072879367404
3 0.42520771026611326 0.5691709306504992 0.10100669860839843 0.3071096632215712
1 0.5426565170288086 0.2856610616048177 0.04408454895019531 0.08302470313178169
0 0.023134180903434755 0.9244747585720486 0.04576060175895691 0.15105048285590278
0 0.3130618453025818 0.39315639071994357 0.024253344535827635 0.06558015611436632
0 0.37439408153295517 0.2642232788933648 0.014999797940254212 0.058252313401963976
0 0.3538269191980362 0.2560956637064616 0.015356260538101196 0.05886881086561415
0 0.5226659893989563 0.39792777167426213 0.020182538032531738 0.09118372599283854
0 0.6096408573910594 0.2888405270046658 0.01403275765478611 0.05439762539333767
1 0.3946827858686447 0.3217990557352702 0.033098524808883666 0.08878807491726345
0 0.13657145500183104 0.41365907457139756 0.05182304382324219 0.09217906528049045
0 0.9765607833862304 0.8982877943250868 0.04475593566894531 0.17516555786132812
0 0.5213226199150085 0.45859061347113717 0.026391243934631346 0.10357131958007812
0 0.6159796595573426 0.24114964803059896 0.011557507514953613 0.04574228922526042
0 0.3596385017037392 0.21571796205308702 0.013746479153633117 0.0492129643758138
0 0.5514672994613647 0.14754440519544815 0.00871591567993164 0.030339219835069445
0 0.31751415729522703 0.325693416595459 0.020306825637817383 0.07057047949896919
0 0.36194039285182955 0.3291507191128201 0.016746968030929565 0.07706631554497613
0 0.45944064259529116 0.14963279830084908 0.008059513568878175 0.03262342876858181
1 0.44702821373939516 0.22818472120496963 0.03379184007644653 0.07356291876898871
0 0.5758727669715882 0.2582642661200629 0.013842606544494629 0.0559088389078776
0 0.44246114492416383 0.17916011810302734 0.009212136268615723 0.03525543212890625
0 0.3023670196533203 0.3588698811001248 0.022127485275268553 0.06562807295057509
0 0.3398655530065298 0.27505690256754556 0.01553540900349617 0.05730722215440538
0 0.3396037083119154 0.33201754887898766 0.017429677397012712 0.0735179689195421
1 0.9366123676300049 0.6626310772365994 0.058579301834106444 0.09696006774902344
1 0.61389070302248 0.4411251597934299 0.027781406044960023 0.1014291763305664
1 0.191835355758667 0.3900035434299045 0.14098531007766724 0.10448949601915147
3 0.6277415961027145 0.3298055549462636 0.023996978998184204 0.06687341133753459
0 0.4156415224075317 0.16695107354058158 0.008762478828430176 0.033060709635416664
0 0.40446736514568327 0.15158642133076985 0.008703118562698365 0.0342249870300293
2 0.6553793391212821 0.6223736868964301 0.10514064617455006 0.20642687479654948
3 0.4049829483032227 0.2782216389973958 0.05102357864379883 0.16647983127170138
0 0.4776845216751099 0.2239077568054199 0.011735486984252929 0.048039012485080294
0 0.5986073017120361 0.26324760648939344 0.012335205078125 0.05867464277479384
3 0.5670235872268676 0.8045376035902235 0.05872883796691895 0.1966472625732422
0 0.6406633973121643 0.420825555589464 0.023018860816955568 0.0929787105984158
0 0.49897320866584777 0.2921704716152615 0.015385115146636963 0.0639812257554796
3 0.7884575128555298 0.8912082036336263 0.07594952583312989 0.20093786451551648
0 0.9924403071403504 0.4940151426527235 0.013978266716003418 0.05485733879937066
0 0.4219066441059113 0.18505236837599012 0.00956662893295288 0.0372012562221951
3 0.5387448668479919 0.2449426915910509 0.05226013660430908 0.15820853975084093
0 0.813248360157013 0.43421781327989367 0.024842381477355957 0.06412010192871094
0 0.29996527433395387 0.30889512168036565 0.021271252632141115 0.050710868835449216
0 0.2740371823310852 0.308751466539171 0.02048056125640869 0.05621960957845052
0 0.6181092977523803 0.27502619425455727 0.012648916244506836 0.05066307915581597
0 0.3927986860275269 0.2641424708896213 0.013319826126098633 0.04988388485378689
3 0.40726027488708494 0.8561776902940538 0.16853904724121094 0.2799463907877604
2 0.6612590253353119 0.4232820643319024 0.06978297233581543 0.10720898840162489
3 0.9673084735870361 0.6096038182576498 0.06269197463989258 0.19665853712293838
1 0.5677120566368103 0.7975919087727864 0.055788493156433104 0.1818820529513889
1 0.6267311751842499 0.9588972303602431 0.05346235036849976 0.08220553927951389
0 0.2470548391342163 0.39284142388237847 0.0348665714263916 0.10162376827663845
0 0.5034637808799743 0.3314674801296658 0.02078368663787842 0.07124862670898438
1 0.7416028439998626 0.4771938959757487 0.03528794050216675 0.10140618218315972
0 0.38259833455085757 0.22518103917439777 0.011805367469787598 0.04395906660291884
0 0.42575419545173643 0.1623836358388265 0.008613836765289307 0.03315055635240343
0 0.5564520955085754 0.18524587949117025 0.010175681114196778 0.04040954377916124
0 0.4188631474971771 0.14436232248942057 0.00800231695175171 0.026789029439290363
1 0.6284021697938442 0.3311167700423135 0.021897979080677032 0.06748641663127475
1 0.7506365001201629 0.5777161704169379 0.039150702953338626 0.12860395643446182
1 0.8285448312759399 0.6943651517232259 0.05184750556945801 0.1544345219930013
0 0.32319341171532867 0.3350180427233378 0.005761823430657387 0.04556604756249322
0 0.4094554543495178 0.18478280703226727 0.008011627197265624 0.03659418953789605
0 0.46529836654663087 0.18748970561557346 0.00858156681060791 0.0358102904425727
