0 0.6881636261940003 0.4528182135687934 0.02360208034515381 0.09733835856119792
0 0.39240100383758547 0.6411724514431424 0.052443075180053714 0.14463310241699218
0 0.33522257804870603 0.7167903476291233 0.043676114082336424 0.16541769239637588
0 0.38134108781814574 0.3122223324245877 0.01688220500946045 0.06557193332248264
0 0.4137472599744797 0.26313109927707246 0.014921575784683228 0.054075664944118924
0 0.6153402090072632 0.2841173595852322 0.016050243377685548 0.05872052510579427
0 0.5112351894378662 0.6249629550509983 0.04358034133911133 0.147274907430013
0 0.66734219789505 0.3022603458828396 0.017209076881408693 0.06027914683024089
0 0.6515030145645142 0.5066957897610135 0.02529435157775879 0.11206525166829427
0 0.46743602156639097 0.4008608924018012 0.028007566928863525 0.09500698513454861
0 0.651143217086792 0.8339085896809896 0.05651102066040039 0.18643324110243056
0 0.7663817405700684 0.6290894826253255 0.034189367294311525 0.14795896742078993
0 0.8705257415771485 0.8163272433810764 0.05118637084960938 0.18000149197048612
0 0.3868300288915634 0.24266498353746202 0.01528610587120056 0.05616156260172526
0 0.14971159696578978 0.5231289333767362 0.03883745670318604 0.12014838324652778
3 0.5697134017944336 0.27498292922973633 0.05837626457214355 0.1284603754679362
0 0.8051509857177734 0.5241207546657987 0.0313382625579834 0.115765380859375
0 0.26048126220703127 0.43348685370551215 0.05599219799041748 0.09881706237792968
0 0.3698453426361084 0.3727436807420519 0.02108306884765625 0.08407204945882162
0 0.4691913425922394 0.22691124810112848 0.012334191799163818 0.04975145128038194
0 0.3023744344711304 0.3701529820760091 0.020950126647949218 0.08244641621907552
0 0.34906243830919265 0.3650593015882704 0.019409498572349547 0.08147434658474392
0 0.4813279628753662 0.824193827311198 0.0662846565246582 0.18354856703016492
0 0.6125360012054444 0.38128493626912435 0.021610307693481445 0.08373292287190755
0 0.569699478149414 0.6770217471652561 0.03977837562561035 0.12661497328016494
0 0.7379985332489014 0.515733167860243 0.03618021011352539 0.1179931640625
0 0.6532086372375489 0.3329498608907064 0.018642663955688477 0.0665506362915039
0 0.7007623791694642 0.3436284171210395 0.01904165744781494 0.07205551995171441
1 0.47028099596500395 0.5224139319525825 0.13100540041923522 0.1833995395236545
0 0.08571766614913941 0.3625791337754991 0.05404151082038879 0.08051342434353298
0 0.6054235219955444 0.21085953182644315 0.01271352767944336 0.0446052975124783
0 0.3268435835838318 0.3242435137430827 0.018953919410705566 0.07828841739230685
0 0.4155966728925705 0.22298173904418944 0.011911875009536744 0.04658561282687717
0 0.5957056999206543 0.9225611368815104 0.06113801002502441 0.13740675184461806
0 0.5862163543701172 0.7803817749023437 0.04398703575134277 0.15836660597059463
0 0.14277944564819336 0.719874996609158 0.03980642557144165 0.14720916748046875
1 0.21687703132629393 0.40399178398980035 0.12136809825897217 0.09588610331217448
0 0.040396326780319215 0.5100448184543186 0.0579372763633728 0.11129040188259548
0 0.6266180858016014 0.38704161908891466 0.015095040202140808 0.04737248420715332
0 0.3510847806930542 0.26549436781141494 0.014617109298706054 0.059332953559027776
0 0.566474723815918 0.19505681461758084 0.011092090606689453 0.039394071367051864
0 0.7295800685882569 0.3816936492919922 0.03242950439453125 0.09049546983506944
0 0.5407674789428711 0.7975974188910591 0.06652007102966309 0.16217269897460937
0 0.6543456196784974 0.44035494062635633 0.025164294242858886 0.10000199211968316
0 0.6286379635334015 0.32006977929009334 0.01920185089111328 0.04833234151204427
1 0.7272623896598815 0.392867292298211 0.030046296119689942 0.05700121455722385
0 0.5459388613700866 0.17338848114013672 0.009428143501281738 0.03485425313313802
0 0.9641990661621094 0.830249532063802 0.058084869384765626 0.17270804511176216
0 0.504888391494751 0.45167874230278865 0.026065516471862792 0.07096375359429254
0 0.5294633388519288 0.1629963133070204 0.008512020111083984 0.03212479485405816
0 0.436451917886734 0.14810249540540907 0.00884336233139038 0.031080796983506943
0 0.5568894147872925 0.17446984714931912 0.008696794509887695 0.034234735700819224
0 0.42312116324901583 0.19027661747402616 0.00983017086982727 0.036529488033718534
0 0.14290403127670287 0.8438925849066841 0.04519033432006836 0.19124086168077256
1 0.7417427241802216 0.49621014065212676 0.05123046636581421 0.1413369920518663
0 0.7149238228797913 0.38306893242730033 0.010603737831115723 0.05995072258843316
3 0.649288010597229 0.8290102640787761 0.07843542098999023 0.18570802476671006
0 0.5109381318092346 0.15254677666558158 0.007781338691711426 0.030759345160590278
0 0.5216129302978516 0.15405816502041286 0.007141733169555664 0.028767999013264975
0 0.5374501705169678 0.1546569135453966 0.007746171951293945 0.02962963316175673
1 0.33413835763931277 0.709991889529758 0.0585552453994751 0.16388505299886066
2 0.47103333473205566 0.5210426754421658 0.1378920555114746 0.1923500484890408
0 0.5125268697738647 0.30524781545003254 0.033977508544921875 0.06559507581922742
0 0.6574289411306381 0.38842650519476996 0.0254861056804657 0.06165907118055555
1 0.3920280233025551 0.6442997614542644 0.06540612876415253 0.15039210849338108
0 0.8151177525520324 0.43215785556369357 0.022045588493347167 0.061770121256510414
1 0.6572029083967209 0.39169279204474555 0.023526066541671754 0.05181561575995551
0 0.6279147364199161 0.3559570842319065 0.020520298182964324 0.05418826209174262
1 0.08870436847209931 0.37025183571709525 0.05260539650917053 0.05689606136745877
0 0.4147521764039993 0.13397973908318414 0.007648593187332154 0.02686950895521376
0 0.012802620232105256 0.8748202853732638 0.02510715425014496 0.12109773423936632
1 0.6959439516067505 0.3047760804494222 0.017019319534301757 0.031774383121066625
1 0.689236456155777 0.4531890286339654 0.027777993679046632 0.09347846772935656
0 0.3654549837112427 0.18692534764607746 0.012500190734863281 0.040803718566894534
1 0.4788042545318604 0.8111599816216363 0.07690486907958985 0.13033854166666667
0 0.9854392170906067 0.4198118156856961 0.020018839836120607 0.04539132648044163
0 0.5284723520278931 0.32271576258871293 0.015816974639892577 0.04594537284639147
0 0.7562818109989167 0.5131002955966526 0.022353780269622803 0.06302382151285807
1 0.9360988974571228 0.6630981869167751 0.05803263187408447 0.09521738688151042
0 0.6365194141864776 0.2276996612548828 0.013398450613021851 0.04275796678331163
0 0.34701606035232546 0.32868774268362255 0.01075451374053955 0.041309323575761586
