0 0.6767969280481339 0.29321358998616537 0.02583147883415222 0.07245262993706597
0 0.8892676353454589 0.6432266235351562 0.060453033447265624 0.15908758375379775
0 0.6402147650718689 0.28754410213894316 0.02706329822540283 0.07008518642849393
1 0.5664788961410523 0.30377072228325736 0.05692911148071289 0.0930434332953559
1 0.5780282735824585 0.38575223286946614 0.06224865913391113 0.11574113633897569
0 0.36213127374649046 0.2829867998758952 0.026742148399353027 0.0705264409383138
1 0.6289769172668457 0.5443271266089545 0.09356923103332519 0.19492343266805012
0 0.3711710810661316 0.22615317238701715 0.017586779594421387 0.061937565273708764
0 0.3980176091194153 0.31519988377888997 0.024842262268066406 0.08568231794569227
0 0.7191809892654419 0.40458045535617404 0.037116503715515135 0.101476075914171
1 0.8890229940414429 0.6447056028578017 0.06623554229736328 0.15827547709147136
0 0.6785894513130188 0.4097796758015951 0.03151366710662842 0.10026359558105469
0 0.7013777375221253 0.3124884393480089 0.02778360843658447 0.09159552256266276
0 0.07573723793029785 0.3984774271647135 0.05712976455688477 0.07007492913140191
2 0.5762498140335083 0.3665354781680637 0.07129645347595215 0.15529317855834962
0 0.3976528972387314 0.40091876453823516 0.032972902059555054 0.06014155281914605
0 0.39932419657707213 0.20154314041137694 0.016031837463378905 0.04887366824679905
0 0.658462393283844 0.283414183722602 0.015071702003479005 0.06163711547851562
