2 0.6445148348808288 0.27960638470119903 0.11758391857147217 0.22188599904378256
0 0.7896509170532227 0.4585895114474826 0.042672348022460935 0.10218077765570746
1 0.7884407877922058 0.4586565653483073 0.05569655895233154 0.11833758884006076
0 0.7506733894348144 0.3739725324842665 0.03562254905700683 0.09755113389756945
0 0.8747851371765136 0.5755509270562066 0.05156574249267578 0.13554517957899306
0 0.07956220507621765 0.3994149949815538 0.06633750200271607 0.08686086866590711
0 0.6137379050254822 0.4714370091756185 0.03243000507354736 0.09773131476508247
3 0.7892085611820221 0.458588006761339 0.05216439962387085 0.11511853535970053
1 0.07956418842077255 0.39999359978569876 0.07821533977985382 0.1056042989095052
0 0.4446269035339355 0.15146819750467935 0.012843012809753418 0.03649939431084527
0 0.6003116488456726 0.20110872056749132 0.015397191047668457 0.04590322706434462
0 0.40727421045303347 0.16156679259406195 0.014203643798828125 0.03513065973917643
0 0.3820746302604675 0.19014832178751628 0.01417529582977295 0.039335611131456165
0 0.39034457206726075 0.1670447720421685 0.01445521116256714 0.037453450096978085
