1 0.2977558016777039 0.40975198745727537 0.056762099266052246 0.11981283823649089
1 0.5303685903549195 0.2339255968729655 0.0410886287689209 0.07012763553195529
0 0.1670071601867676 0.5541876051161024 0.05973001718521118 0.1522228240966797
1 0.16877005100250245 0.5590562290615506 0.07368235588073731 0.15546016693115233
0 0.3458986509591341 0.3084787474738227 0.03258165940642357 0.07377160390218099
0 0.6182931404560804 0.17728453742133246 0.013388926535844803 0.0399263170030382
0 0.7001286506652832 0.3038312170240614 0.029628777503967287 0.07135846879747179
0 0.36272490918636324 0.3898216035630968 0.029351133108139037 0.09911986456976997
0 0.07688665986061097 0.3955485026041667 0.05454334020614624 0.0803951687282986
0 0.4089915841817856 0.2464336183336046 0.0185488760471344 0.0632344987657335
0 0.3977911174297333 0.17088145150078668 0.010985338687896728 0.03783117930094401
0 0.3780432939529419 0.21410663392808701 0.017980539798736574 0.058981895446777344
0 0.39813545644283294 0.19767379760742188 0.013169914484024048 0.040987184312608504
0 0.3832998752593994 0.3154031965467665 0.02558290958404541 0.08468534681532118
0 0.37075099945068357 0.25988907284206814 0.01940317153930664 0.049110158284505205
0 0.29953513145446775 0.4090425703260634 0.047899508476257326 0.10647532145182291
0 0.09214209318161011 0.8218011644151476 0.09268026947975158 0.23121846516927083
0 0.42039904594421384 0.21595109303792318 0.014612293243408203 0.056705008612738715
1 0.0759856179356575 0.396821403503418 0.05835116803646088 0.10428208245171441
0 0.40707754492759707 0.14463470247056748 0.009891724586486817 0.032110871209038626
0 0.39026945531368257 0.21162359449598525 0.013704532384872436 0.05005912780761719
2 0.4858377158641815 0.2164648797776964 0.06065303087234497 0.14355674319797093
1 0.3484800696372986 0.3084569507175022 0.039799857139587405 0.08225695292154948
0 0.40750359296798705 0.1941335572136773 0.0106836199760437 0.04067147572835286
3 0.4859761893749237 0.22042020161946616 0.05854388475418091 0.13242937723795573
