0 0.10535801649093628 0.7585781521267361 0.07394116520881652 0.16950522528754342
0 0.7571239292621612 0.43016024695502386 0.03880895376205444 0.10354330274793837
0 0.9629840850830078 0.8389959547254774 0.07347412109375 0.1893498738606771
0 0.6746610432863236 0.296567259894477 0.024899166822433472 0.07113011678059895
1 0.3845925986766815 0.3082439210679796 0.06141562461853027 0.1482227325439453
0 0.7124829381704331 0.401590092976888 0.03200038075447083 0.10142135620117188
0 0.3414907455444336 0.4516889360215929 0.04893772602081299 0.12254426744249132
0 0.6332928657531738 0.30220773484971786 0.026888418197631835 0.07759325239393446
0 0.37001609802246094 0.24134141074286566 0.024062812328338623 0.05797621409098307
1 0.3400777578353882 0.4519053724077013 0.0622960090637207 0.13345126046074762
0 0.41913968324661255 0.14118673536512588 0.009513211250305176 0.03212591807047526
0 0.07709280252456666 0.3968499925401476 0.05595664978027344 0.08067186143663195
0 0.37790104150772097 0.19635433620876735 0.015508997440338134 0.04229193793402778
0 0.5647145986557007 0.13978321817186143 0.008698129653930664 0.031260946061876085
0 0.6378080248832703 0.26007692548963757 0.016698354482650758 0.04054217868381076
0 0.4089871346950531 0.14160466723971896 0.009951984882354737 0.032092518276638456
1 0.6343037448823452 0.30392141342163087 0.0351961687207222 0.09046976301405164
0 0.6531901359558105 0.3103367699517144 0.021825408935546874 0.07471764882405599
0 0.3980183571577072 0.14818407694498698 0.011810153722763062 0.03684953053792318
0 0.39082913398742675 0.18861591551038953 0.017205524444580077 0.04563757578531901
3 0.3674030780792236 0.2973508834838867 0.06275391578674316 0.18834063212076824
0 0.5594260811805725 0.12917142974005805 0.008588576316833496 0.034526983896891274
0 0.44145541787147524 0.14116603003607855 0.008833563327789307 0.030684322781032985
