1 0.4272181004285812 0.3436689058939616 0.05785284638404846 0.10221144358317057
0 0.680072009563446 0.2629053751627604 0.021960949897766112 0.062122938368055554
0 0.5402738213539123 0.27863526874118383 0.027858567237854005 0.075606812371148
0 0.3330098253209144 0.27538060082329646 0.022727436479181053 0.06834598117404514
0 0.7116680949926376 0.3193611356947157 0.026545721292495727 0.07463061014811198
0 0.3548554465174675 0.2836738586425781 0.025802192091941834 0.07087682088216146
0 0.07746122479438781 0.393011220296224 0.05670884847640991 0.07790936364067926
0 0.23386101722717284 0.375923220316569 0.030073261260986327 0.0881262461344401
0 0.5998824954032898 0.18088165389166938 0.01401069164276123 0.039612992604573564
0 0.2887139081954956 0.3798129187689887 0.028897857666015624 0.09084531995985243
0 0.25274579524993895 0.447198486328125 0.034579896926879884 0.12093370225694444
0 0.38198918402194976 0.3146252498030663 0.019917720556259157 0.04842657016383277
0 0.39430487155914307 0.2678433736165365 0.021693944931030273 0.06545060475667318
1 0.5709215641021729 0.15921201176113553 0.030376291275024413 0.05814051098293728
0 0.34713355302810667 0.3336013939645555 0.014304709434509278 0.04049749639299181
0 0.3815597265958786 0.2487476560804579 0.01794024109840393 0.06072438557942708
3 0.2878751754760742 0.709175067477756 0.2515360593795776 0.5709990607367621
0 0.3140297055244446 0.3345135158962674 0.026505017280578615 0.06659037272135417
1 0.45887457132339476 0.1998581886291504 0.03844728469848633 0.09529738956027561
0 0.4384110033512115 0.2129680633544922 0.015089213848114014 0.05227508544921875
0 0.60377147346735 0.149862183464898 0.007542946934700012 0.03406172858344184
1 0.2918202877044678 0.35524124171998767 0.03146352767944336 0.050046229362487794
0 0.325413179397583 0.35156054894129435 0.016687726974487303 0.04546610779232449
0 0.3035287618637085 0.280309444003635 0.019553184509277344 0.05442292955186632
0 0.21951651573181152 0.42341512574089896 0.023134660720825196 0.07635986540052626
