1 0.43567703664302826 0.2865540610419379 0.055601459741592404 0.11015226576063368
1 0.1668276607990265 0.5157903141445583 0.055320894718170165 0.15237051645914715
0 0.3053048849105835 0.4259223090277778 0.039872026443481444 0.11816800435384114
0 0.422513073682785 0.19647303687201606 0.01380065679550171 0.0503851572672526
0 0.8563747406005859 0.8518098619249131 0.09179840087890626 0.25136676364474825
0 0.23739385604858398 0.6851894802517361 0.050099301338195804 0.18265936109754774
0 0.16845016479492186 0.5174899631076388 0.04423154592514038 0.13339864942762586
0 0.5949759125709534 0.25985900031195747 0.02282593250274658 0.06259837680392795
0 0.40199277698993685 0.22027552922566732 0.016519194841384886 0.0488955815633138
0 0.38552334904670715 0.2627241982354058 0.025481784343719484 0.057943301730685765
3 0.8598267197608948 0.8580536100599501 0.125480055809021 0.2838927798800998
0 0.35505860596895217 0.20377831988864475 0.017087289690971376 0.04949512481689453
0 0.3633422821760178 0.2566315121120877 0.019572299718856812 0.0628891838921441
0 0.39206752479076384 0.20620367262098524 0.017651671171188356 0.060269461737738714
0 0.09497253894805908 0.405500406689114 0.02507166862487793 0.05966770384046766
0 0.3368130358867347 0.29733917448255753 0.028365247882902622 0.07583531273735894
0 0.570194661617279 0.13799502584669326 0.011302590370178223 0.03369167115953234
0 0.11073882579803467 0.7291063944498698 0.05727744102478027 0.17400953504774305
0 0.4340258717536926 0.17295301755269368 0.010523176193237305 0.040497536129421655
0 0.3241638422012329 0.26479466756184894 0.016995859146118165 0.053778118557400174
