1 0.4393317461013794 0.2251042260064019 0.04509735107421875 0.08286391364203559
0 0.6647627830505372 0.40548409356011283 0.04650521278381348 0.11098815070258247
0 0.36566458493471143 0.2707212660047743 0.0234002560377121 0.07091797722710504
0 0.19934245347976684 0.46420487297905816 0.041083788871765135 0.1147674560546875
1 0.6632662177085876 0.40876477029588487 0.05683400630950928 0.12926420635647243
0 0.7845815658569336 0.40920236375596786 0.04499058723449707 0.10024778578016492
0 0.618884801864624 0.22786341773139107 0.02781820297241211 0.0653983645968967
0 0.07517625093460083 0.3963188171386719 0.05428794026374817 0.08550025092230903
0 0.5957555294036865 0.20182324515448677 0.01717071533203125 0.04211054907904731
0 0.3735972687602043 0.3386617766486274 0.02154013216495514 0.08466773562961155
0 0.3923644036054611 0.21648818122016059 0.017843860387802123 0.04954626295301649
0 0.3892042934894562 0.18121895260281032 0.015198898315429688 0.04048915439181858
0 0.4215360164642334 0.17404463026258682 0.011680674552917481 0.03901702033148872
0 0.7139426231384277 0.419573720296224 0.04095892906188965 0.11387384202745225
0 0.5356563448905944 0.27126276228162977 0.028847384452819824 0.0774757809109158
1 0.780763852596283 0.41041332880655923 0.05730235576629639 0.12123317718505859
0 0.421621373295784 0.23021701176961262 0.017121213674545287 0.056831508212619355
1 0.710427775979042 0.4224403805202908 0.0607984721660614 0.13247646755642362
0 0.4100591570138931 0.1601161215040419 0.011486893892288208 0.03898224300808377
0 0.7106096506118774 0.36353203455607097 0.01920018196105957 0.07799193064371744
0 0.43438354730606077 0.11149493323432075 0.008314561843872071 0.02511528862847222
