0 0.6574498832225799 0.2434636010064019 0.019192540645599367 0.05954678853352865
1 0.2990452885627747 0.4970951451195611 0.046789908409118654 0.13018812603420682
0 0.3601312398910522 0.3478687604268392 0.029613256454467773 0.07045807308620877
0 0.745870190858841 0.4395710627237956 0.03968225717544556 0.114275148179796
1 0.7453688621520996 0.44008321232265896 0.04662933349609375 0.12348296907213
0 0.5732775568962097 0.17590896288553873 0.017476105690002443 0.04649614757961697
0 0.35059915855526924 0.2144467141893175 0.014109294116497039 0.048480288187662764
0 0.5641377806663513 0.1397572570376926 0.010164189338684081 0.03147933748033312
0 0.30053038597106935 0.504533216688368 0.038372921943664554 0.12591031392415364
0 0.2729964256286621 0.4176996125115289 0.023809099197387697 0.05032471550835504
0 0.43574156761169436 0.15615019268459743 0.012260818481445312 0.038779364691840276
0 0.09464044868946075 0.4061611440446642 0.02568601965904236 0.06023321151733398
0 0.06398414671421052 0.39985538058810766 0.03346578478813171 0.07923872205946181
