2 0.749722957611084 0.5443408966064454 0.14480438232421874 0.26278644137912327
0 0.6276140667498111 0.2159097777472602 0.016141919791698454 0.04940166473388672
1 0.23784964084625243 0.4344079547458225 0.05018014907836914 0.11403897603352865
0 0.23782021999359132 0.4350881788465712 0.040054702758789064 0.10352516174316406
1 0.585537338256836 0.47403204176161023 0.1055269718170166 0.20640165540907118
0 0.3349429862573743 0.30469388961791993 0.021523710712790488 0.06302356719970703
0 0.6464042901992798 0.22252062691582575 0.01723928451538086 0.05226760440402561
0 0.3648564115166664 0.21148395538330078 0.01598500907421112 0.05021107991536458
0 0.7118631184101105 0.3971378750271267 0.03153589963912964 0.08135257297092013
1 0.30011669397354124 0.43401124742296004 0.05017578601837158 0.12028138902452257
3 0.7751055777072906 0.518584336174859 0.14938315153121948 0.3208446502685547
0 0.3421309024095535 0.3435801929897732 0.022826403379440308 0.08225447336832682
0 0.3910470336675644 0.17635395261976455 0.014399796724319458 0.047619099087185326
0 0.07591011524200439 0.39502656724717883 0.05599312782287598 0.08351893954806858
0 0.36560182422399523 0.26725901497734916 0.02399972975254059 0.06733786265055339
0 0.3009511709213257 0.43041631910536027 0.04565472602844238 0.11433215671115451
0 0.5960110187530517 0.192389620674981 0.014000749588012696 0.03652944564819336
0 0.3817150890827179 0.2289501190185547 0.017883872985839842 0.056081856621636283
0 0.4146638333797455 0.19835746023390027 0.01387556791305542 0.04909722010294596
0 0.5915271878242493 0.2673926777309842 0.02158334255218506 0.05519911448160807
0 0.411181378364563 0.1500845061408149 0.010695695877075195 0.03652949863009983
0 0.5068209648132325 0.28729841444227433 0.02839369773864746 0.07244805230034722
1 0.4777980327606201 0.35519949860043 0.026366782188415528 0.048346853256225585
2 0.5808246195316314 0.47929040061102973 0.1220319151878357 0.24989965226915148
