1 0.3610235214233398 0.7323699951171875 0.13682239055633544 0.35214029947916664
0 0.6598777890205383 0.3099466217888726 0.037993884086608885 0.09370759328206381
0 0.3471826910972595 0.3091356701321072 0.032202649116516116 0.07588306003146701
0 0.2070763349533081 0.4506156497531467 0.0429929256439209 0.10418997870551215
0 0.2568721532821655 0.5420561896430122 0.048407793045043945 0.129556147257487
0 0.16838226318359376 0.5558619181315104 0.048703670501708984 0.11768540276421441
0 0.07505006790161133 0.3945601145426432 0.05863208174705505 0.08886345757378472
1 0.1677468955516815 0.5587507459852431 0.061106884479522706 0.14257922702365453
1 0.536029577255249 0.24211752149793836 0.04504384994506836 0.09968316819932725
1 0.5390723526477814 0.3276659541659885 0.04744862318038941 0.11308324601915147
0 0.6174739480018616 0.17848163180881077 0.01608288288116455 0.04001460605197483
1 0.6594583675265312 0.3106517367892795 0.03539508879184723 0.09075783623589409
0 0.360712456703186 0.21382514105902778 0.024537718296051024 0.06399866739908854
0 0.2845345973968506 0.43434020148383246 0.04318492412567139 0.11044370863172744
0 0.3955294728279114 0.18850066396925186 0.013711118698120117 0.042550182342529295
0 0.5680106997489929 0.1472372161017524 0.013384413719177247 0.038607809278700084
0 0.540523624420166 0.3231151580810547 0.030293798446655272 0.0889201905992296
1 0.2534010887145996 0.5490307066175673 0.06169414520263672 0.14302338494194877
2 0.5058940410614013 0.19036081631978352 0.09906568527221679 0.1891177177429199
1 0.2837385654449463 0.44073577721913654 0.05926570892333984 0.12662806510925292
0 0.3827101826667786 0.20859579510158963 0.02097451686859131 0.0650564193725586
3 0.29955415725708007 0.40323001344998677 0.09382414817810059 0.2011843721071879
0 0.45330086946487425 0.31736626161469356 0.015703582763671876 0.03933386140399509
0 0.6182213544845581 0.26241483688354494 0.03144235610961914 0.07355259789360893
0 0.43718952536582945 0.4016581826739841 0.019434249401092528 0.04971390300326877
