0 0.2369231939315796 0.5855529361300998 0.06397528648376465 0.15166990492078994
1 0.775376695394516 0.5037001503838433 0.05512334108352661 0.13559998406304252
0 0.7748364925384521 0.5076104905870226 0.04886503219604492 0.11568569607204861
0 0.04102258682250977 0.6961676703559028 0.07559823989868164 0.18641696506076388
0 0.2855514645576477 0.3401677661471897 0.031857085227966306 0.08481085035536025
0 0.627112640440464 0.29573153389824763 0.027187088131904603 0.07274867163764107
0 0.6492451503872871 0.2787420590718587 0.02469036281108856 0.07442709604899088
0 0.371445894241333 0.459116088019477 0.03262777328491211 0.10201454162597656
0 0.6171931624412537 0.23025148179796007 0.022785067558288574 0.06416197882758247
0 0.7313406944274903 0.5572296142578125 0.045697784423828124 0.14760763380262587
0 0.7392772197723388 0.35499619377983943 0.03248891830444336 0.08984909057617188
0 0.5532477974891663 0.31623349719577365 0.024945664405822753 0.06887429555257162
0 0.3905432164669037 0.22390038172403973 0.020373892784118653 0.05724527570936415
0 0.07590303421020508 0.39466285705566406 0.056159019470214844 0.07753219604492187
1 0.23655335307121278 0.5867576175265842 0.082508385181427 0.17943869696723092
1 0.046194695844314994 0.6526859283447266 0.0912448298651725 0.11685036553276909
2 0.23691158294677733 0.587060186598036 0.08335552215576172 0.17434586418999565
0 0.42503862380981444 0.27156395382351345 0.02947840690612793 0.07688373989529079
1 0.4256093889474869 0.26694414350721574 0.03681396842002869 0.08398475646972656
3 0.499221009016037 0.21593896018134223 0.07194968461990356 0.1496654298570421
0 0.3667929291725159 0.17946782112121581 0.01567962169647217 0.03953911463419597
