1 0.2216276168823242 0.5437995645734999 0.07614521980285645 0.16758347617255318
0 0.7862269401550293 0.48863304985894096 0.052301025390625 0.14425862630208333
1 0.7861386358737945 0.49109766218397355 0.06328591108322143 0.14044617546929253
0 0.2208463430404663 0.5448423597547744 0.06702384948730469 0.1510082244873047
0 0.7899372577667236 0.6567714267306858 0.06491079330444335 0.1792202419704861
0 0.3453473448753357 0.353333494398329 0.02306593060493469 0.07326253255208333
0 0.24563243389129638 0.3797637833489312 0.04004068374633789 0.09452059004041884
0 0.35589785426855086 0.2966353522406684 0.02519753873348236 0.06631800333658854
0 0.36478495597839355 0.3853133307562934 0.03316853046417236 0.1038063473171658
0 0.7089747428894043 0.4039072672526042 0.0381162166595459 0.11052530076768663
0 0.07599794864654541 0.39729338751898874 0.05686607360839844 0.0906937493218316
0 0.6910857200622559 0.80972900390625 0.08013763427734374 0.20828090243869357
0 0.3780176118016243 0.20228792296515571 0.016605934500694274 0.0517104360792372
0 0.33058968882542106 0.26951674355400934 0.01925335922278464 0.07110424041748047
1 0.7913654029369355 0.654677168528239 0.07930423021316528 0.18867804209391276
0 0.41520469486713407 0.16802226702372233 0.01077215075492859 0.03725695080227322
0 0.3945115774869919 0.2055228763156467 0.01600162386894226 0.05642500983344184
1 0.24581582546234132 0.3809459368387858 0.042558717727661136 0.09569700029161242
0 0.6380393981933594 0.2572452757093642 0.0213714599609375 0.07159559461805555
0 0.39726026356220245 0.1491262118021647 0.011266094446182252 0.036231740315755205
1 0.4383960008621216 0.21722335815429689 0.018943071365356445 0.059412977430555555
0 0.7111135840415954 0.3603890313042535 0.017648530006408692 0.07473636203342014
3 0.7902818918228149 0.6485775099860297 0.07496185302734375 0.18661751217312283
0 0.4473617374897003 0.14617464807298447 0.00937107801437378 0.03210094239976671
0 0.10701362192630767 0.2881739722357856 0.027452343702316286 0.054157723320855035
2 0.7908533334732055 0.6570985264248318 0.07248148918151856 0.18656249576144748
0 0.3786471664905548 0.25012263192070855 0.02057492733001709 0.05748318566216363
