2 0.8216464996337891 0.7052503797743056 0.34598302841186523 0.5894992404513889
1 0.21547595262527466 0.48942836655510796 0.06544768810272217 0.13734165827433267
1 0.5563741207122803 0.36009405983818904 0.06834311485290527 0.14196143680148654
0 0.6804902791976929 0.29084106021457246 0.023395395278930663 0.08019455803765191
0 0.07733947038650513 0.3954289330376519 0.06048891544342041 0.08424286312527127
0 0.6593318819999695 0.26629083421495225 0.022585034370422363 0.06771312289767795
0 0.3930474638938904 0.25777359008789064 0.024340105056762696 0.06709988911946614
0 0.21465611457824707 0.49218868679470484 0.0562018632888794 0.11973605685763888
0 0.6310724921524524 0.22484855651855468 0.019721387326717375 0.05045907762315538
0 0.5836818814277649 0.14634094768100314 0.01124560832977295 0.03649947908189562
0 0.33459921956527977 0.29382618798149956 0.027641680231317876 0.07881050109863282
0 0.365594756603241 0.21665876176622179 0.01951892375946045 0.05376510620117188
0 0.6215258955955505 0.19544495476616752 0.014290165901184083 0.04398549397786458
1 0.07610594034194947 0.3944568422105577 0.05703260898590088 0.09814058939615886
1 0.3227513313293457 0.2969874487982856 0.05591268539428711 0.10467393663194445
3 0.5091299593448639 0.1809934139251709 0.08603256940841675 0.13104867935180664
0 0.6975520342588425 0.6463368309868707 0.03065541386604309 0.10103191799587674
2 0.5549385905265808 0.35950146114660636 0.06704075336456299 0.13854273963305686
0 0.7859937131404877 0.6434955173068576 0.024128925800323487 0.07407251993815105
1 0.4310290217399597 0.19696642557779948 0.024025225639343263 0.047626156277126734
0 0.5406460165977478 0.12410746680365668 0.008158993721008301 0.028227445814344616
0 0.4073709398508072 0.138106812371148 0.009310942888259888 0.03476458655463325
