0 0.1825923204421997 0.44684056176079645 0.04226531982421875 0.09821417066786024
0 0.12089157104492188 0.7384134928385416 0.06499608755111694 0.16419906616210939
0 0.6558855772018433 0.35181299845377606 0.03862142562866211 0.10207316080729166
0 0.06770945787429809 0.6380229949951172 0.05451326966285706 0.1591482374403212
0 0.298078191280365 0.3216339959038628 0.028023314476013184 0.0837537129720052
0 0.33857200145721433 0.35083789825439454 0.026134347915649413 0.08341212802463108
0 0.23385517597198485 0.5081598493787978 0.04419207572937012 0.10972230699327257
1 0.5429671585559845 0.24680109024047853 0.052572333812713624 0.08216029273139105
1 0.6584095284342766 0.34862403869628905 0.04645333588123322 0.11315155029296875
1 0.06589774042367935 0.6411330858866374 0.063064906001091 0.1523467805650499
0 0.5713530540466308 0.14829194810655383 0.01096792221069336 0.03807907104492188
0 0.361250139772892 0.379151725769043 0.025632891058921813 0.08473777770996094
0 0.4055346965789795 0.13967738151550294 0.010284960269927979 0.02991242938571506
0 0.37439895421266556 0.21916237937079536 0.015629693865776062 0.04761575063069661
0 0.40369291305541993 0.26632013320922854 0.017189204692840576 0.05892314910888672
0 0.07656612396240234 0.3944751315646701 0.05642757415771484 0.08405367533365886
0 0.4134259968996048 0.3572031339009603 0.019480866193771363 0.056662729051378036
0 0.37711429595947266 0.27124671936035155 0.021160459518432616 0.06296051873101129
1 0.274397087097168 0.3570109089215597 0.03994383811950684 0.10951174894968668
0 0.4567264378070831 0.32403251859876847 0.030288565158843993 0.07803444332546658
0 0.17061662673950195 0.5400708516438802 0.04950202703475952 0.1102317386203342
0 0.2078420639038086 0.28115495045979816 0.04029827117919922 0.05608961317274305
0 0.27511937618255616 0.35069026947021487 0.02988295555114746 0.08259730868869358
0 0.5599416732788086 0.15772298177083333 0.011750888824462891 0.039220534430609806
1 0.1843854546546936 0.4450100156995985 0.046252083778381345 0.10515560574001737
0 0.4580463469028473 0.19005585776435005 0.013187873363494872 0.04011881086561415
1 0.5282214462757111 0.15902443991767035 0.028761231899261476 0.050934791564941406
3 0.4098302721977234 0.33832655238608517 0.038321852684020996 0.09712784513831138
0 0.422472220659256 0.17777585453457304 0.012042868137359618 0.03839385774400499
0 0.4144300132989883 0.19846232732137045 0.012193149328231812 0.04201827579074436
0 0.3923998922109604 0.22098140716552733 0.01867780089378357 0.04984003702799479
0 0.3965122848749161 0.16731246842278374 0.011647278070449829 0.029754098256429037
0 0.4624866783618927 0.14710619184705948 0.01272798776626587 0.03340829213460286
0 0.4201111763715744 0.27243766784667967 0.023420530557632446 0.05724241468641493
