1 0.6799278259277344 0.8401341756184896 0.13860549926757812 0.2640419006347656
0 0.45630807876586915 0.613985104031033 0.03107452392578125 0.1526279025607639
0 0.4454589903354645 0.46008163028293186 0.023051249980926513 0.11452318827311198
0 0.3749972298741341 0.4024811214870877 0.019649681448936463 0.08828879462348091
3 0.6012177467346191 0.5015555540720622 0.11146397590637207 0.23535858790079753
0 0.6286704659461975 0.3076205995347765 0.01710011959075928 0.07350307040744358
0 0.2759061813354492 0.6130167643229166 0.030983281135559083 0.1453784942626953
0 0.6543149158358574 0.39613672892252605 0.021280470490455627 0.08645087348090277
0 0.602029275894165 0.3072674963209364 0.015564870834350587 0.06308057573106554
0 0.40223356187343595 0.4925305896335178 0.023338550329208375 0.11579026116265191
0 0.46024408340454104 0.39209555519951717 0.02118637561798096 0.0935026592678494
0 0.4331518352031708 0.36410552130805124 0.018556058406829834 0.08060802883572049
0 0.2423599362373352 0.5090793079800076 0.025500845909118653 0.09012330373128255
0 0.5577562570571899 0.3010846773783366 0.01684703826904297 0.06619209713406032
0 0.5706821322441101 0.2523066414727105 0.012841439247131348 0.05663375854492188
0 0.31131768226623535 0.4400326199001736 0.026390910148620605 0.10111304389105903
0 0.14705703258514405 0.6905174255371094 0.041543316841125486 0.16233910454644096
0 0.2905562996864319 0.40889290703667536 0.021842026710510255 0.081304931640625
0 0.3574819087982178 0.6928880479600694 0.036477398872375486 0.1676934560139974
0 0.17635600566864013 0.7607081943088108 0.038796424865722656 0.17649383544921876
0 0.5833665609359742 0.32673235999213324 0.018333244323730468 0.07457567850748698
1 0.4506192088127136 0.3134511603249444 0.046822857856750486 0.049124542872111
0 0.10159165859222412 0.9025037129720052 0.05448746681213379 0.18792334662543403
0 0.25805275440216063 0.7609282599555122 0.04083375930786133 0.18092634412977432
0 0.3392995834350586 0.5275138854980469 0.02542750835418701 0.1237614525689019
0 0.392845356464386 0.3445458730061849 0.012844538688659668 0.05561676025390625
3 0.6592625498771667 0.8300839318169488 0.1220999002456665 0.30327640109592013
0 0.6243844747543335 0.2403114954630534 0.013544416427612305 0.05029754638671875
2 0.849892520904541 0.7113861083984375 0.28550095558166505 0.577227783203125
0 0.192679762840271 0.45691494411892364 0.027582228183746338 0.1109649658203125
0 0.6000338912010192 0.265537166595459 0.014105820655822754 0.05527689192030165
0 0.35240501165390015 0.34667089250352645 0.01936075687408447 0.06309072706434461
0 0.34550429582595826 0.4501445982191298 0.023720717430114745 0.07931624518500434
0 0.5722126126289367 0.1852869404686822 0.010143542289733886 0.03796692954169379
1 0.5459396243095398 0.12377315097384983 0.017174124717712402 0.028852674696180556
0 0.32978653656318785 0.2001061863369412 0.012719409726560115 0.044720225863986544
0 0.29601863622665403 0.33912635379367406 0.01977269649505615 0.06335733201768663
1 0.44708964228630066 0.14427509307861328 0.017542803287506105 0.03360527886284722
0 0.5559626936912536 0.16384609010484483 0.009248566627502442 0.035240491231282554
0 0.6247200727462768 0.3857903056674533 0.021166896820068358 0.06879855261908638
0 0.6991391658782959 0.43528247409396703 0.0259674072265625 0.1003633287217882
0 0.5248285114765168 0.31976250542534723 0.022182786464691163 0.07188491821289063
0 0.575096046924591 0.2214416609870063 0.011303305625915527 0.04781411488850911
0 0.3816621690988541 0.3052763303120931 0.012443751096725464 0.05619258880615234
0 0.4070037633180618 0.26275210910373265 0.01373860239982605 0.053566360473632814
0 0.5367279648780823 0.1591707918379042 0.008873438835144043 0.03658564885457357
1 0.5232434809207916 0.22351148393419054 0.031175506114959717 0.050158055623372395
0 0.39533246755599977 0.41519800821940106 0.009326577186584473 0.05681847466362847
0 0.3284566402435303 0.42083733876546225 0.022316408157348634 0.0665014902750651
1 0.41742898523807526 0.23316194746229385 0.03218678832054138 0.06986410352918837
3 0.6927250772714615 0.39332037501864964 0.03613526225090027 0.10878443188137478
0 0.40976032614707947 0.3984090911017524 0.01866648197174072 0.08639341990152995
0 0.21155190467834473 0.36925413343641494 0.04237849712371826 0.08439275953504774
0 0.24478424787521363 0.45862309667799206 0.02069733142852783 0.05692305035061306
0 0.6440899610519409 0.3581841786702474 0.01784210205078125 0.06378792656792534
0 0.27459280490875243 0.3085717519124349 0.016898202896118163 0.05372513665093316
0 0.3285755542106926 0.342728328704834 0.015457106195390225 0.05458215077718099
1 0.5040419340133667 0.13834247059292262 0.013723444938659669 0.027725336286756726
3 0.45250285267829893 0.26707880232069225 0.046197569370269774 0.123333740234375
0 0.3768701434135437 0.365626056989034 0.012153315544128417 0.04072136878967285
0 0.49877549409866334 0.29090251922607424 0.014626264572143555 0.06768773396809896
0 0.4226548194885254 0.18397317462497287 0.008698153495788574 0.03623477088080512
0 0.11073753833770753 0.35537126329210067 0.0508969783782959 0.07946495480007595
0 0.3212935090065002 0.3049199422200521 0.017525219917297365 0.05187636481391059
1 0.6269487082958222 0.5240322324964736 0.053897416591644286 0.19056214226616752
0 0.2590492844581604 0.680635600619846 0.03285624980926514 0.060951020982530385
3 0.9678657174110412 0.5736601670583089 0.06408965587615967 0.26234348085191517
0 0.5118900895118713 0.11241010030110678 0.005341720581054687 0.021246973673502603
0 0.6917418956756591 0.3774458991156684 0.02550811767578125 0.08606399959988065
0 0.7113472938537597 0.46051366064283583 0.01757650375366211 0.07286301718817817
1 0.428611746430397 0.16591783629523382 0.01810759902000427 0.03072447246975369
1 0.5162416458129883 0.17550883293151856 0.023113155364990236 0.052788130442301434
1 0.20816349387168884 0.3847639587190416 0.04014054536819458 0.04814218415154351
0 0.4328489363193512 0.1370990488264296 0.007193934917449951 0.02577962875366211
3 0.515490061044693 0.17507041295369466 0.02339581251144409 0.053286976284450956
0 0.436139851808548 0.19795808792114258 0.01022728681564331 0.04018005794949002
