0 0.1114841341972351 0.5012803395589193 0.07248561382293701 0.10600823296440973
1 0.17085875272750856 0.44738002353244355 0.15803182125091553 0.12213236490885417
0 0.5344337344169616 0.20353501637776691 0.011488509178161622 0.04618509080674913
0 0.5402726054191589 0.1477645821041531 0.007284808158874512 0.03055329852634006
0 0.5601041793823243 0.16778382725185817 0.00880746841430664 0.03689268959893121
0 0.3369760632514954 0.31964917712741425 0.01866786479949951 0.05842520395914714
0 0.5313907265663147 0.15817985004848903 0.007895302772521973 0.03212474187215169
0 0.6701566815376282 0.29867354498969184 0.01736571788787842 0.06314701504177517
1 0.5461163878440857 0.12489638328552247 0.016574406623840333 0.028508663177490234
0 0.3691372901201248 0.3110987769232856 0.019185322523117065 0.059274546305338544
0 0.40934094190597536 0.19010389645894368 0.009847438335418702 0.03994304868910048
0 0.5083683609962464 0.31916673448350696 0.019905591011047365 0.06919271681043837
0 0.43472787737846375 0.2949588669670953 0.018323051929473876 0.06800573137071397
3 0.4620885908603668 0.22541961669921876 0.04358447790145874 0.1681340535481771
1 0.4411497175693512 0.14447403483920626 0.015118348598480224 0.028017987145317926
0 0.4291897118091583 0.21954622268676757 0.010726416110992431 0.04405074649386936
2 0.1555680364370346 0.4339029762479994 0.1137897789478302 0.14832623269822862
0 0.6374801874160767 0.2267316500345866 0.014639663696289062 0.04596326616075304
0 0.6908855438232422 0.8989104376898871 0.044194269180297854 0.17276662190755207
0 0.5131991803646088 0.1405353758070204 0.007354676723480225 0.02912559509277344
1 0.9362293601036071 0.6628534317016601 0.06016814708709717 0.09651535881890191
0 0.5319441676139831 0.1345972432030572 0.0066425085067749025 0.02681324217054579
1 0.40873163044452665 0.2509439574347602 0.03643562197685242 0.08609642452663846
1 0.4928584635257721 0.11010173161824545 0.011048066616058349 0.02188002268473307
0 0.09927046895027161 0.36187348895602756 0.026817095279693604 0.04157310061984592
0 0.35750980377197267 0.30735004213121203 0.016434574127197267 0.05569697486029731
0 0.3996292680501938 0.213289123111301 0.01078994870185852 0.04289845360649957
0 0.30493091344833373 0.3097858746846517 0.01659204959869385 0.051189613342285153
