1 0.44145737290382386 0.336344231499566 0.044698894023895264 0.09763310750325521
1 0.6309179782867431 0.48896657625834145 0.0988128662109375 0.16231813430786132
0 0.30534006357192994 0.4765759997897678 0.025284790992736818 0.10058954026963976
0 0.2751786708831787 0.6528265635172527 0.033789443969726565 0.16157760620117187
0 0.20037612915039063 0.6742367638481988 0.03610885143280029 0.16638073391384547
0 0.3468183159828186 0.4084838231404622 0.022037053108215333 0.09439184400770399
0 0.6696251839399338 0.3372636053297255 0.02029927372932434 0.06873366038004557
0 0.11899936199188232 0.9045199076334636 0.05320118665695191 0.1823399861653646
0 0.6815682172775268 0.4368822945488824 0.02357769012451172 0.09429427252875434
0 0.7130910396575928 0.5612650129530165 0.028886890411376952 0.13461541069878472
1 0.5494544625282287 0.1933096726735433 0.025847458839416505 0.04368986553615994
0 0.07833030819892883 0.393989011976454 0.05494731664657593 0.08290328979492187
0 0.2328961133956909 0.5989728715684679 0.03109583854675293 0.14708260430230036
0 0.2858389377593994 0.42628072102864584 0.02232198715209961 0.08933207194010416
1 0.522024393081665 0.13689853880140518 0.015203285217285156 0.027875137329101563
0 0.8233509063720703 0.5897068871392144 0.034915924072265625 0.12931543986002605
0 0.35526714473962784 0.2531875822279188 0.012882271409034729 0.05159912109375
0 0.6359906435012818 0.2615228441026476 0.015122270584106446 0.05659048292371962
0 0.7670865535736084 0.5173469967312283 0.029578685760498047 0.11919258965386284
0 0.8157148361206055 0.7286912706163194 0.04593281745910645 0.1462201436360677
0 0.34476574659347536 0.34019846386379665 0.018259882926940918 0.06719981299506293
0 0.2404623508453369 0.49553214179144967 0.02796001434326172 0.11308742099338108
0 0.19177502393722534 0.9186720106336805 0.04901211261749268 0.1567337883843316
0 0.5852506160736084 0.25935755835639107 0.012907600402832032 0.05814285278320312
0 0.8845787048339844 0.7455926683213976 0.05185422897338867 0.15942145453559028
0 0.7244620323181152 0.4481791231367323 0.01661837100982666 0.0655604362487793
1 0.38375377655029297 0.29751277499728734 0.044536471366882324 0.0928600099351671
0 0.7729873657226562 0.6191279093424479 0.040753173828125 0.13458964029947917
0 0.3241954207420349 0.31860056983100044 0.01854403018951416 0.0712852054172092
0 0.7113149613142014 0.4670632044474284 0.02927306294441223 0.09160355461968316
0 0.5816529989242554 0.20610810385810005 0.011553239822387696 0.043050490485297306
0 0.9309614181518555 0.5104454040527344 0.05893220901489258 0.10085707770453559
0 0.336106139421463 0.2670585208468967 0.013826325535774231 0.0535758548312717
1 0.7724625408649445 0.6238085110982259 0.05378512144088745 0.12301269107394748
0 0.3166236519813538 0.40156805250379773 0.020952439308166503 0.07903679741753472
2 0.8863644599914551 0.9015552732679579 0.13341970443725587 0.1968894534640842
0 0.9275008201599121 0.8502976311577691 0.0544830322265625 0.18376583523220485
1 0.8870340347290039 0.9070131089952257 0.12306632995605468 0.1727389865451389
2 0.6399145185947418 0.49194543096754284 0.07982903718948364 0.16057799657185873
0 0.8947670340538025 0.6613621393839518 0.04858124256134033 0.09949794345431857
3 0.415288245677948 0.1942810641394721 0.03153071403503418 0.08535170025295681
0 0.3687182322144508 0.22877270380655926 0.014373001456260682 0.04660591549343533
1 0.4137154668569565 0.20717995431688097 0.02884536385536194 0.06315312915378146
0 0.3556856498122215 0.22019432915581597 0.013285383582115173 0.044074334038628475
0 0.9764721870422364 0.8216566297743055 0.045017433166503903 0.1678976270887587
0 0.3900864839553833 0.20477992163764105 0.008918237686157227 0.039179017808702254
3 0.7298979759216309 0.8838150024414062 0.2131927490234375 0.21869125366210937
3 0.3782335162162781 0.31571204662323 0.04105732440948486 0.05364631546868218
0 0.3011876106262207 0.386411362224155 0.0145965576171875 0.05509382353888618
3 0.4580226898193359 0.2569681803385417 0.042909097671508786 0.1161476559109158
3 0.5061141967773437 0.14385046429104276 0.017580032348632812 0.03919677734375
2 0.4167086511850357 0.1946768018934462 0.03416494727134704 0.08801049126519098
3 0.4651839315891266 0.1629163212246365 0.026146900653839112 0.06903887854682075
0 0.013984261453151703 0.4928610059950087 0.027755400538444518 0.0968928443060981
0 0.37803359031677247 0.1946076922946506 0.01157550811767578 0.046022457546657985
0 0.8114358901977539 0.43080550299750436 0.030108308792114256 0.09512312147352431
1 0.7081602454185486 0.46948996120029024 0.024304509162902832 0.09597728517320421
0 0.39307640492916107 0.1819478776719835 0.009695202112197876 0.03739852905273437
1 0.3909002304077148 0.2512068854437934 0.03287982940673828 0.06376325819227431
1 0.5059404611587525 0.14665288395351833 0.016572165489196777 0.03421513239542643
3 0.4920833885669708 0.10128221776750353 0.013443958759307862 0.030933925840589734
