0 0.3480730585753918 0.31179982291327585 0.028470607101917268 0.08703632354736328
0 0.07448006868362426 0.6988963656955295 0.06477792859077454 0.16225975884331598
3 0.22991263270378112 0.5945761521657308 0.14542399644851683 0.3452845785352919
1 0.22745697498321532 0.610794194539388 0.1193018913269043 0.2858300950792101
2 0.628252649307251 0.2607929229736328 0.09621567726135254 0.15130064222547743
0 0.3479427479207516 0.23787851333618165 0.020807214081287384 0.06573785146077474
1 0.25408785343170165 0.3784109963311089 0.042496442794799805 0.10004776848687066
0 0.2540747880935669 0.3796678966946072 0.03862156867980957 0.09617788526746962
0 0.636009507626295 0.37211825052897135 0.02692710906267166 0.09533682929144965
0 0.1758575677871704 0.48633384704589844 0.04306865930557251 0.11510526869032119
0 0.35296621471643447 0.1604931460486518 0.021001580357551574 0.029303158654106987
0 0.07671737670898438 0.39464984469943576 0.05629670023918152 0.08458716074625651
0 0.6007986545562745 0.20405563778347438 0.018950796127319335 0.041164271036783856
1 0.0726984202861786 0.6993112564086914 0.07027438879013062 0.17801958719889324
0 0.47234044671058656 0.18292079501681857 0.013600337505340575 0.03946931627061632
1 0.17829453945159912 0.47740855746799044 0.05999975204467774 0.14895799424913195
1 0.4204780399799347 0.1824363973405626 0.02514270544052124 0.041754097408718535
1 0.6254194726701826 0.3711602528889974 0.049256767798215154 0.11621170043945313
0 0.021735217422246933 0.37687638335757784 0.01419387012720108 0.03492603831821018
3 0.05065882690250874 0.34684348636203344 0.096605434268713 0.22133522033691405
