0 0.04216378629207611 0.7239115397135417 0.07845470309257507 0.18838988410101998
3 0.4157738134264946 0.4023053487141927 0.0928732544183731 0.22683291965060765
0 0.35562868118286134 0.32785814073350694 0.037759590148925784 0.08444383409288195
0 0.6253045558929443 0.23653457429673935 0.022626733779907225 0.05864556630452474
1 0.2820898532867432 0.36547816594441734 0.05147461891174317 0.11603768666585286
0 0.6237378597259522 0.296690919664171 0.02685708999633789 0.07701055738661024
0 0.5493433952331543 0.31116680569118926 0.03168845176696777 0.08701029883490669
0 0.3634061008691788 0.40834113226996527 0.03446369767189026 0.09667536417643229
0 0.4275310873985291 0.20606088638305664 0.014105677604675293 0.046922026740180124
0 0.39810600876808167 0.22075657314724392 0.018149566650390626 0.047913318210177955
0 0.3724432587623596 0.25989542007446287 0.016266274452209472 0.03539117177327474
0 0.5647520542144775 0.17699916627671983 0.013928461074829101 0.042475954691569014
0 0.6064728856086731 0.17484554714626735 0.018675637245178223 0.04533403184678819
1 0.4817542850971222 0.4642241583930122 0.04053639173507691 0.08860880533854167
0 0.40645977258682253 0.6771224021911622 0.029436063766479493 0.07457726796468099
0 0.2036003828048706 0.2854469299316406 0.04548392295837402 0.05879166920979818
1 0.04348956327885389 0.7255548583136664 0.08584884442389011 0.19842811160617405
1 0.3576415657997131 0.325741524166531 0.04442641735076904 0.096330197652181
0 0.44190415143966677 0.16536006927490235 0.012967228889465332 0.036539120144314235
0 0.4901140213012695 0.96088318294949 0.017353010177612305 0.04310256110297309
0 0.3688998818397522 0.1882413970099555 0.013618826866149902 0.028912798563639323
2 0.044198591355234386 0.72731384701199 0.08453780245035887 0.19602105882432724
0 0.21838104724884033 0.9686080720689562 0.025951147079467773 0.05890659756130642
1 0.5474889993667602 0.30693369971381296 0.039649438858032224 0.10444424947102865
