0 0.9423460960388184 0.7457299126519097 0.07158527374267579 0.211778810289171
0 0.09968954920768738 0.6608070373535156 0.05870386362075806 0.18425246344672308
0 0.270548415184021 0.36221158769395617 0.025646162033081055 0.06747813754611545
0 0.15740903615951538 0.5057613372802734 0.04507491588592529 0.1259756300184462
1 0.6718047142028809 0.6562779320610894 0.13669381141662598 0.26210708618164064
0 0.3620108813047409 0.29934705098470055 0.02161319851875305 0.07524299621582031
0 0.4093093156814575 0.24215147230360243 0.01745140552520752 0.053857972886827254
0 0.07656314373016357 0.3986116197374132 0.058762794733047484 0.07240380181206597
0 0.3743252336978912 0.24218450122409396 0.019288921356201173 0.053092638651529946
0 0.2165255606174469 0.4929721196492513 0.03458837270736694 0.08851288689507378
0 0.5661128401756287 0.1464535395304362 0.012335419654846191 0.03553167978922526
0 0.41058828234672545 0.15091065300835504 0.010830318927764893 0.03678290049235026
0 0.26526336669921874 0.43316175672743057 0.02614583969116211 0.0983395046657986
1 0.15589880347251892 0.5071294625600179 0.05504125356674194 0.1439952744377984
0 0.5413169980049133 0.10386376910739475 0.007557272911071777 0.02522635989718967
3 0.521309357881546 0.1757100158267551 0.03168185949325562 0.08566535313924153
0 0.3712785005569458 0.20423898696899415 0.012793493270874024 0.034567239549424915
0 0.38117260932922364 0.17336557706197103 0.01421051025390625 0.03953152762518989
1 0.45950867533683776 0.19393280347188313 0.031426084041595456 0.09828297297159831
0 0.40913018882274627 0.19503369331359863 0.012853866815567017 0.045566717783610024
0 0.5546311616897583 0.11264974276224772 0.007783365249633789 0.02527653376261393
2 0.4586226105690002 0.19000570509168838 0.032662057876586915 0.10334159003363716
