1 0.7085966110229492 0.8810032314724392 0.18164291381835937 0.2202733357747396
0 0.20120203495025635 0.7033459133572049 0.04143768548965454 0.17611698574490017
0 0.47507404088974 0.26534735361735023 0.014586281776428223 0.06244036356608073
0 0.5614528656005859 0.8109792073567709 0.04327545166015625 0.18614493476019967
1 0.6196103811264038 0.3326430638631185 0.05695805549621582 0.08986176384819879
0 0.6670970886945724 0.3914788246154785 0.023180514574050903 0.07902550167507595
0 0.3841938734054565 0.3647881825764974 0.02280135154724121 0.09376858605278862
3 0.5165765345096588 0.2117166519165039 0.033229386806488036 0.08116730584038628
1 0.5630455613136292 0.22171119054158528 0.0291550874710083 0.05094843970404731
0 0.3692303985357285 0.24364204406738282 0.013094669580459595 0.05123608907063802
0 0.3317244291305542 0.39277657402886285 0.01781001091003418 0.08305248684353299
0 0.683215194940567 0.4557892693413628 0.03104625940322876 0.09429397583007812
0 0.6878846406936645 0.3499474843343099 0.020557880401611328 0.06888834635416667
1 0.5420814394950867 0.1899293475680881 0.019726872444152832 0.03925649854871962
0 0.5234443664550781 0.5444716559516058 0.05230040550231933 0.12235209147135416
0 0.4275741636753082 0.2803717401292589 0.014482843875885009 0.0655323240492079
0 0.276401686668396 0.5076439751519097 0.02791914939880371 0.12956034342447917
0 0.48666791915893554 0.7152971055772569 0.03940749168395996 0.16050008138020833
0 0.4351985514163971 0.22024948332044814 0.011324059963226319 0.049042701721191406
1 0.3340325117111206 0.7665686713324653 0.12308921813964843 0.3220019022623698
0 0.9777584075927734 0.8216900295681424 0.04228029251098633 0.17420764499240451
0 0.45221624374389646 0.7496126810709636 0.043297338485717776 0.1698728773328993
0 0.44988040924072265 0.48183890448676214 0.03577780723571777 0.1076751708984375
0 0.3545852482318878 0.27426786422729493 0.01657397747039795 0.05857885148790148
0 0.7849471569061279 0.44249873691134983 0.055714893341064456 0.09329740736219617
0 0.3933335930109024 0.270415284898546 0.014096933603286742 0.05811025831434462
0 0.4109754353761673 0.18195775879753961 0.010313540697097778 0.040504275427924265
0 0.33296206053346394 0.3296659787495931 0.016705821827054025 0.07412844763861762
0 0.3762010335922241 0.20123923089769152 0.01081552505493164 0.048051908281114365
0 0.4260327160358429 0.17205017937554254 0.008846080303192139 0.03649631076388889
0 0.3900550305843353 0.19386440383063422 0.01102011203765869 0.04214951197306315
1 0.3508652925491333 0.5342029571533203 0.07864522933959961 0.1531049092610677
0 0.6669973731040955 0.34361749357647364 0.023125767707824707 0.054272913932800294
1 0.464319109916687 0.1304579046037462 0.015967631340026857 0.03400780359903972
0 0.5529959201812744 0.17616993586222332 0.00933246612548828 0.0372439702351888
1 0.7870338678359985 0.4407442940606011 0.053099203109741214 0.0877587636311849
3 0.3635553692467511 0.6350832992129856 0.08307995107024908 0.3618022600809733
0 0.5868613839149475 0.18461345036824545 0.011153769493103028 0.03888865576850043
0 0.272144079208374 0.4233528137207031 0.024439501762390136 0.1008514404296875
0 0.5292207717895507 0.15854229927062988 0.008401727676391602 0.03297399944729275
0 0.46605606079101564 0.5984523349338108 0.041113090515136716 0.13636563618977865
0 0.08585094213485718 0.3652767605251736 0.05250244140625 0.07895033094618055
0 0.44498964548110964 0.14074580934312608 0.006864571571350097 0.02976273430718316
0 0.5229816555976867 0.1348831123775906 0.007418370246887207 0.026686106787787545
0 0.5082467555999756 0.45810436672634547 0.04048500061035156 0.09412875705295139
0 0.6270486116409302 0.21286137898763022 0.02032785415649414 0.0369010501437717
3 0.6599592924118042 0.8694812774658203 0.12070641517639161 0.26103744506835935
3 0.5605010867118836 0.8098934597439236 0.06404445171356202 0.1816796196831597
0 0.27423269748687745 0.30813673867119684 0.017882442474365233 0.057167837354871964
2 0.7111046990379691 0.8631513595581055 0.21634264774620532 0.2736972808837891
0 0.4324264585971832 0.15560324986775717 0.0070767998695373535 0.030693753560384115
0 0.5470467686653138 0.15293504926893448 0.007942461967468261 0.03173618316650391
1 0.5602930426597595 0.8090369330512153 0.06464517116546631 0.1794620090060764
0 0.5136630058288574 0.12720264858669705 0.007042717933654785 0.025706248813205296
0 0.36016322672367096 0.2283742586771647 0.012074458599090575 0.0451481925116645
3 0.47020591497421266 0.666167778438992 0.091754150390625 0.3156062020195855
3 0.6240747860167175 0.9609322230021159 0.04606680450960994 0.07813555399576823
3 0.500170111656189 0.133250183529324 0.022917938232421876 0.054741689893934464
0 0.5756674885749817 0.16666270362006294 0.011983132362365723 0.032079315185546874
0 0.5199570834636689 0.16518821716308593 0.0077026963233947756 0.028583526611328125
1 0.9401583075523376 0.6627168655395508 0.06695749759674072 0.09671838548448351
0 0.35251771509647367 0.29695220589637755 0.014193689823150635 0.01612663401497735
