0 0.6891703486442566 0.35591023763020835 0.02846963405609131 0.09579747517903646
1 0.33899985551834105 0.4346385108100043 0.05394957065582275 0.12858776516384549
0 0.07395445108413697 0.7471093071831597 0.08913944363594055 0.210537846883138
0 0.341558837890625 0.43608165317111547 0.047707629203796384 0.11324200100368924
0 0.34982980936765673 0.2759910901387533 0.02460426390171051 0.055526881747775605
0 0.3942409038543701 0.36515207290649415 0.028272628784179688 0.0905051973130968
0 0.3561182603240013 0.3384460131327311 0.027858445048332216 0.0955249998304579
0 0.378780460357666 0.255594539642334 0.019062042236328125 0.05888436635335286
0 0.41660211980342865 0.2835867140028212 0.025948578119277955 0.07962799072265625
3 0.07481395602226257 0.7528312471177843 0.09389241933822631 0.20825682746039498
0 0.07592682838439942 0.3973787943522135 0.05596854686737061 0.08572016821967231
0 0.5904309988021851 0.2130620320638021 0.014586925506591797 0.042349921332465276
1 0.4244766443967819 0.211224275165134 0.03527491688728333 0.08641756905449761
0 0.3916927933692932 0.3055227703518338 0.016614413261413573 0.055240037706163196
0 0.3543611288070679 0.23508838017781575 0.020185232162475586 0.042119534810384114
0 0.6031905293464661 0.1686898178524441 0.010481762886047363 0.03259937498304579
0 0.40250169336795805 0.2349858072068956 0.01954600214958191 0.05916847652859158
0 0.35443352311849596 0.1789922449323866 0.026128306984901428 0.04642169740464952
0 0.3644088178873062 0.2734900050693088 0.014767700433731079 0.04321244557698568
