0 0.6999369978904724 0.3759354697333442 0.031770634651184085 0.09597129821777343
0 0.5961711049079895 0.2947580231560601 0.024720168113708495 0.08128155602349176
0 0.8164133071899414 0.6280253092447917 0.05356297492980957 0.11061558193630643
0 0.14415405988693236 0.811326175265842 0.08089399337768555 0.18404625786675347
1 0.815103954076767 0.6283314492967393 0.06217204332351685 0.12716083526611327
0 0.2693117618560791 0.5869669596354167 0.051425623893737796 0.1352073245578342
0 0.2692361354827881 0.40765279134114585 0.0376542329788208 0.10318726433648004
1 0.11789998412132263 0.615932740105523 0.0718830943107605 0.17723562452528213
0 0.11706968545913696 0.620663579305013 0.06200118064880371 0.1592742919921875
0 0.34841116666793825 0.31715451346503365 0.02422006130218506 0.07634215884738499
0 0.5409658432006836 0.4160352071126302 0.03437538146972656 0.10214118957519532
1 0.5411278188228608 0.258701048956977 0.05297471284866333 0.08957604302300347
0 0.3223440647125244 0.3938017103407118 0.03092911243438721 0.10374361673990885
0 0.4161891371011734 0.17841441366407607 0.010945099592208862 0.038816610972086586
1 0.26992950439453123 0.4089298195309109 0.04778056144714356 0.12046022415161133
0 0.07908082604408265 0.3975851270887587 0.06192373037338257 0.07331080966525608
1 0.26871118545532224 0.584680069817437 0.06456151008605956 0.1510861290825738
0 0.3869510680437088 0.1977166281806098 0.01472061276435852 0.04670138888888889
0 0.4079568922519684 0.1682037459479438 0.00983736515045166 0.031217341952853733
1 0.5203161537647247 0.12246368196275499 0.017721831798553467 0.027933035956488717
0 0.8121253967285156 0.5082797580295139 0.06572866439819336 0.14536946614583332
0 0.18658208847045898 0.4457121107313368 0.04151458740234375 0.1050651126437717
0 0.44702258706092834 0.2833860609266493 0.018863928318023682 0.07404017978244358
0 0.40824568271636963 0.1395268228318956 0.010349595546722412 0.0338504155476888
0 0.6361653089523316 0.19821974436442058 0.019573736190795898 0.04329363505045573
0 0.40789991021156313 0.20218542946709528 0.013231432437896729 0.05065907372368707
