0 0.19356584548950195 0.7297865125868056 0.07423897981643676 0.1744450463189019
1 0.2780324459075928 0.42977172003852 0.05192413330078125 0.1362261454264323
0 0.3685532808303833 0.23402232064141168 0.019679880142211913 0.051159307691786025
0 0.613205885887146 0.2234776814778646 0.01837811470031738 0.04856703016493055
1 0.18751827478408814 0.6714668909708659 0.07909109592437744 0.07928844028049045
0 0.33083304166793825 0.2559197637769911 0.018840622901916505 0.051456260681152347
0 0.31761770248413085 0.30953605439927845 0.02535400390625 0.08422256045871311
1 0.7875810921192169 0.5768865055508083 0.05840271711349487 0.1456998825073242
0 0.34244708232581617 0.42590068181355795 0.025232819467782976 0.06356875101725261
0 0.278197193145752 0.43028479682074655 0.04105949401855469 0.11870129903157552
1 0.4759227156639099 0.18530499670240613 0.029357123374938964 0.056754186418321396
0 0.38030763864517214 0.16524674627516006 0.0182666540145874 0.037335469987657334
3 0.19303048253059388 0.7247557004292806 0.09031952619552612 0.20650937822129992
0 0.38588589429855347 0.1980707327524821 0.0138014554977417 0.04500466452704536
0 0.6942676991224289 0.3432348993089464 0.02891426682472229 0.07829375796847873
1 0.3464891314506531 0.3546788427564833 0.047468256950378415 0.09488561418321398
0 0.09512864649295807 0.40452216731177437 0.025566071271896362 0.06860505739847819
0 0.38034121692180634 0.3139483963449796 0.02055829167366028 0.04390813344054752
1 0.3144224166870117 0.5638768619961209 0.04656896591186523 0.09685764312744141
0 0.5497697591781616 0.11815799607170953 0.0104705810546875 0.02575727038913303
