1 0.6299960613250732 0.6688151041666667 0.13945579528808594 0.2626241048177083
1 0.4109750270843506 0.46371070014105903 0.08041906356811523 0.18852085537380642
3 0.5769271373748779 0.3152780532836914 0.10196866989135742 0.24165662129720053
0 0.36780811548233033 0.19061927265591092 0.012525486946105956 0.037333308325873484
0 0.3984990656375885 0.19312903616163465 0.014171743392944336 0.04864284727308485
0 0.8675813674926758 0.7203133477105035 0.05386629104614258 0.1757253858778212
0 0.42988563776016236 0.20409203635321724 0.015529608726501465 0.05090558793809679
0 0.6867002010345459 0.30399566226535374 0.02254037857055664 0.07230135599772135
2 0.5770331382751465 0.3090290175543891 0.10701680183410645 0.23829962412516276
3 0.6163019321393222 0.2581896675957574 0.03204983035102486 0.11985452440049914
3 0.6224472165107727 0.6132229910956488 0.15526773929595947 0.19577624003092448
0 0.4338730454444885 0.1664491653442383 0.009846138954162597 0.03257297939724392
0 0.0949379950761795 0.4052362124125163 0.025535768270492552 0.05747460259331597
2 0.624291455745697 0.6679886817932129 0.15936906337738038 0.3031264199150933
3 0.4147263765335083 0.439525920814938 0.09630622863769531 0.2530604918797811
0 0.7379636943340302 0.9489647971259223 0.018762409687042236 0.039891688028971355
0 0.4296680122613907 0.25402071211073135 0.020607608556747436 0.07328626844618055
0 0.5756943464279175 0.18388335439893935 0.01357421875 0.036712466345893015
0 0.38027065694332124 0.4710615793863932 0.022821754217147827 0.10385487874348959
0 0.36955713033676146 0.26310267978244356 0.020548701286315918 0.049368201361762155
