1 0.5802785158157349 0.3368914286295573 0.06178107261657715 0.11581056382921007
0 0.6762861162424088 0.31182439592149525 0.024254149198532103 0.06971024407280815
0 0.6361707210540771 0.2404036415947808 0.019893693923950195 0.05739686754014757
1 0.15908435583114625 0.6192136340671115 0.06953842639923095 0.165851804945204
0 0.5515190958976746 0.13852499855889214 0.010302376747131348 0.029174783494737414
0 0.36955471336841583 0.21160506142510307 0.013461560010910034 0.051444053649902344
0 0.5733947157859802 0.13770893944634333 0.009533286094665527 0.03374110327826606
0 0.6540228486061096 0.33819545110066734 0.03199484348297119 0.08487322065565321
0 0.3816476076841354 0.18542289204067655 0.01347838044166565 0.04155367745293511
0 0.404412516951561 0.20744860967000325 0.013378804922103882 0.06126448313395182
0 0.581831979751587 0.13585330115424263 0.009152841567993165 0.033648448520236546
0 0.5979032039642334 0.19767956733703612 0.014065837860107422 0.043672508663601346
0 0.3939726442098618 0.19626160197787815 0.013216859102249146 0.047425534990098744
0 0.7240972518920898 0.3997524261474609 0.03493866920471191 0.10896470811631945
