0 0.21626806259155273 0.701837666829427 0.036922144889831546 0.16992937723795573
0 0.35385680198669434 0.5119696723090278 0.03083343505859375 0.13037359449598523
3 0.6737468242645264 0.5098495059543185 0.1357285499572754 0.27474500868055557
0 0.33913936614990237 0.37195255491468643 0.023059701919555663 0.09030653635660807
0 0.11460018157958984 0.5103070576985677 0.03411045074462891 0.10875536600748698
0 0.15148634910583497 0.7194561428493924 0.050553762912750246 0.1648975796169705
0 0.4025451958179474 0.3977151870727539 0.023075079917907713 0.0950948503282335
0 0.7703380584716797 0.6924076080322266 0.04061813354492187 0.1631418016221788
0 0.8549441337585449 0.7945597330729167 0.06336898803710937 0.16603300306532118
1 0.480848503112793 0.6747305552164714 0.12827982902526855 0.1839100307888455
0 0.5909562826156616 0.24680966271294488 0.012256145477294922 0.04767172071668837
0 0.3645494803786278 0.32301592297024195 0.0189237505197525 0.07976644304063585
1 0.5398316621780396 0.2505395465426975 0.03378062248229981 0.06415545145670573
0 0.3874324202537537 0.2888619105021159 0.015699434280395507 0.06502901713053386
0 0.3729596629738808 0.2433304998609755 0.013845548033714294 0.055059327019585505
0 0.7872127532958985 0.5272110833062066 0.03229446411132812 0.12106051974826389
0 0.3620278760790825 0.22202769385443794 0.013529816269874572 0.04866193135579427
0 0.30544180870056153 0.4930408901638455 0.024716687202453614 0.12439888848198785
0 0.24558939933776855 0.5454931471082899 0.03068714141845703 0.13726671006944444
0 0.9551539421081543 0.7765979342990451 0.055736541748046875 0.15246857537163627
0 0.2829845905303955 0.5626502143012153 0.027605628967285155 0.13074273003472223
0 0.8438650131225586 0.6384181552463107 0.04220657348632813 0.1378662109375
0 0.6961766719818115 0.36665732065836587 0.022758126258850098 0.07568965488009982
0 0.2941234350204468 0.8142666286892362 0.038553047180175784 0.20578401353624132
3 0.6074695587158203 0.3656431410047743 0.09165596961975098 0.16324636671278211
0 0.6061794757843018 0.26590191523234047 0.014961957931518555 0.047461382548014325
0 0.5818495273590087 0.22620168262057835 0.01154031753540039 0.04565809037950304
0 0.5683819413185119 0.2276103761461046 0.012155508995056153 0.047059419420030384
0 0.5701293110847473 0.19144392543368868 0.009848237037658691 0.03803368674384223
0 0.9339021682739258 0.4725366380479601 0.0545924186706543 0.10400038825141059
0 0.020798841118812562 0.6346636878119575 0.041597682237625125 0.14093017578125
1 0.4528436243534088 0.13489535649617512 0.01633352041244507 0.0318939208984375
0 0.539742112159729 0.19820799827575683 0.009396219253540039 0.040864488813612196
0 0.42945178151130675 0.17196280691358778 0.00869053602218628 0.035882557762993705
0 0.5081858038902283 0.16888881789313423 0.008382558822631836 0.03550850550333659
0 0.5572728633880615 0.19235535727606878 0.00925588607788086 0.03959975772433811
0 0.013591974973678589 0.42861306932237414 0.026634281873703 0.09898749457465278
0 0.5246133089065552 0.17768698268466526 0.008493423461914062 0.03603470060560438
0 0.6863891363143921 0.3237211757236057 0.02360372543334961 0.0665904786851671
0 0.5012400805950165 0.42420739067925345 0.029163038730621337 0.0954103257921007
0 0.27350175380706787 0.46879278818766273 0.03057065010070801 0.09550726148817275
0 0.08332065343856812 0.3627292209201389 0.053075796365737914 0.07896626790364583
0 0.09265037775039672 0.4659567091200087 0.052082610130310056 0.10018683539496528
0 0.28185367584228516 0.6928933885362413 0.036638951301574706 0.15305739508734809
0 0.5463481307029724 0.16199156443277996 0.008337187767028808 0.032853190104166666
0 0.040469464659690854 0.507722430759006 0.052101248502731325 0.10929065280490452
0 0.6060760378371924 0.21373844146728516 0.01051087686792016 0.04128091600206163
2 0.48084354102611543 0.6590640068054199 0.15502243638038635 0.23951960669623482
0 0.7720694541931152 0.43162901136610243 0.032299041748046875 0.09697642856174045
0 0.4408509373664856 0.20101394653320312 0.009710431098937988 0.044711600409613715
0 0.747614049911499 0.413077884250217 0.028549671173095703 0.10190773010253906
1 0.5781325340270996 0.9431472778320312 0.1538696765899658 0.10648557874891493
1 0.8433895945549011 0.6390791575113932 0.052003884315490724 0.13170844184027777
1 0.8551904439926148 0.7900664859347873 0.07714834213256835 0.15653661092122395
0 0.608169975085184 0.4163910971747504 0.01596763888373971 0.07004992167154948
0 0.5186754763126373 0.4065732532077365 0.02058752775192261 0.09794993930392795
0 0.5340784072875977 0.17849746280246312 0.007548475265502929 0.033790969848632814
1 0.9369819283485412 0.6624077479044597 0.05804564952850342 0.09740672641330295
0 0.5200951278209687 0.1478693167368571 0.007518732547760009 0.027780946095784506
1 0.786703372001648 0.5257688310411242 0.03402619361877442 0.10419379340277778
0 0.8507116913795472 0.43748840226067437 0.021905112266540527 0.050637573666042754
0 0.597406017780304 0.2173892445034451 0.011407876014709472 0.044412888420952694
0 0.438218766450882 0.12356179025438097 0.006057918071746826 0.024864779578314886
0 0.01293058693408966 0.3338366190592448 0.02586117386817932 0.0775103039211697
0 0.6554337486624717 0.24724608527289496 0.019239619374275208 0.05210846794976128
0 0.46581355333328245 0.12864455117119683 0.006867218017578125 0.028106202019585504
1 0.46560412645339966 0.11473522716098361 0.01386406421661377 0.025738578372531466
3 0.9667531013488769 0.6044628355238173 0.06480956077575684 0.203278562757704
