1 0.43804502487182617 0.3126564025878906 0.06042704582214355 0.10659239027235243
2 0.4564832031726837 0.20146331787109376 0.06307190656661987 0.15679812961154513
1 0.847745394706726 0.5444483439127604 0.056239986419677736 0.12970436943901908
3 0.21231274604797362 0.6351043701171875 0.34398717880249025 0.7161573621961805
0 0.4033485949039459 0.18185708787706162 0.012360024452209472 0.0408994886610243
0 0.38229683637619016 0.24170491960313584 0.017728424072265624 0.05852720472547743
3 0.45234384536743166 0.20244210561116535 0.0740476131439209 0.15590681499905057
0 0.8494604110717774 0.5337254842122395 0.04715738296508789 0.1295296139187283
0 0.4126947432756424 0.21584335962931314 0.014130097627639771 0.04992181989881728
0 0.005872498729149811 0.400079600016276 0.011553506000200286 0.04682710435655382
0 0.10910156965255738 0.3603594885932075 0.04452622532844543 0.06441016727023655
0 0.3775770515203476 0.1733498838212755 0.012966984510421753 0.03956321080525716
0 0.4144370347261429 0.27076259189181856 0.019867533445358278 0.06551585727267795
2 0.3590186357498169 0.4378712972005208 0.07741227149963378 0.2873928493923611
