0 0.3505090340971947 0.3390677769978841 0.030916622281074523 0.09199087354871961
0 0.2989220380783081 0.5720522986518012 0.05117874145507813 0.1312381320529514
0 0.8144048690795899 0.5585849338107639 0.056116580963134766 0.1322487301296658
1 0.29968632459640504 0.575601683722602 0.0649613618850708 0.14521395365397136
0 0.2982239484786987 0.36279111438327366 0.033777475357055664 0.08541113535563151
0 0.13332632780075074 0.507517581515842 0.041496443748474124 0.1209267086452908
1 0.8109363198280335 0.5542335934109158 0.06212785243988037 0.1512341817220052
0 0.5659629702568054 0.17600942187839083 0.012130188941955566 0.03873716990152995
0 0.21366848945617675 0.4538018120659722 0.03457705974578858 0.1005464341905382
0 0.3930682003498077 0.23035686280992296 0.019926047325134276 0.0591106202867296
0 0.39938038885593413 0.3968727747599284 0.02862113118171692 0.07907083299424914
0 0.29980820417404175 0.452405760023329 0.03850810527801514 0.11012852986653646
3 0.8108826279640198 0.5558970133463542 0.06007411479949951 0.14568540785047743
0 0.34104662872850894 0.2445412105984158 0.01853218600153923 0.05257339477539062
1 0.3003677010536194 0.45534286499023435 0.04917685985565186 0.12307256062825521
0 0.3693601503968239 0.29907993740505645 0.022644779086112975 0.07160970899793836
0 0.36139304637908937 0.24551067352294922 0.022797250747680665 0.0588218265109592
0 0.44749872088432313 0.1539443227979872 0.011015880107879638 0.03646878136528863
0 0.09536385238170624 0.40572096506754557 0.025060373544692992 0.058019256591796874
1 0.35003175735473635 0.33802686027354667 0.033457040786743164 0.09356113490131167
3 0.47123323678970336 0.12036126454671224 0.030039286613464354 0.07868065304226346
1 0.21346049904823303 0.4552048365275065 0.047965848445892335 0.11343710157606336
3 0.5227044284343719 0.1283649656507704 0.03062373399734497 0.062128512064615886
0 0.5451218843460083 0.12353984514872234 0.0076888084411621095 0.02377369138929579
