1 0.4528749167919159 0.17934501965840657 0.022924554347991944 0.04513605965508355
0 0.3900124192237854 0.279515986972385 0.014877879619598388 0.06373769972059462
0 0.6724823355674744 0.4237697177463108 0.020768237113952637 0.08658311631944444
0 0.7136126518249511 0.7027767605251736 0.040300512313842775 0.16042857699924046
1 0.4521104276180267 0.5355268266465929 0.06952451467514038 0.16488715277777777
1 0.4286068558692932 0.16115316285027398 0.02057037353515625 0.03690434561835395
0 0.8649850845336914 0.6511325412326389 0.04026079177856445 0.147161865234375
0 0.7042306184768676 0.39564442104763453 0.021613454818725585 0.07996148003472223
0 0.3670570343732834 0.21675469080607096 0.011243516206741333 0.04809669918484158
0 0.3580881834030151 0.3041714244418674 0.01856231689453125 0.07277045779758029
0 0.5138627052307129 0.4754941728379991 0.02718048095703125 0.12350116305881076
1 0.27626738548278806 0.6066067165798611 0.13512535095214845 0.1567145453559028
0 0.585356605052948 0.48052800496419273 0.024947094917297363 0.09786351521809895
1 0.4001567840576172 0.8596505906846789 0.189856219291687 0.22873382568359374
0 0.4828473448753357 0.29846487045288084 0.015249991416931152 0.06543538835313585
0 0.3026431441307068 0.4485950893825955 0.024291396141052246 0.08729917738172743
3 0.5175084829330444 0.19522331025865342 0.030593729019165038 0.0766055425008138
3 0.4328413188457489 0.26627351972791885 0.04379678964614868 0.12093484666612413
0 0.7558146476745605 0.8981094360351562 0.0472012996673584 0.19010577731662326
0 0.05231709480285644 0.40032391018337676 0.054594963788986206 0.0845362769232856
0 0.64043730199337 0.35922619501749675 0.021290451288223267 0.07680483924018013
0 0.6111340999603272 0.2670841852823893 0.014181232452392578 0.05491371154785156
0 0.2838318467140198 0.41660592820909287 0.025442004203796387 0.0896419949001736
0 0.8296567916870117 0.8749524434407552 0.0512542724609375 0.1947847154405382
1 0.5427255153656005 0.27753302256266277 0.040672588348388675 0.07464756435818143
0 0.5895728707313538 0.3901346206665039 0.0190598726272583 0.07235857645670572
0 0.7805777549743652 0.5409819708930121 0.032176971435546875 0.12961853875054252
0 0.38128489553928374 0.2367277569240994 0.012547558546066285 0.05323685540093316
0 0.5916148781776428 0.3315858840942383 0.01914832592010498 0.06573719448513454
0 0.9283706665039062 0.7258354187011719 0.04804906845092773 0.15130975511338976
0 0.33522734604775906 0.25943887498643664 0.01281561329960823 0.05406985812717014
1 0.44315692186355593 0.38256154590182834 0.05345408916473389 0.12575384775797527
0 0.5429035067558289 0.20098180770874025 0.009203791618347168 0.040159416198730466
0 0.80350341796875 0.6492411719428168 0.038650798797607425 0.1352887471516927
0 0.39379284381866453 0.5090765635172526 0.02401309013366699 0.13428912692599826
0 0.32636790052056314 0.31058165232340496 0.012110801041126251 0.06169641282823351
0 0.6086445808410644 0.3660790337456597 0.019653844833374023 0.08592450883653428
0 0.7320665776729584 0.47548450893825955 0.027607524394989015 0.08757866753472222
0 0.5841235041618347 0.2449130694071452 0.011696934700012207 0.05313909318712023
0 0.3572298526763916 0.5538969251844618 0.02999885082244873 0.1397361331515842
1 0.6950816124677658 0.5144771999782987 0.07882426381111145 0.14626973470052082
0 0.39850992858409884 0.19685598479376898 0.009491437673568725 0.04385406706068251
0 0.390860852599144 0.16947153939141169 0.009578245878219604 0.0383234871758355
0 0.6471114039421082 0.288876289791531 0.014334702491760254 0.054120911492241755
0 0.34789892882108686 0.4043807135687934 0.02092914879322052 0.08883056640625
0 0.3099090576171875 0.3317734612358941 0.022039914131164552 0.0851835462782118
0 0.7608970463275909 0.3913296805487739 0.02515472173690796 0.0629968007405599
0 0.5733242392539978 0.2525369538201226 0.012070918083190918 0.05422852834065755
3 0.6990804940462112 0.46984859572516546 0.09273530840873719 0.23662553363376193
0 0.975766944885254 0.9352677239312066 0.045915985107421876 0.1294645521375868
0 0.8184698104858399 0.7371835496690539 0.04622468948364258 0.1375332302517361
0 0.6018977403640747 0.24086034562852648 0.012720441818237305 0.053945498996310765
2 0.3437569737434387 0.8505386776394315 0.11248605251312256 0.26548360188802084
0 0.4100480318069458 0.17138510280185276 0.008604443073272705 0.036847654978434244
0 0.49926339387893676 0.290322748819987 0.014525151252746582 0.07102101643880208
0 0.31462218761444094 0.9511386447482639 0.057403564453125 0.0894974602593316
3 0.9514246582984924 0.6323843638102213 0.09715068340301514 0.30853474934895836
3 0.4672823131084442 0.14395418167114257 0.01887146234512329 0.05128042432996962
0 0.08822340965270996 0.3751039293077257 0.0468142032623291 0.07384202745225694
0 0.6078999280929566 0.3173064761691623 0.015328311920166015 0.06083713107638889
0 0.9784482955932617 0.6993512471516927 0.03829622268676758 0.14383392333984374
0 0.5563541293144226 0.23486943774753147 0.011620879173278809 0.04968081580268012
0 0.6480219721794128 0.32617801957660253 0.016530060768127443 0.04502186510297987
3 0.46926855444908144 0.0989360835817125 0.012336575984954834 0.03695421748691135
1 0.9334610104560852 0.6944682968987359 0.07179677486419678 0.16083460913764105
0 0.2741837978363037 0.3091840426127116 0.018223333358764648 0.0558903800116645
1 0.5375647068023681 0.15785437689887152 0.018844461441040038 0.03370759752061632
1 0.43174253702163695 0.31180567741394044 0.041865873336791995 0.04583357705010308
0 0.8119582176208496 0.42988427480061847 0.023210573196411132 0.06541633605957031
3 0.44994249045848844 0.5345985783471001 0.08705487847328186 0.18665586047702365
0 0.5535094261169433 0.15980510181850857 0.00774383544921875 0.030314180586073134
1 0.5112080454826355 0.11074095302157932 0.011847281455993652 0.02297580507066515
0 0.8081925213336945 0.8379829830593533 0.02844928503036499 0.09814309014214409
0 0.3550611771643162 0.45816675821940106 0.025746379792690278 0.08953314887152777
3 0.4418436765670776 0.37701216008928085 0.06079666614532471 0.14844758245680068
0 0.5657456040382385 0.21286231146918402 0.008582663536071778 0.04359478420681424
0 0.8508676767349244 0.43603924645317926 0.024894523620605468 0.05030199686686198
1 0.5045814871788025 0.15105490154690213 0.013926291465759277 0.03287832472059462
0 0.5786742329597473 0.2158674981858995 0.010955405235290528 0.043949529859754775
0 0.5675412654876709 0.17573535177442762 0.009532690048217773 0.03430696063571506
2 0.27978588342666627 0.5995999866061741 0.15363891124725343 0.19891658359103734
1 0.6086166769266128 0.3685105747646756 0.01723335385322571 0.06087281968858507
0 0.5596383333206176 0.1963165389166938 0.009168386459350586 0.036955367194281684
3 0.02089744081313256 0.1389697578218248 0.04164895673166029 0.19345826572842068
