0 0.06402505040168763 0.766135491265191 0.07735120058059693 0.1955792744954427
0 0.07355803847312928 0.6041311475965712 0.058374226093292236 0.13314412434895834
1 0.43409422039985657 0.4005896780225966 0.06795185804367065 0.1505799823337131
0 0.3672846883535385 0.36962110731336806 0.028303009271621705 0.09174372355143229
0 0.2537785291671753 0.3652417712741428 0.03799276351928711 0.0777199215359158
0 0.3283506378531456 0.26639154222276473 0.0160762757062912 0.0590752919514974
0 0.39090674221515653 0.17971732881334093 0.015189427137374877 0.03963442908393012
0 0.32672739028930664 0.4101875305175781 0.02884664535522461 0.0853501213921441
0 0.07530021667480469 0.3941671583387587 0.05601768493652344 0.08348971472846137
0 0.3176602840423584 0.5027155134412977 0.04314689636230469 0.11131922403971355
1 0.07251562178134918 0.6077386644151476 0.06233863234519958 0.15991346571180556
0 0.19834494590759277 0.4680130852593316 0.037392711639404295 0.11592682732476128
0 0.23709022998809814 0.5117351531982421 0.03757820129394531 0.11092893812391492
1 0.25371843576431274 0.36281665431128607 0.03995406627655029 0.0838797410329183
0 0.3883317351341248 0.28667179743448895 0.02299741506576538 0.07132587432861329
0 0.35938661098480223 0.23594490687052408 0.020279550552368165 0.047853448655870226
0 0.30169997215270994 0.32604893578423394 0.02558002471923828 0.07342516581217448
1 0.44941357970237733 0.26654440561930337 0.04844595193862915 0.10682542588975695
1 0.589282751083374 0.43346744113498265 0.10324220657348633 0.23067537943522134
0 0.39111506938934326 0.22730107837253147 0.01882094144821167 0.06039871639675564
0 0.28044883012771604 0.3894984563191732 0.031032395362854005 0.07626516554090712
1 0.3150302767753601 0.5025561862521701 0.05677521228790283 0.12147216796875
0 0.6007598042488098 0.1677753660413954 0.013366484642028808 0.039449649386935765
0 0.5651159524917603 0.13743846151563857 0.008673810958862304 0.03306695090399848
0 0.32668501138687134 0.3486035770840115 0.029877877235412596 0.07285688188340929
1 0.26167930364608766 0.4987184524536133 0.08224060535430908 0.13929019504123263
2 0.4351260423660278 0.3930351005660163 0.07094876766204834 0.16204703383975558
1 0.19701088666915895 0.4646579212612576 0.0477985143661499 0.11157249874538845
0 0.39826302528381347 0.32804942660861547 0.024968457221984864 0.0876680162217882
2 0.5909671783447266 0.4260504828559028 0.10468840599060059 0.23788447909884983
0 0.41279191672801974 0.22398709191216362 0.016440778970718384 0.061102973090277776
3 0.4334379404783249 0.3935946093665229 0.06730585694313049 0.1594660547044542
3 0.45235642194747927 0.17625032530890572 0.041650581359863284 0.09617802302042643
0 0.3648971006274223 0.28859505123562285 0.026752081513404847 0.0780358632405599
0 0.3544590473175049 0.30862770718004967 0.014664506912231446 0.03716993116670185
