1 0.8133173942565918 0.6684825897216797 0.15696358680725098 0.22169774373372395
1 0.5783914089202881 0.3624276902940538 0.0768646240234375 0.1374635060628255
0 0.08747580051422119 0.6511177486843533 0.06225096583366394 0.16102727254231772
0 0.18195815086364747 0.6698233710394965 0.07363148927688598 0.17337955898708768
2 0.6862110137939453 0.3930300818549262 0.0998812198638916 0.18688854641384547
1 0.08798519521951675 0.6545074886745876 0.07994031608104706 0.17089691162109374
1 0.6780986070632935 0.38629705641004775 0.08442778587341308 0.19432237413194445
0 0.42025124430656435 0.2903132438659668 0.02466787099838257 0.08061279720730252
0 0.35395727306604385 0.22460553910997177 0.02092442810535431 0.05669615003797743
3 0.6859718084335327 0.3941048410203722 0.10732343196868896 0.21043190426296657
0 0.391241592168808 0.1748724937438965 0.012920534610748291 0.043338542514377174
0 0.6165017366409302 0.20100328657362196 0.01516895294189453 0.0435905032687717
0 0.33735573254525664 0.33560029135810004 0.026845622807741165 0.06953072018093533
0 0.36236776113510133 0.2853658464219835 0.030468451976776122 0.07673280504014757
0 0.914271354675293 0.623349846733941 0.04465475082397461 0.14244215223524306
0 0.07586783170700073 0.3945368872748481 0.05589447021484375 0.08163638644748264
1 0.47204138040542604 0.35545776420169406 0.03450765609741211 0.053355402416653104
0 0.38206620812416076 0.19944052166408963 0.014613521099090577 0.049317953321668835
1 0.1849716544151306 0.640557755364312 0.07890565395355224 0.1411067114935981
2 0.579500925540924 0.35981128480699326 0.07927224636077881 0.15345338185628254
0 0.5809527516365052 0.16747585402594672 0.015317082405090332 0.03616560830010308
3 0.18227784037590028 0.6632630772060818 0.08126007318496704 0.18769825829399955
1 0.36210949420928956 0.28480029635959203 0.03260669708251953 0.0773866441514757
