0 0.2744542121887207 0.45612044864230683 0.033905744552612305 0.09304237365722656
1 0.18926705718040465 0.484742259979248 0.06331273317337036 0.11886280907524957
0 0.09951525330543518 0.7899144490559896 0.07902637720108033 0.2132559034559462
0 0.18683358430862426 0.4839812808566623 0.049059939384460446 0.10767288208007812
0 0.32690517902374266 0.29042061699761285 0.02886972427368164 0.05367232428656684
0 0.3384730892255902 0.43696581522623695 0.024426856264472007 0.08420969645182291
0 0.29603497982025145 0.6438789791531033 0.04572386741638183 0.13601642184787327
1 0.45378884077072146 0.2237551901075575 0.044933533668518065 0.10180890825059678
0 0.2784181356430054 0.37923233244154186 0.0338839054107666 0.08270363277859158
0 0.3805442452430725 0.29310100343492296 0.026606249809265136 0.08289559682210286
0 0.40021131336689 0.3434360822041829 0.020087558031082153 0.07841256459554037
0 0.3564538978040218 0.2984876102871365 0.024745287001132966 0.06753851572672526
1 0.29580690860748293 0.6393487082587348 0.0560859203338623 0.13664207458496094
0 0.09498252272605896 0.4055803855260213 0.026111042499542235 0.056858989927503795
0 0.2918549656867981 0.32379192776150173 0.02335236072540283 0.0629595438639323
1 0.2740897536277771 0.3770356363720364 0.04210636615753174 0.09233074718051487
0 0.41857533156871796 0.22348548041449653 0.01389651894569397 0.045412572224934895
0 0.3589641571044922 0.3745271470811632 0.02918689250946045 0.09889335632324218
0 0.32640321254730226 0.35567453172471786 0.03404002189636231 0.09189860026041667
0 0.35715105533599856 0.23667341868082684 0.01743149757385254 0.047990714179144967
0 0.26267696619033815 0.9122857411702474 0.03174183368682861 0.06684137980143229
0 0.20680413246154786 0.6272299448649089 0.04500687122344971 0.16030909220377604
0 0.4093541234731674 0.1892829630109999 0.012913423776626586 0.04881389405992296
2 0.456960129737854 0.217912318971422 0.04945363998413086 0.11394084294637044
3 0.45705996751785277 0.21670130093892415 0.04918088912963867 0.11302718056572808
0 0.43376938104629514 0.13609763781229656 0.00886540412902832 0.030976539187961154
0 0.4110241889953613 0.1511337227291531 0.0107269287109375 0.03411124547322591
0 0.42746399641036986 0.1568982442220052 0.008824300765991212 0.03410263061523437
