0 0.6909810066223144 0.4297807057698568 0.021067094802856446 0.09596998426649306
0 0.6478329285979271 0.4456908967759874 0.029384079575538635 0.09941978454589843
1 0.552565622329712 0.3505886084503598 0.06186380386352539 0.09358749257193671
0 0.41117569506168367 0.3632183074951172 0.018274253606796263 0.07986891004774306
0 0.37116141319274903 0.601975843641493 0.029778027534484865 0.1507529788547092
0 0.35118480697274207 0.45186712476942276 0.02489180415868759 0.10026024712456597
0 0.4308722972869873 0.4392683241102431 0.021530580520629884 0.09775153266059028
1 0.5183294475078583 0.19578572909037273 0.028559458255767823 0.04754152297973633
0 0.24518728256225586 0.8670313517252605 0.043311691284179686 0.20835664537217882
0 0.411741828918457 0.5509137471516927 0.027689814567565918 0.13560430738661025
0 0.38363219499588014 0.46819722917344836 0.020746350288391113 0.07755894131130642
0 0.22344462871551513 0.5451272752549913 0.0284177303314209 0.1389561547173394
1 0.6700336456298828 0.7859778510199653 0.1219573974609375 0.2266619364420573
0 0.6195105671882629 0.3485031763712565 0.01670544147491455 0.0745811038547092
1 0.5627295970916748 0.22385627958509657 0.03539276123046875 0.06005980173746745
0 0.16440515518188475 0.575819566514757 0.034985482692718506 0.14990730285644532
0 0.2925158977508545 0.5509568108452692 0.026793289184570312 0.1356372833251953
0 0.3414614677429199 0.528468746609158 0.025435256958007812 0.12897474500868056
0 0.5880347847938537 0.21965644624498154 0.01130225658416748 0.04552635616726346
0 0.8249547958374024 0.6935551537407769 0.04453611373901367 0.15207968817816842
0 0.25801060199737547 0.6191698710123698 0.028336381912231444 0.14337374369303385
0 0.6009096384048462 0.2585443496704102 0.013631391525268554 0.055446963840060766
0 0.257366418838501 0.5050041198730468 0.02561066150665283 0.11621059841579862
0 0.30899863243103026 0.46376351250542536 0.02406768798828125 0.11417622036404079
0 0.6567298784852028 0.3097728305392795 0.018710455298423766 0.06271883646647135
0 0.4967340171337128 0.36973503960503473 0.019956719875335694 0.07988399929470485
0 0.6282082796096802 0.2993564287821452 0.01372976303100586 0.06330042945014105
0 0.3018181562423706 0.7123324924045139 0.04174141883850098 0.18171073065863716
0 0.7132841110229492 0.6728862762451172 0.03619132041931152 0.14315482245551214
1 0.44346773624420166 0.278292613559299 0.037778806686401364 0.08357857598198784
0 0.2457622170448303 0.42405312856038413 0.022186779975891115 0.06740269131130643
0 0.3994878172874451 0.2958769692314996 0.01530451774597168 0.06137288411458333
0 0.3704742074012756 0.36814700232611763 0.016622519493103026 0.06256565517849393
0 0.7808100700378418 0.6043968624538846 0.038503837585449216 0.13848936292860242
0 0.709579610824585 0.5679439968532987 0.0335383415222168 0.12325100368923611
0 0.3777029633522034 0.1928678936428494 0.013012003898620606 0.048071034749348956
0 0.8296985626220703 0.577125506930881 0.03504819869995117 0.12075780232747396
0 0.2809854865074158 0.4327245288425022 0.023736977577209474 0.07458568149142795
1 0.9095337629318238 0.761660639444987 0.07671661376953125 0.15125596788194445
1 0.457087379693985 0.2286968443128798 0.029275715351104736 0.06730117797851562
0 0.30501770973205566 0.3719315555360582 0.011721086502075196 0.05033517943488227
0 0.5523643612861633 0.17680128945244683 0.008781743049621583 0.039388550652398005
0 0.34746767282485963 0.37230069637298585 0.013541150093078613 0.05435942014058431
3 0.6706583595834672 0.7795576731363932 0.1358267592266202 0.24297078450520834
0 0.5346861839294433 0.16553021007113985 0.007353401184082032 0.03596762551201715
0 0.3849718511104584 0.2345965279473199 0.011667656898498534 0.04822404649522569
0 0.08411583304405212 0.3637812296549479 0.051257193088531494 0.07873026529947917
0 0.31881873607635497 0.39211615721384685 0.015403556823730468 0.053827365239461265
0 0.3332798836752772 0.3360255029466417 0.014574814215302467 0.06347196367051866
0 0.7969719886779785 0.517415025499132 0.033229827880859375 0.104815673828125
0 0.4719215452671051 0.15497286054823134 0.006764853000640869 0.031212276882595487
0 0.47478238940238954 0.29910978741115996 0.013559067249298095 0.06439295874701606
0 0.34703982099890707 0.28333072662353515 0.014726383984088898 0.057757737901475696
0 0.3705664724111557 0.3002707905239529 0.01392471194267273 0.06130415598551432
0 0.6444718599319458 0.31925396389431426 0.015174293518066406 0.06777670118543837
0 0.4113804817199707 0.28307103051079646 0.013245975971221924 0.06001735263400608
0 0.4200018376111984 0.24634104834662543 0.011395245790481567 0.05159924825032552
1 0.8992519497871398 0.6551011191474067 0.06335504055023193 0.10553279452853732
0 0.45196100473403933 0.17078960206773547 0.008552813529968261 0.03676272498236762
0 0.31586724519729614 0.3062312444051107 0.017448019981384278 0.06245108710394965
0 0.35818912088871 0.3468327694469028 0.010296303033828735 0.03491768042246501
0 0.42990882992744445 0.21124210357666015 0.010249125957489013 0.04415334065755208
0 0.4600441694259644 0.13643824259440104 0.006474161148071289 0.027749930487738717
0 0.38264930844306944 0.32365846633911133 0.01590782403945923 0.06649947696261936
0 0.4059383362531662 0.2479005389743381 0.011683577299118042 0.04851608276367188
0 0.33318798430263996 0.1979777495066325 0.012128423899412155 0.04374981986151801
0 0.3900864452123642 0.3978420469495985 0.01853345036506653 0.08795916239420573
0 0.5201495230197907 0.14024662441677518 0.0066407561302185055 0.03017612033420139
0 0.2310530424118042 0.3816094054116143 0.01687030792236328 0.051424328486124674
0 0.4373121440410614 0.1566583686404758 0.009412896633148194 0.03452641169230143
0 0.5272426128387451 0.13792786598205567 0.006709241867065429 0.026263840993245444
0 0.8977504730224609 0.647778574625651 0.0491581916809082 0.1208157009548611
0 0.39259090423583987 0.2087847073872884 0.01188344955444336 0.044620323181152347
0 0.910179328918457 0.7583660549587674 0.059163379669189456 0.15849499172634549
1 0.9166888236999512 0.9531293233235677 0.14262313842773439 0.091912841796875
1 0.823521900177002 0.6949166509840223 0.056211233139038086 0.12919669681125218
0 0.3619824692606926 0.22660278744167753 0.013074341416358947 0.04964319864908854
0 0.484615170955658 0.30930713017781575 0.014039707183837891 0.06607782575819228
1 0.5459676742553711 0.12370007303025987 0.01627044677734375 0.030279085371229385
0 0.6227062709629536 0.20967883004082574 0.014612077176570893 0.04164642757839627
1 0.3507132649421692 0.4477299001481798 0.0260270357131958 0.09748864703708225
0 0.4066020756959915 0.21309327019585503 0.011174112558364868 0.04277725219726562
0 0.34415596947073934 0.236215697394477 0.012629850208759308 0.05088314480251736
0 0.360321943461895 0.32320948243141173 0.00904838740825653 0.03283450735939874
0 0.4203547716140747 0.20219198862711588 0.009737467765808106 0.041398239135742185
0 0.4373002707958221 0.22244480980767145 0.010435378551483155 0.04355930752224392
1 0.6909412801265716 0.4284761905670166 0.02699035406112671 0.10151942571004231
0 0.27585257291793824 0.3061534457736545 0.014462876319885253 0.053892220391167533
0 0.38182602226734164 0.2775694105360243 0.012926381826400758 0.053733740912543404
0 0.3228631246834993 0.3049008236991035 0.005101249366998672 0.03202386962042914
0 0.2928330421447754 0.39107488791147865 0.011315059661865235 0.0453830983903673
0 0.6920471817255021 0.3058207008573744 0.011827558279037476 0.03386362393697103
0 0.42728745341300967 0.1353900644514296 0.007796633243560791 0.02652868694729275
3 0.49611304998397826 0.9610043843587239 0.051473021507263184 0.07799123128255209
0 0.4088848680257797 0.18230826059977215 0.008804017305374145 0.03665457831488715
