1 0.6939353942871094 0.8002516852484809 0.12791976928710938 0.2511859893798828
0 0.7063839763402939 0.44824699825710723 0.029658633470535278 0.09916504753960503
1 0.5301921367645264 0.5967689938015408 0.09717092514038086 0.18501247829861112
0 0.5496478319168091 0.4254363589816623 0.02458047866821289 0.09466722276475695
1 0.6334332942962646 0.4936581505669488 0.08546428680419922 0.1546546088324653
3 0.4180739924311638 0.43050045437282985 0.10342837870121002 0.28322313096788193
0 0.7583726406097412 0.5001742892795139 0.02738037109375 0.1135215335422092
0 0.5904340744018555 0.8382169087727864 0.042074728012084964 0.19015536838107638
1 0.5655220985412598 0.33403519524468317 0.05069923400878906 0.08939863840738932
1 0.2998703718185425 0.6125578986273872 0.09353156089782715 0.19066412183973525
0 0.2622427225112915 0.5005050447252062 0.02587428092956543 0.10751304626464844
3 0.522540706396103 0.2078855037689209 0.030233824253082277 0.07495533625284831
0 0.8615448951721192 0.7343360053168403 0.04824886322021484 0.1632595486111111
3 0.4048852413892746 0.2548309644063314 0.041715437173843385 0.11458479563395182
0 0.6223061323165894 0.355711841583252 0.02089519500732422 0.0734241697523329
0 0.5403249025344848 0.2509571075439453 0.012780714035034179 0.05685153537326389
0 0.7804874420166016 0.5773383246527778 0.03553962707519531 0.133303705851237
0 0.6673565864562988 0.43115336100260415 0.021729230880737305 0.07432954576280382
0 0.09339693784713746 0.7297599792480469 0.04560353755950928 0.1798153347439236
0 0.9011287689208984 0.5895445929633246 0.029903125762939454 0.12953368292914497
0 0.33236873149871826 0.30713746812608506 0.0163787841796875 0.06477266947428385
0 0.18657164573669432 0.8849207560221354 0.04731255769729614 0.20338177151150175
0 0.5354794979095459 0.8130787319607204 0.0425262451171875 0.1818567911783854
0 0.3764359712600708 0.19423937797546387 0.00896754264831543 0.045946131812201606
0 0.21207287311553955 0.5851388295491536 0.034174203872680664 0.10314822726779514
0 0.8535737037658692 0.5871434105767144 0.03642330169677734 0.123309326171875
0 0.36732906848192215 0.21960599687364366 0.012789568305015564 0.05064065721299913
0 0.6552744150161743 0.3746299213833279 0.01993875503540039 0.08092060089111328
0 0.61932293176651 0.2566964997185601 0.012708449363708496 0.04971324072943793
1 0.34927929639816285 0.41117176479763456 0.06859843730926514 0.15035120646158853
3 0.6921473488211631 0.7970177120632596 0.1421794205904007 0.26136525472005206
0 0.6354343950748443 0.2545442157321506 0.014533782005310058 0.05526534186469184
0 0.3215920090675354 0.3561898019578722 0.01920583248138428 0.07245544857449002
0 0.0677182912826538 0.8796924167209201 0.05171645879745483 0.20557496812608506
0 0.5794298410415649 0.25200848049587676 0.0119964599609375 0.05469419691297743
0 0.5419074177742005 0.18565248913235136 0.009957385063171387 0.03743406931559245
0 0.12065356969833374 0.3774295383029514 0.04731162190437317 0.08231190575493706
0 0.14591684341430664 0.8433528476291232 0.0475716233253479 0.20468190511067708
0 0.6398697257041931 0.314213932885064 0.018566536903381347 0.061474249098036025
0 0.6081388734979555 0.2798564381069607 0.014843417564406991 0.047187190585666235
0 0.5466662168502807 0.22296763526068794 0.009963178634643554 0.04414414299858941
0 0.4463046371936798 0.14183533456590441 0.007515084743499756 0.030256705813937718
3 0.3755847768014064 0.7824823909335666 0.11035486141336151 0.39368567996554904
1 0.4658778965473175 0.16459187931484645 0.020957958698272706 0.034605015648735894
0 0.29541032314300536 0.4027931637234158 0.021777868270874023 0.07702246771918403
0 0.6111915588378907 0.3209643257988824 0.016527557373046876 0.06499341328938803
0 0.5945717811584472 0.26333998574150935 0.01405196189880371 0.053144348992241755
0 0.01677812784910202 0.3741193135579427 0.03285321295261383 0.09282747904459636
0 0.35932791978120804 0.32968051698472767 0.018873605132102966 0.06823694441053603
0 0.27443532943725585 0.3890420330895318 0.01361227035522461 0.04799485736423069
0 0.5707327365875244 0.17306849691602919 0.008806657791137696 0.03542377683851454
0 0.20828912258148194 0.4602803177303738 0.022420454025268554 0.06583500968085396
0 0.9848374366760254 0.9043511284722222 0.02869281768798828 0.1550387912326389
3 0.34938846826553344 0.4131819009780884 0.06611154079437256 0.14208839734395345
0 0.563518762588501 0.2643704096476237 0.016379690170288085 0.05170275370279948
0 0.5032419681549072 0.8792948404947917 0.05193538665771484 0.19087905883789064
1 0.8584605574607849 0.7276207394070096 0.06509940624237061 0.152730221218533
1 0.41411741077899933 0.18119357956780327 0.02113286852836609 0.03958152135213216
0 0.583194899559021 0.20090857611762153 0.009104633331298828 0.03996463351779514
3 0.45915049910545347 0.23902698092990451 0.031926071643829344 0.11166746351453993
0 0.38910343050956725 0.1912001027001275 0.009991991519927978 0.040098455217149526
0 0.275161349773407 0.3057710435655382 0.015308642387390136 0.057410939534505205
1 0.5892097592353821 0.8283053292168512 0.052763962745666505 0.1879905276828342
2 0.5275627732276916 0.12792053752475316 0.026555466651916503 0.06031300226847331
3 0.5277287006378174 0.1277522669898139 0.024953031539916994 0.0549473762512207
0 0.5613256454467773 0.21667676501803929 0.010621023178100587 0.04677482181125217
1 0.45958331823348997 0.26119774712456595 0.03154301643371582 0.0691404554578993
1 0.6677137404680252 0.42952532768249513 0.027145510911941527 0.07484623591105143
0 0.29345271587371824 0.32942936155531144 0.018421268463134764 0.056384807162814674
1 0.35250177383422854 0.8012819078233507 0.12586371898651122 0.36272896660698783
0 0.5278925418853759 0.16268010669284397 0.008338451385498047 0.02899680667453342
0 0.0885134756565094 0.3695743030971951 0.029200541973114013 0.05151123470730252
0 0.39608217775821686 0.178877502017551 0.009427374601364136 0.03927652570936415
0 0.5764060139656066 0.22305048836602104 0.011155915260314942 0.04706376393636068
1 0.5464094758033753 0.12367583910624186 0.015885519981384277 0.028218428293863933
0 0.5917789816856385 0.21889286041259765 0.011046242713928223 0.04096285502115885
0 0.5913055062294006 0.3130922317504883 0.014198517799377442 0.06105685763888889
2 0.35269746780395506 0.7987345377604167 0.1288208246231079 0.36884676615397133
0 0.5511753797531128 0.1722933186425103 0.008107709884643554 0.03159045113457574
0 0.669782018661499 0.3294781155056424 0.019092655181884764 0.07682971954345703
2 0.6399886131286621 0.4948334640926785 0.07997722625732422 0.17252721786499023
0 0.5082374691963196 0.1435737556881375 0.007542824745178223 0.02955982420179579
0 0.40901482105255127 0.15842578676011826 0.008964991569519043 0.028913095262315537
0 0.2720546007156372 0.4301439921061198 0.022736406326293944 0.08233778211805555
1 0.45928139686584474 0.21107631259494358 0.028710436820983887 0.05156864590115017
0 0.4293651759624481 0.14830573929680718 0.007462728023529053 0.026228788163926868
0 0.5578919649124146 0.1838973257276747 0.009058523178100585 0.03557715945773655
3 0.6317231178283691 0.48548427157931856 0.09588308334350586 0.19028087192111545
0 0.8145645737648011 0.4315106285942925 0.024366354942321776 0.06952853732638889
0 0.43558257818222046 0.17256682184007432 0.010947775840759278 0.03703557120429145
0 0.8624948859214783 0.5422695265875922 0.019021201133728027 0.052211994594997826
1 0.6213522683829069 0.3589196483294169 0.02478913441300392 0.06716447141435411
3 0.9540007472038269 0.591502316792806 0.08738119602203369 0.23841879102918836
0 0.6944151282310486 0.3056655446688334 0.017806506156921385 0.033553311559889054
3 0.2968434453010559 0.6143831570943197 0.10076706409454346 0.20181043412950303
1 0.32286820411682127 0.3612678991423713 0.016455841064453126 0.05863021479712592
0 0.5581741213798523 0.15975225236680773 0.008308482170104981 0.030205196804470487
0 0.632672293484211 0.36270321210225426 0.012468859553337097 0.04150684144761827
3 0.4651953935623169 0.14589169290330675 0.026116180419921874 0.07268427742852104
2 0.5647385239601135 0.33333262867397734 0.060030007362365724 0.08888747957017687
