0 0.33732604449614884 0.4014821582370334 0.028826283104717732 0.09086333380805121
0 0.07691055536270142 0.816628180609809 0.06782959103584289 0.2401200188530816
0 0.38794325292110443 0.2695285479227702 0.01902814507484436 0.06297232309977213
1 0.19821593761444092 0.5861069785224067 0.057515287399291994 0.17092391120062933
0 0.33782242946326735 0.3141547520955404 0.022592566162347793 0.08320630391438802
0 0.06292766928672791 0.6284237331814236 0.05733500719070435 0.14782579210069444
0 0.07578494548797607 0.395948240492079 0.06470510363578796 0.0879425048828125
0 0.36328303813934326 0.24604331122504342 0.01725825071334839 0.051834487915039064
0 0.19742274284362793 0.59431029425727 0.04800845384597778 0.15696097479926216
0 0.2656989097595215 0.36970770094129773 0.03691303730010986 0.09483415815565321
0 0.6762008786201477 0.25847366121080184 0.021381831169128417 0.06951821645100911
1 0.43961591720581056 0.27596328523423935 0.05526216030120849 0.11732396019829644
0 0.263139808177948 0.9620558632744683 0.03370401859283447 0.07588827345106337
0 0.37202771902084353 0.31100641886393227 0.01993558406829834 0.07965766059027778
2 0.4166477143764496 0.4094216346740723 0.07777372598648072 0.17555383046468098
0 0.17677106857299804 0.4598855760362413 0.044322776794433597 0.11541896396213108
0 0.3445625305175781 0.24745077557033962 0.01982879638671875 0.05703216128879123
0 0.27905640602111814 0.45777757432725696 0.036952972412109375 0.10483241611056858
1 0.4149071842432022 0.4078495237562392 0.07278377413749695 0.17191496955023872
1 0.06218437552452087 0.6496722115410699 0.06580276489257812 0.12506379021538627
1 0.5567468881607056 0.12992260191175672 0.022069501876831054 0.04264621734619141
0 0.3577314972877502 0.20393937428792316 0.014798474311828614 0.042394934760199655
1 0.34138729572296145 0.4027209520339966 0.052634668350219724 0.10877248446146646
0 0.4477196574211121 0.1989757431877984 0.01760108470916748 0.041717847188313804
1 0.26519482135772704 0.37346228493584527 0.04062047004699707 0.09317968156602648
0 0.4234419703483582 0.1546261363559299 0.00997765064239502 0.031189600626627605
0 0.5703590273857116 0.13607778549194335 0.010478711128234864 0.03269998762342665
3 0.41700816750526426 0.3999166144265069 0.0823055386543274 0.18877722952100967
0 0.4093827098608017 0.15408050219217936 0.00996052622795105 0.033558898501926
0 0.30800719261169435 0.32982783847384983 0.02965545654296875 0.07903840806749132
0 0.42214544415473937 0.17516837120056153 0.010017526149749757 0.035052755143907335
0 0.401838955283165 0.18352058198716906 0.012194770574569701 0.03597465091281467
0 0.41057097017765043 0.20914859771728517 0.013432544469833375 0.0424171871609158
1 0.3275588035583496 0.832828606499566 0.1515434980392456 0.3295129564073351
