0 0.6066640377044678 0.5621871524386935 0.0718846321105957 0.12611109415690105
0 0.7613942623138428 0.5420204586452908 0.06594915390014648 0.11142467922634548
0 0.5345776677131653 0.28768855200873483 0.01919987201690674 0.06675330268012153
1 0.6299051821231842 0.3502191755506727 0.05981036424636841 0.10687442355685764
0 0.3398610591888428 0.5458774990505643 0.07297756671905517 0.11416163974338107
0 0.3224180579185486 0.29256486892700195 0.020467066764831544 0.06750032636854383
3 0.4180842399597168 0.4096858554416233 0.10728976726531983 0.14200867546929252
0 0.3935562282800674 0.2370854483710395 0.015266114473342895 0.05512610541449653
0 0.5746559381484986 0.26142263412475586 0.01526336669921875 0.057433128356933594
0 0.40015979707241056 0.2913594775729709 0.01643090844154358 0.06350631713867187
0 0.9052566528320313 0.6416809929741754 0.0444122314453125 0.13325411478678387
0 0.4237622857093811 0.3064110689693027 0.018476486206054688 0.03504436016082764
0 0.5617041110992431 0.2809641202290853 0.014954614639282226 0.06363298628065321
0 0.6479133725166321 0.28559128443400067 0.01794412136077881 0.05655769771999783
0 0.3800418585538864 0.29470867580837673 0.01563555598258972 0.06287180582682292
0 0.09376039505004882 0.44702190823025173 0.06191558837890625 0.09166904025607639
0 0.3648746728897095 0.2864900377061632 0.018517303466796874 0.0735600365532769
1 0.44358516931533815 0.2472227308485243 0.034552788734436034 0.0712000952826606
0 0.20706491470336913 0.43749690585666234 0.05450955629348755 0.0907000223795573
0 0.4173376262187958 0.1689768738216824 0.008662569522857665 0.03649816513061523
0 0.4817101895809174 0.31988657845391166 0.014783990383148194 0.06868470509847005
0 0.1646747350692749 0.4730971442328559 0.07125906944274903 0.10961926778157552
0 0.6316881440579891 0.2529063754611545 0.013607217371463776 0.049169921875
0 0.32075724601745603 0.43116124471028644 0.05710246562957764 0.08957388136121962
0 0.43458168506622313 0.18159745004442002 0.01031036376953125 0.0379993544684516
0 0.5281062245368957 0.14561157756381565 0.007960247993469238 0.030465899573432074
1 0.060094398260116574 0.5718640645345052 0.1165568470954895 0.12979600694444443
1 0.545841383934021 0.12327992651197646 0.015895843505859375 0.027467992570665147
1 0.03625300824642182 0.40700560675727 0.07250601649284363 0.09659864637586806
0 0.3476258423179388 0.3914770762125651 0.035335899144411084 0.08725704616970487
0 0.4090643435716629 0.1511155128479004 0.008758860826492309 0.03345472547743056
0 0.2739858150482178 0.39175563123491075 0.024738359451293945 0.045267152786254886
0 0.39042742252349855 0.4646187570359972 0.018091726303100585 0.06217373741997613
1 0.45812358260154723 0.2109982384575738 0.0314555287361145 0.056487358940972225
0 0.5002485990524292 0.3089222802056207 0.017311453819274902 0.04006678263346354
1 0.34303360879421235 0.5417338689168294 0.045442217588424684 0.12096816168891059
0 0.8137828588485718 0.4306689156426324 0.02609100341796875 0.06766921149359809
1 0.16680132150650023 0.4852933300866021 0.06757185459136963 0.0832848760816786
0 0.43486306071281433 0.1408272796207004 0.007310950756072998 0.027244514889187284
0 0.31919025182724 0.40661580827501087 0.019398999214172364 0.043445862664116756
1 0.3219323635101318 0.44305210643344456 0.0448239803314209 0.06135638554890951
1 0.7623570680618286 0.5531192249721951 0.06895594596862793 0.09383140140109592
1 0.12421173453330994 0.4371908293830024 0.09577122926712037 0.08502284155951606
0 0.08291572332382202 0.3640411800808377 0.05701975822448731 0.07561314900716146
0 0.04360867440700531 0.41669320000542537 0.059817999601364136 0.08978903028700087
3 0.6323969453573227 0.3540491083429919 0.06479389071464539 0.12499695238139895
0 0.2669920802116394 0.4283282438913981 0.021257519721984863 0.05400686264038086
0 0.6201720185577869 0.20709612104627823 0.013946573436260223 0.04574228922526042
0 0.28066961765289306 0.44562114079793297 0.023145437240600586 0.05358134375678168
0 0.8506775736808777 0.4377984894646539 0.023569130897521974 0.052712631225585935
3 0.03275206983089447 0.37651584247748054 0.06550413966178895 0.16029905014567905
0 0.14194219708442687 0.4516522301567925 0.02825378179550171 0.0532501220703125
0 0.2947269916534424 0.28784201939900717 0.01745615005493164 0.06620519426133897
3 0.4956308722496033 0.10807572735680473 0.01650662422180176 0.042014519373575844
