0 0.865573501586914 0.5516631232367621 0.06363554000854492 0.10700162251790364
0 0.4776450157165527 0.5425529479980469 0.06632533073425292 0.10950181749131944
0 0.08132317066192626 0.6232709248860677 0.09169904589653015 0.1292014651828342
0 0.2686487674713135 0.4616650899251302 0.06136806011199951 0.09337925381130642
0 0.5112745285034179 0.4537935045030382 0.05913176536560059 0.08839395311143664
0 0.3467652082443237 0.467138417561849 0.06496162414550781 0.09489123026529948
0 0.15772979259490966 0.5157765706380208 0.07262287139892579 0.10226529439290365
1 0.5782703399658203 0.30163981119791666 0.053891754150390624 0.07884691026475694
0 0.6359016537666321 0.25556650161743166 0.014935660362243652 0.05749208662245009
0 0.60796138048172 0.22890815734863282 0.013135886192321778 0.044854058159722224
0 0.5282978057861328 0.2165666792127821 0.010511016845703125 0.0473984612358941
0 0.4246062755584717 0.4438160366482205 0.06026334762573242 0.09387613932291666
0 0.5540212035179138 0.1847828229268392 0.009110713005065918 0.039485698276095924
0 0.41466892063617705 0.21249607933892145 0.010853439569473267 0.04649569193522136
0 0.5655661940574646 0.24345259136623806 0.013488316535949707 0.05084048377143012
0 0.5420985460281372 0.2040266990661621 0.010100507736206054 0.04601048363579644
0 0.30928783416748046 0.30246018303765193 0.018588876724243163 0.05917400783962674
0 0.5166837871074677 0.3221966909037696 0.016116535663604735 0.04200873772303263
0 0.521816086769104 0.2850718392266168 0.016339588165283202 0.05772086249457465
0 0.22092223167419434 0.6111419677734375 0.07799794673919677 0.12384779188368056
0 0.482713907957077 0.3433659765455458 0.029235947132110595 0.06894058651394314
0 0.3176693320274353 0.445143026775784 0.03552420139312744 0.06057344012790256
0 0.4283109545707703 0.21624175177680122 0.010515403747558594 0.04630054897732205
0 0.308547580242157 0.365311156378852 0.02274301052093506 0.05023663838704427
1 0.3484251141548157 0.47607147958543566 0.06824686527252197 0.08600774341159396
0 0.5321845054626465 0.34496180216471356 0.030242013931274413 0.08131648169623482
0 0.5969961166381836 0.24611282348632812 0.01806783676147461 0.04718369377983941
1 0.06659442186355591 0.44073689778645836 0.12852177619934083 0.09980502658420139
0 0.46507487893104554 0.1626220120324029 0.007900798320770263 0.030253993140326604
1 0.45598974227905276 0.28003317515055337 0.035660290718078615 0.07752825419108073
0 0.3812666594982147 0.2931748284233941 0.017873084545135497 0.061836030748155385
0 0.5768229484558105 0.18107192251417373 0.00968637466430664 0.035791640811496314
0 0.5164436161518097 0.18090359369913736 0.00904020071029663 0.03846217261420356
0 0.45057883858680725 0.1463983005947537 0.006813180446624756 0.027897771199544272
0 0.40203058123588564 0.2301977687411838 0.012358522415161133 0.04332582685682509
1 0.0506668746471405 0.9207478841145833 0.101333749294281 0.15363701714409722
0 0.40343211889266967 0.2965553707546658 0.017035436630249024 0.05553800794813368
1 0.37694675996899607 0.4007994996176826 0.06781362146139144 0.06859632598029243
0 0.5693566679954529 0.21765273412068684 0.010689902305603027 0.04403353797064887
0 0.5341289162635803 0.18839758767022027 0.008668923377990722 0.03678828345404731
1 0.5456295371055603 0.12414852248297797 0.014823603630065917 0.02900838851928711
0 0.33237959202378986 0.26695386038886176 0.01582898385822773 0.052112982008192275
0 0.9313962459564209 0.543974961174859 0.024237680435180663 0.05925949944390191
0 0.6881954371929169 0.3192693180508084 0.03494502305984497 0.06526512569851345
1 0.4540006101131439 0.20852771335177953 0.029910409450531007 0.06481814914279514
0 0.3328936696052551 0.30399222903781464 0.018121743202209474 0.055354139539930555
1 0.16008368134498596 0.5279033342997234 0.07028325796127319 0.07775435977511935
0 0.42532787919044496 0.29961318969726564 0.016206109523773195 0.06395488315158421
0 0.3975809156894684 0.19574886957804363 0.011609649658203125 0.04325122833251953
0 0.9657394647598266 0.5171508153279623 0.021381235122680663 0.05663939581976996
1 0.4749643921852112 0.5522615644666884 0.06809120178222657 0.09273863898383247
0 0.41614561676979067 0.2650273217095269 0.013656699657440185 0.04928665161132813
0 0.49076123237609864 0.29874078962537975 0.01668515205383301 0.06342650519476997
3 0.4546753764152527 0.24808305634392633 0.037481379508972165 0.14290846718682182
0 0.2939588904380798 0.4061195797390408 0.018076014518737794 0.05634214613172743
0 0.4727044999599457 0.17404677602979873 0.008132803440093993 0.03556559880574544
0 0.5647696614265442 0.16695291201273602 0.008279633522033692 0.03421763314141168
0 0.08524391651153565 0.3650883992513021 0.052330368757247926 0.07251453399658203
1 0.085282002389431 0.6392477671305339 0.08729467689990997 0.0918460422092014
0 0.6040843106806278 0.29722135331895616 0.008168621361255646 0.06235279507107205
0 0.37944585382938384 0.2552655749850803 0.012953466176986695 0.04734899732801649
1 0.5095077395439148 0.464057461420695 0.061448979377746585 0.07357774310641818
3 0.9697036981582642 0.6103774176703559 0.057626867294311525 0.19469273885091146
0 0.3555223420262337 0.29565015368991426 0.019309356808662415 0.05815881093343099
0 0.9926929831504822 0.5387276967366537 0.014614033699035644 0.07414033677842882
0 0.5269636869430542 0.162050199508667 0.00714569091796875 0.03124208450317383
0 0.43595497608184813 0.40951568285624185 0.030163264274597167 0.04713866975572374
0 0.3488896168768406 0.251920043097602 0.015403328835964203 0.053650283813476564
1 0.26705801486968994 0.47557202445136176 0.06362977027893066 0.06279718610975478
0 0.4167020618915558 0.15693542162577312 0.009223353862762452 0.03391326268513997
0 0.5049707770347596 0.15362325774298774 0.007654213905334472 0.030711057451036243
0 0.7414096832275391 0.36350284152560763 0.028042078018188477 0.0834403779771593
0 0.6594193547964096 0.25562242931789825 0.019199782609939577 0.04844192928738064
0 0.4298644721508026 0.17254576153225368 0.007996571063995362 0.03495583004421658
0 0.27627134323120117 0.30905334684583874 0.014418792724609376 0.04811912112765842
0 0.8125509262084961 0.43255606757269965 0.032989788055419925 0.09588305155436198
0 0.5399024844169616 0.1660352283053928 0.007440829277038574 0.030556360880533855
3 0.05073740722145885 0.9095809300740559 0.1003743123728782 0.180838139851888
0 0.44063828587532045 0.13481543329026963 0.006294023990631103 0.025734678904215495
1 0.8650766849517822 0.5666821585761176 0.06504888534545898 0.08037469651963976
0 0.5818930625915527 0.24694240358140734 0.01302957534790039 0.04167965783013238
3 0.4930095911026001 0.12145131958855523 0.013013792037963868 0.03426131142510308
