0 0.15812764167785645 0.6430743323432074 0.05965099334716797 0.1530650668674045
0 0.354094922542572 0.33943554560343425 0.037138867378234866 0.08424621158175999
1 0.15926069617271424 0.6430210325453016 0.07307707071304322 0.16054445902506512
1 0.5584806442260742 0.3988289727105035 0.07327895164489746 0.12266875372992622
0 0.7637621879577636 0.3804775661892361 0.0321746826171875 0.08878406948513455
0 0.2581057548522949 0.4123951382107205 0.027709770202636718 0.09594993591308594
0 0.0764719307422638 0.3944562276204427 0.057916533946990964 0.07909613715277777
0 0.6176746964454651 0.17846414777967665 0.014772391319274903 0.038339191012912326
0 0.6153257369995118 0.3156922870212131 0.0280210018157959 0.0814337412516276
0 0.3882658243179321 0.28050823211669923 0.023902833461761475 0.08047209845648871
0 0.732156229019165 0.38390089670817057 0.03579778671264648 0.1034672631157769
0 0.6152745723724365 0.2589729097154405 0.021456146240234376 0.05858022901746962
0 0.40251925587654114 0.23291041056315104 0.02102663516998291 0.06976644727918836
0 0.18600496053695678 0.42088360256618923 0.043812108039855954 0.10344835917154947
2 0.5417202353477478 0.24069611231486002 0.05681049823760986 0.11670763227674696
1 0.45712331533432005 0.13784286710951063 0.022936534881591798 0.03371306525336371
0 0.4456753432750702 0.18463393317328558 0.013557970523834229 0.03941379123263889
0 0.37683616280555726 0.2188060654534234 0.019618797302246093 0.054600969950358076
1 0.7443054795265198 0.3823699845208062 0.07596914768218994 0.11842899322509766
2 0.5576627969741821 0.3794586075676812 0.08583207130432129 0.18113943735758464
1 0.4024158984422684 0.23130427466498482 0.02560507655143738 0.06850713094075521
