2 0.6382756471633911 0.2916126092274984 0.12423334121704102 0.2572619438171387
1 0.4352264583110809 0.20719080501132542 0.037301385402679445 0.07417349285549588
0 0.7227605760097504 0.38009599049886067 0.03747605085372925 0.09590059916178385
0 0.791439437866211 0.5342630174424913 0.04111838340759277 0.13880411783854166
1 0.07601076662540436 0.39336811701456703 0.06228563189506531 0.09790265825059678
0 0.23815474510192872 0.41480882432725696 0.03171570301055908 0.11107550726996528
1 0.7892849683761597 0.5258130656348334 0.048169279098510744 0.1273782836066352
0 0.7547931671142578 0.37514250013563366 0.027301549911499023 0.08246269226074218
0 0.07711931467056274 0.3950144449869792 0.060325604677200315 0.0824239730834961
1 0.4386593699455261 0.15619999567667645 0.024072885513305664 0.04343191782633463
0 0.5471717357635498 0.11932504971822103 0.0100128173828125 0.02716357972886827
