1 0.5521649241447448 0.3297284444173177 0.061187577247619626 0.10194871690538194
0 0.3571974873542786 0.3222477806939019 0.02866384983062744 0.08402006361219617
0 0.7352672934532165 0.3960717413160536 0.03240158557891846 0.09718875885009766
0 0.37007445842027664 0.2142097685072157 0.017557260394096375 0.05649214850531684
0 0.20697684288024903 0.441926998562283 0.044172477722167966 0.09726147121853299
0 0.6732323169708252 0.2908372984992133 0.026225471496582033 0.07314692603217231
1 0.20983333587646485 0.4381647480858697 0.05011129379272461 0.10501383675469292
0 0.9615502834320069 0.7598287794325087 0.07689943313598632 0.2071592542860243
0 0.06515357196331024 0.40110528733995227 0.038159793615341185 0.07796512179904513
0 0.5220900356769562 0.2537949562072754 0.028561198711395265 0.05910417768690321
0 0.39883625507354736 0.2602227210998535 0.0237310528755188 0.07339301639133029
0 0.10375466644763946 0.28528303570217556 0.02636534571647644 0.054267268710666235
0 0.563880467414856 0.1572593847910563 0.013122653961181641 0.03464225133260091
3 0.958289909362793 0.7540015750461154 0.08342018127441406 0.21697523328993057
0 0.6323629736900329 0.2160869386461046 0.021295666694641113 0.052957577175564235
0 0.4226961851119995 0.16672347916497124 0.01488029956817627 0.03716512256198459
0 0.38734970390796664 0.16929389105902778 0.013005870580673217 0.033996031019422744
