2 0.7008929252624512 0.4330554962158203 0.18912506103515625 0.37894948323567706
0 0.8546604156494141 0.6040671030680339 0.061536407470703124 0.15249769422743056
1 0.8530059218406677 0.6087924745347765 0.07387282848358154 0.16336436801486545
0 0.3586969882249832 0.2727857271830241 0.027200382947921754 0.06948121388753255
0 0.12875943183898925 0.5720915900336372 0.05502505302429199 0.13938395182291666
0 0.295307993888855 0.32682484520806204 0.03152699470520019 0.08241971333821614
0 0.2627865672111511 0.4136390527089437 0.031324458122253415 0.0705489158630371
0 0.6099106788635253 0.1972653388977051 0.01776862144470215 0.04465041690402561
0 0.5735323190689087 0.16219020949469673 0.011669731140136719 0.03504039976331923
3 0.6995315462350845 0.8857050789727106 0.10772427916526794 0.228589842054579
0 0.5519627451896667 0.17496538162231445 0.015691113471984864 0.038453102111816406
0 0.3791443586349487 0.17271749708387588 0.01357574462890625 0.03861473931206597
0 0.35233438536524775 0.22150263256496852 0.0179192379117012 0.03844220903184679
0 0.6999445915222168 0.8884975009494358 0.088934326171875 0.22300499810112848
0 0.07786120772361756 0.4025159623887804 0.0612662672996521 0.0795745849609375
0 0.5476124286651611 0.14175463252597384 0.0101165771484375 0.027821805742051866
1 0.12910151481628418 0.5652000321282281 0.05722646713256836 0.13749819861518012
0 0.6390472054481506 0.2360095765855577 0.020426297187805177 0.042846764458550346
2 0.7004008680582047 0.8858065711127387 0.10752963423728942 0.22838685777452256
0 0.6305871732532978 0.20889223946465385 0.015061341226100922 0.041250716315375434
