0 0.7525785446166993 0.5276944902208116 0.062455606460571286 0.10599704318576389
0 0.594639265537262 0.38233413696289065 0.03634965419769287 0.08087268405490451
0 0.20237226486206056 0.6156541188557942 0.03484535217285156 0.1542215135362413
0 0.2794508457183838 0.4429379357231988 0.019581413269042967 0.0729752434624566
1 0.5163106620311737 0.1887532869974772 0.027627003192901612 0.04612674713134766
0 0.6050492655485868 0.2515100691053602 0.01009853109717369 0.05541733635796441
0 0.8481192588806152 0.7356903076171875 0.04735889434814453 0.1611968994140625
0 0.5653685450553894 0.3492839601304796 0.02740147113800049 0.07467087639702691
0 0.7988683223724365 0.7787596808539496 0.05281496047973633 0.18044823540581598
0 0.3519925355911255 0.35954011281331383 0.017328739166259766 0.07427007887098525
0 0.3152046203613281 0.3908391316731771 0.02309582233428955 0.10140200720893013
0 0.586511778831482 0.2372243563334147 0.012857866287231446 0.050778643290201826
0 0.3534782826900482 0.23945227728949653 0.012948793172836304 0.051868904961480035
0 0.5661328077316284 0.22650925318400064 0.011746883392333984 0.05082861582438151
0 0.9526504516601563 0.9130356682671441 0.08274927139282226 0.16731770833333334
3 0.45130434036254885 0.2527792188856337 0.044414520263671875 0.1299522187974718
0 0.423981174826622 0.16251912117004394 0.00896957516670227 0.03697945276896159
0 0.36368298530578613 0.30594555536905926 0.015267503261566163 0.06016606224907769
0 0.38512689173221587 0.3041156450907389 0.0172382652759552 0.06761582692464192
0 0.9737459182739258 0.7729338751898871 0.050506305694580075 0.13087090386284722
0 0.2808481454849243 0.4016433636347453 0.017372655868530273 0.05290401776631673
0 0.5529914975166321 0.16862511105007597 0.008334183692932129 0.03562706841362847
0 0.39992375373840333 0.3313031514485677 0.02135810852050781 0.08465713924831814
0 0.5249058842658997 0.14198084937201605 0.007499432563781739 0.028989940219455296
0 0.08415846824645996 0.3654089609781901 0.05466504693031311 0.07712944878472222
0 0.5420025229454041 0.14317449463738335 0.0076476335525512695 0.02933732138739692
0 0.8491127014160156 0.6197412702772352 0.04922399520874023 0.12672822740342882
1 0.5048268735408783 0.1376713169945611 0.01574198007583618 0.032675647735595705
0 0.4059477150440216 0.24448352389865452 0.012291967868804932 0.04866591559516059
0 0.3207739591598511 0.33099519941541883 0.02007136344909668 0.06555934482150608
0 0.43111916184425353 0.13838640848795572 0.007272493839263916 0.027566146850585938
0 0.3035184979438782 0.3246889538235135 0.020418190956115724 0.06771736145019532
0 0.42124546468257906 0.23508008321126303 0.01143839955329895 0.05410355461968316
0 0.34610774740576744 0.29780840343899195 0.016945959627628328 0.06205404069688585
0 0.3667252942919731 0.26426117155287 0.014302495121955871 0.05207864973280165
1 0.46714547276496887 0.11385144657558866 0.013132321834564208 0.027975516849093968
0 0.40801126062870025 0.29340374204847547 0.016660207509994508 0.06522841983371311
0 0.3798221707344055 0.21425194210476345 0.011813163757324219 0.04341155158148872
1 0.8522229194641113 0.6071003595987956 0.06524944305419922 0.14694201151529948
0 0.27552908658981323 0.3069447941250271 0.015216183662414551 0.052389632331000434
1 0.4510095536708832 0.3021533779799938 0.03973542451858521 0.02560540321800444
0 0.38795587718486785 0.247578673892551 0.01352108120918274 0.05076249440511068
0 0.8128292083740234 0.42903959486219617 0.032573699951171875 0.09957288106282552
1 0.7533363938331604 0.5271718131171332 0.06078670024871826 0.11505995856391059
0 0.37646461725234986 0.25957905451456703 0.011707353591918945 0.0512753168741862
1 0.972024142742157 0.7892979727851019 0.055803990364074706 0.16437500847710504
0 0.4501461863517761 0.12142380078633626 0.006189584732055664 0.0237092653910319
3 0.9611476063728333 0.6056232240464953 0.07449209690093994 0.20591316223144532
