0 0.41164603233337405 0.5020819769965278 0.06926167011260986 0.11175130208333334
0 0.22056992053985597 0.38011288113064234 0.04709316492080688 0.08534151713053385
1 0.42454380691051485 0.17726203070746527 0.02279127240180969 0.039670435587565105
1 0.5527407050132751 0.263014464908176 0.04120328426361084 0.06932472652859158
0 0.9162141799926757 0.6920472462972005 0.054209136962890626 0.14875920613606772
0 0.6025851845741272 0.2456549220614963 0.014204287528991699 0.05254400041368273
0 0.15943334102630616 0.3756887647840712 0.053374958038330075 0.08461214701334635
0 0.3176235556602478 0.30958665211995445 0.019525361061096192 0.0636537339952257
1 0.5461248397827149 0.12486995591057672 0.016917848587036134 0.02903432846069336
1 0.07519792318344116 0.7593073527018229 0.14502351284027098 0.2685838911268446
0 0.5318307638168335 0.15081614918178982 0.007404184341430664 0.033452171749538843
0 0.6694931060075759 0.2996816847059462 0.018581265211105348 0.06486824883355034
3 0.08087609931826592 0.7442632145351834 0.1585204377770424 0.3272009743584527
0 0.36760232895612716 0.3112027168273926 0.022076156735420228 0.05814779069688585
0 0.4356007218360901 0.29509080251057945 0.017777848243713378 0.06421351962619358
0 0.5139189422130584 0.13673975732591417 0.007689487934112549 0.02821679645114475
0 0.29304072856903074 0.32243210474650064 0.02081136703491211 0.06455122629801432
1 0.9264411091804504 0.6866938061184353 0.09269926548004151 0.16337894863552518
0 0.33632386922836305 0.31834260092841254 0.021114087104797362 0.06362726423475477
0 0.4318577289581299 0.14528202480740018 0.007845735549926758 0.028224690755208334
1 0.3868972659111023 0.5196711646185981 0.02620546817779541 0.07377081976996527
0 0.6382384955883026 0.22793793148464628 0.016921335458755495 0.04484791225857205
1 0.4130916386842728 0.2346728218926324 0.03509096503257751 0.07056181165907117
3 0.967196273803711 0.5975988864898681 0.06382966041564941 0.2982683287726508
3 0.795206481218338 0.21421624819437662 0.054428708553314206 0.14233819113837348
2 0.07422406077384949 0.7600965711805555 0.1446703553199768 0.2652689615885417
0 0.3419679194688797 0.23935232162475586 0.021964281797409058 0.04097050560845269
3 0.46261640787124636 0.2339311917622884 0.041372251510620114 0.15246473948160807
0 0.5001253366470337 0.30858538813061187 0.021925759315490723 0.03939299848344591
1 0.4632039725780487 0.2565559493170844 0.03780847787857056 0.1053367402818468
0 0.5323405265808105 0.1294904073079427 0.006417226791381836 0.023883692423502603
0 0.4046943664550781 0.2961966196695964 0.01934218406677246 0.07151207394070096
