1 0.6121835231781005 0.5926274193657769 0.10678987503051758 0.21580157809787326
1 0.19712578058242797 0.6141130023532444 0.0850820779800415 0.18366228739420573
0 0.7022240400314331 0.3757993592156304 0.029057407379150392 0.09924263424343532
0 0.738330078125 0.5498501247829861 0.05033516883850098 0.13293978373209636
0 0.6162871275097132 0.22435489230685765 0.016959821432828905 0.04488453335232205
1 0.7377268016338349 0.546801683637831 0.06331003904342651 0.1495085186428494
0 0.1959802746772766 0.6152425130208333 0.06927821636199952 0.16081496344672308
0 0.36644783020019533 0.29781951904296877 0.026314592361450194 0.07572339375813802
0 0.3372381407767534 0.2838812616136339 0.0222393237054348 0.06274632347954644
0 0.3925761431455612 0.1728601826561822 0.01143236756324768 0.043601110246446396
0 0.2469210982322693 0.3727809800042046 0.03296525478363037 0.07615680694580078
3 0.5420657396316528 0.24543760617574056 0.06978669166564941 0.2327648056877984
0 0.2756497263908386 0.3248870743645562 0.025542187690734863 0.07087039947509766
1 0.548552417755127 0.2762230767144097 0.052607488632202146 0.08831888834635417
0 0.32583805322647097 0.36715385648939347 0.03194587230682373 0.0890127182006836
0 0.355062398314476 0.22527026070488823 0.015171408653259277 0.06055380503336589
0 0.07558047175407409 0.39698706732855904 0.056001341342926024 0.06987406412760416
0 0.37820274829864503 0.16712941593594022 0.0108642578125 0.03221464157104492
0 0.3440002776682377 0.22893320719401042 0.018217049539089203 0.051568094889322916
0 0.41148546040058137 0.22107628716362848 0.014139527082443237 0.049150339762369794
3 0.6088379859924317 0.5903926637437609 0.12227611541748047 0.234485838148329
0 0.4412072718143463 0.23143009609646267 0.015468466281890868 0.055207612779405384
0 0.39127455055713656 0.3013158798217773 0.0216408908367157 0.07831145392523872
0 0.399382746219635 0.21371777852376303 0.013262903690338135 0.047804005940755206
0 0.43380661606788634 0.15856440862019858 0.009568130970001221 0.03787735833062066
0 0.24600570201873778 0.3154004308912489 0.02724900245666504 0.054242854648166236
0 0.4602195739746094 0.1344137986501058 0.009096527099609375 0.027654446495903862
0 0.4121687918901443 0.17796143955654567 0.012207669019699097 0.047288375430636936
0 0.4410736382007599 0.14524060885111492 0.008229577541351318 0.03031301498413086
