0 0.6701802253723145 0.3462167421976725 0.02883939743041992 0.08657406700981987
0 0.8305341720581054 0.701970206366645 0.07244648933410644 0.17500771416558158
0 0.691996431350708 0.3190659417046441 0.028779315948486327 0.07733171251085069
0 0.5365339994430542 0.2465619405110677 0.016819143295288087 0.0480155520968967
0 0.6340866327285767 0.30236135058932834 0.023735666275024415 0.06774938371446397
0 0.6349491000175476 0.25381611718071834 0.02279398441314697 0.05524830288357205
0 0.6731330394744873 0.284968630472819 0.020301055908203126 0.04794578552246094
0 0.17488522529602052 0.49644944932725693 0.04381643533706665 0.1074790530734592
0 0.5923597693443299 0.16363395584954155 0.013867592811584473 0.03555103937784831
0 0.3768747806549072 0.18594641155666775 0.01790752410888672 0.040672789679633246
1 0.690899658203125 0.3223652442296346 0.027756309509277342 0.06695271068149143
0 0.41106208860874177 0.27434368133544923 0.02223319411277771 0.07528411017523871
0 0.7113967776298523 0.3278279622395833 0.017689824104309082 0.07660335964626735
1 0.6693354576826096 0.3434093713760376 0.02917073369026184 0.07361396683586968
0 0.39885776937007905 0.17154941029018825 0.012736362218856812 0.03767340977986654
0 0.944623327255249 0.8714145872328016 0.02087554931640625 0.044998719957139756
