0 0.1836935520172119 0.8130831400553385 0.0814409613609314 0.2081873575846354
1 0.5386619985103607 0.2869092411465115 0.046920835971832275 0.08228562672932943
0 0.30405611991882325 0.52045775519477 0.049999427795410153 0.13516803317599826
0 0.6575738191604614 0.28818378448486326 0.02577838897705078 0.07829327053493923
0 0.3316016122698784 0.3663227399190267 0.022578224539756775 0.07526569366455078
0 0.29733229875564576 0.3140045801798503 0.031266427040100096 0.07778502570258247
0 0.3964643687009811 0.19626490275065103 0.014009577035903931 0.042019950018988714
0 0.07523724436759949 0.39508162604437935 0.057881391048431395 0.08378346761067708
0 0.6317389570176601 0.2833011097378201 0.024099721014499663 0.07143429650200737
1 0.30056601762771606 0.5150642395019531 0.07692201137542724 0.16402723524305557
0 0.3696166485548019 0.4845038308037652 0.028245729207992554 0.09843618604871962
0 0.3524014107882977 0.25789011849297416 0.0163237527012825 0.0635364744398329
1 0.6879489898681641 0.711602783203125 0.12571892738342286 0.26719902886284724
0 0.39183712005615234 0.31422627766927086 0.025660204887390136 0.0800495359632704
0 0.39187000393867494 0.2517833709716797 0.02330281734466553 0.07450735304090712
0 0.4164799302816391 0.18274299833509658 0.011550480127334594 0.04241029951307509
3 0.2927459359169006 0.7865105311075846 0.1070810079574585 0.2518659379747179
0 0.29335579872131345 0.7811720106336806 0.0864527940750122 0.22123514811197917
1 0.07689024657011032 0.3945238431294759 0.06034640371799469 0.10364131927490235
0 0.37336545586586 0.20443604787190756 0.01338554620742798 0.04409213595920139
1 0.3315097083803266 0.35794665813446047 0.021530546713620424 0.07042207188076444
0 0.35537946298718454 0.3468483501010471 0.031241749227046967 0.07061053382025825
0 0.43338820338249207 0.1706579950120714 0.012994205951690674 0.037059720357259116
1 0.38941996097564696 0.24860479566786026 0.021160078048706055 0.07792879740397135
0 0.30670512914657594 0.6525316026475695 0.03341085910797119 0.08060311211480034
0 0.4234544575214386 0.19811745749579535 0.0137457013130188 0.048239241706000434
0 0.3492530781775713 0.405878660413954 0.03590015396475792 0.08729578653971354
