1 0.3626591920852661 0.667058817545573 0.12543787956237792 0.2718404557969835
0 0.2119320034980774 0.4461326599121094 0.02571127414703369 0.09326443142361111
0 0.6958700180053711 0.36601774427625866 0.03443288803100586 0.08971447414822048
3 0.43028982281684874 0.3173445807562934 0.10017918348312378 0.27649993896484376
0 0.3561153240501881 0.32006720436943903 0.02561068385839462 0.08190818362765842
0 0.3766817569732666 0.2871246231926812 0.017928111553192138 0.06753482818603515
0 0.6140116453170776 0.19598584704928929 0.015939950942993164 0.04749308692084418
3 0.38223596215248107 0.6755038473341201 0.12384692430496216 0.32846414777967664
0 0.09427151381969452 0.40606666141086156 0.0259083092212677 0.058694415622287326
0 0.3488577030599117 0.2682231691148546 0.019630713760852812 0.052363289727105036
0 0.370251390337944 0.23187356524997288 0.022494810819625854 0.06532018449571397
0 0.14566264152526856 0.6095749749077691 0.04560378789901733 0.14869329664442274
1 0.3540254354476929 0.31710666020711265 0.03292522430419922 0.09539347754584418
0 0.3750144481658936 0.1998058795928955 0.014576113224029541 0.044304646386040585
1 0.3173648238182068 0.3468388239542643 0.038189482688903806 0.10123990376790365
0 0.4185770362615585 0.17947559886508518 0.011621838808059693 0.031247403886583116
