3 0.6055198788642884 0.4461565534273783 0.11088430881500244 0.234958545366923
0 0.36901705265045165 0.34876764085557727 0.020728874206542968 0.08331722683376735
0 0.69783034324646 0.48951636420355904 0.02853817939758301 0.09777942233615451
0 0.4032082974910736 0.27405889299180775 0.015902507305145263 0.06498536003960503
0 0.6831610769033432 0.3922098053826226 0.02371169924736023 0.08540960947672525
0 0.23577306270599366 0.8110347323947482 0.041556501388549806 0.20205777486165363
0 0.2569612145423889 0.4098407533433702 0.017585349082946778 0.06381270090738932
1 0.4604106187820435 0.20931404961480035 0.028376841545104982 0.05666228400336371
0 0.731550145149231 0.4527314927842882 0.024542641639709473 0.08970413208007813
0 0.34168258160352705 0.24340894487169054 0.015990552306175233 0.050025728013780385
0 0.4209001064300537 0.8293754577636718 0.049755001068115236 0.18282674153645834
0 0.8364137649536133 0.6254908243815104 0.037799835205078125 0.1480971866183811
0 0.31227195262908936 0.331122801038954 0.01905975341796875 0.07022128634982638
1 0.5872654438018798 0.264139281378852 0.04359893798828125 0.06751412285698785
0 0.38226417899131776 0.2358684751722548 0.01304936408996582 0.05325656467013889
0 0.41073777973651887 0.36342186397976345 0.021557492017745972 0.08357022603352865
1 0.5296944737434387 0.14742273224724664 0.019560742378234863 0.03337104585435655
1 0.45085906982421875 0.2911996417575412 0.03825287818908692 0.08002590603298611
0 0.7548192501068115 0.7141170925564236 0.04026994705200195 0.16587210761176216
0 0.5138754606246948 0.47578792572021483 0.027483701705932617 0.11778797573513455
0 0.4259393632411957 0.23241470124986435 0.012571418285369873 0.05161974165174696
0 0.3282597541809082 0.4277017805311415 0.027098703384399413 0.10186538696289063
0 0.6721387147903443 0.3168770048353407 0.016938066482543944 0.06219249301486545
0 0.31959445476531984 0.6222270965576172 0.03389592170715332 0.15743162367078994
0 0.17797181606292725 0.658646223280165 0.03807811737060547 0.14647132025824652
1 0.5708730220794678 0.3289780298868815 0.05021181106567383 0.08268114725748697
0 0.6566984906792641 0.4016256332397461 0.01966569125652313 0.08302150302463107
0 0.335297155380249 0.31972678502400714 0.01915440559387207 0.07354132334391277
0 0.6407768487930298 0.33903860516018336 0.02054758071899414 0.07745062510172526
1 0.4405523896217346 0.12369446224636502 0.015084052085876464 0.025513733757866752
0 0.7486234188079834 0.5766377766927083 0.029025554656982422 0.12974785698784722
1 0.5143575072288513 0.11599606408013238 0.012583565711975098 0.023880089653862846
0 0.7169393539428711 0.5913625081380208 0.035248947143554685 0.136874262491862
0 0.39832275807857515 0.20668055216471354 0.012746316194534302 0.047397147284613715
0 0.157464861869812 0.7857621934678819 0.0488150954246521 0.1855484856499566
0 0.36624807119369507 0.20556712680392794 0.012741446495056152 0.045313856336805555
0 0.5866854786872864 0.1847852494981554 0.011643052101135254 0.037247085571289064
0 0.43396340012550355 0.1573355515797933 0.008082640171051026 0.03552372190687392
0 0.5591468453407288 0.18200560145907932 0.008845067024230957 0.037897713979085285
0 0.5409480452537536 0.1621641053093804 0.007999157905578614 0.03348441653781467
0 0.9063190460205078 0.8535020616319444 0.06353225708007812 0.20365939670138888
3 0.4578239381313324 0.14918104807535806 0.024191439151763916 0.055837991502549915
0 0.4155813008546829 0.20305958853827583 0.01037246584892273 0.04470645056830512
0 0.2740589022636414 0.3085959858364529 0.01954524517059326 0.05605759090847439
0 0.7558565080165863 0.4872455173068576 0.01774221658706665 0.07786314222547742
0 0.9818620681762695 0.7869370354546441 0.0346649169921875 0.17054918077256945
0 0.8154513239860535 0.43353472815619576 0.021987509727478028 0.06380950080023871
0 0.5142204105854035 0.1422544214460585 0.007098495960235596 0.027087095048692493
0 0.7412140250205994 0.5033555666605631 0.01757354736328125 0.06386597951253255
3 0.9642018795013427 0.6044028176201715 0.06660552024841308 0.24247169494628906
0 0.31250489950180055 0.23508377075195314 0.011897397041320801 0.05088509453667535
0 0.6059779077768326 0.27691964043511286 0.01195581555366516 0.05972366333007813
0 0.6515844449400902 0.31982573403252496 0.013225594162940979 0.06456118689643012
0 0.2676928758621216 0.3668798314200507 0.016168212890625 0.048455900616115995
1 0.7666272580623626 0.6726591957939996 0.06592179536819458 0.0769038306342231
0 0.07394242286682129 0.3641057332356771 0.056520938873291016 0.08207668728298612
0 0.8502946138381958 0.4353562143113878 0.020648097991943358 0.05379000769721137
0 0.5892714023590088 0.2187862714131673 0.01277303695678711 0.03975124359130859
0 0.4203494369983673 0.16536482175191244 0.008134472370147704 0.036039341820610894
0 0.24563449621200562 0.36591601901584203 0.01925327777862549 0.04995034535725911
0 0.3991903096437454 0.15792700449625652 0.010067874193191528 0.03478910658094618
3 0.4657283365726471 0.10536733733283149 0.017813265323638916 0.03795453177558051
3 0.626110847806558 0.961153221130371 0.04946211175993085 0.07769355773925782
1 0.3043505072593689 0.9567430072360569 0.052817130088806154 0.08651398552788628
0 0.6269058465957642 0.2124333487616645 0.01876974105834961 0.03644396464029948
0 0.3351580772548914 0.282655758327908 0.015042372792959214 0.04685736762152778
