0 0.17782926559448242 0.39268273247612845 0.056111907958984374 0.08111843532986111
1 0.527620154619217 0.22117717530992295 0.030412042140960695 0.04909335242377387
0 0.697525930404663 0.4863258785671658 0.06031951904296875 0.10127894083658855
0 0.5445685386657715 0.25718461142645943 0.013653373718261719 0.058891783820258246
0 0.546567690372467 0.35857328838772246 0.02119181156158447 0.07256738874647352
0 0.6062138319015503 0.2946233855353461 0.01358489990234375 0.06127266354031033
0 0.5461104393005372 0.1821212715572781 0.009454154968261718 0.039248455895317926
0 0.5883572936058045 0.21691642337375217 0.012035727500915527 0.04671033223470052
0 0.6328097030520439 0.29995650185479056 0.016241851449012756 0.06379544999864366
0 0.5681353807449341 0.2663355933295356 0.013320207595825195 0.05519341362847222
1 0.46183940172195437 0.21875814861721463 0.03025655746459961 0.05524124569363064
0 0.5652994155883789 0.2124429490831163 0.011413097381591797 0.04723370869954427
1 0.46392980217933655 0.27580988142225477 0.031741130352020266 0.0664888170030382
0 0.053091615438461304 0.5522970835367839 0.07813868522644044 0.11724472045898438
1 0.5678606986999511 0.5468134138319227 0.15146927833557128 0.12514716254340277
0 0.6700508534908295 0.2991135597229004 0.01911405324935913 0.06408913930257161
0 0.12153156995773315 0.3872984144422743 0.04955699443817139 0.08634582095675998
0 0.5617927670478821 0.30952204598320854 0.013805842399597168 0.06289513905843098
0 0.5956048250198365 0.2757163789537218 0.013492345809936523 0.058969370524088544
0 0.5240803122520447 0.18377048174540203 0.009773659706115722 0.036238638559977214
0 0.43421889543533326 0.29278923670450846 0.01689176559448242 0.06967728932698568
0 0.31025277376174926 0.2983422067430284 0.019909214973449708 0.07072934044731988
1 0.5461298227310181 0.1243750943077935 0.016538047790527345 0.029205184512668184
0 0.39443896114826205 0.20309343338012695 0.009785741567611694 0.04148031870524089
0 0.3380314983427525 0.24882334603203668 0.013932950794696808 0.04934135013156467
0 0.34043616577982905 0.2980253749423557 0.018131603300571442 0.057911109924316403
0 0.5105314016342163 0.15888465775383842 0.007711434364318847 0.033953253428141275
0 0.022653095424175262 0.37086944580078124 0.044330480694770816 0.08052669101291232
0 0.40862390398979187 0.1928999900817871 0.009414803981781007 0.03853927188449436
0 0.36888393610715864 0.3089454650878906 0.017270508408546447 0.0621360354953342
0 0.3766420155763626 0.26651617685953777 0.012658709287643432 0.05683869255913628
0 0.35910408198833466 0.26664018630981445 0.014027506113052368 0.05035779741075304
0 0.528393542766571 0.16949151886834038 0.008436274528503419 0.03215093612670898
1 0.4101985454559326 0.24101188447740343 0.03335502147674561 0.06304806603325738
0 0.5388330221176147 0.14467809465196396 0.006413888931274414 0.02891241709391276
0 0.512097305059433 0.124214416080051 0.006367695331573486 0.022158580356174046
1 0.1795523941516876 0.39942045476701526 0.05037721395492554 0.06304337713453505
0 0.2875267148017883 0.29167814254760743 0.0191422700881958 0.06959586673312718
1 0.42222500741481783 0.20696367687649198 0.028886443376541136 0.04516760508219401
0 0.420657616853714 0.17204436196221246 0.00853337049484253 0.03350149790445964
0 0.3831902354955673 0.221406618754069 0.011453145742416381 0.04421297709147135
0 0.5253424644470215 0.1430522812737359 0.007789802551269531 0.028812938266330294
0 0.36861885637044906 0.2109895706176758 0.01177838146686554 0.03969027201334636
0 0.40363306999206544 0.29649904039171004 0.01926243305206299 0.07115563286675347
0 0.6367222294211388 0.22848583857218424 0.016643193364143372 0.041847207811143664
0 0.49625649452209475 0.14271525806850857 0.007049298286437989 0.03037741978963216
0 0.37133136242628095 0.24084193971421983 0.012969091534614563 0.04478732215033637
0 0.5201580166816712 0.14684504403008355 0.006421828269958496 0.029635132683648004
3 0.4612019121646881 0.16046294106377496 0.03039799928665161 0.07891496022542317
0 0.4405220091342926 0.14773570696512858 0.007859742641448975 0.02997306187947591
1 0.3300957091152668 0.17405916319953071 0.0195664182305336 0.04115071826510959
3 0.9640756130218506 0.5679337819417317 0.07175912857055664 0.28568454318576386
0 0.39189974069595335 0.26861259672376847 0.014809870719909668 0.058190006679958765
1 0.02213201941922307 0.3781659921010335 0.04196818228811026 0.06434897316826714
