1 0.6457528591156005 0.6590658399793837 0.13692855834960938 0.2852537790934245
1 0.5687949299812317 0.30317841635810006 0.060974621772766115 0.10600414276123046
0 0.675554159283638 0.29611500634087456 0.02557423710823059 0.07710160149468316
1 0.5793413639068603 0.38661973741319444 0.06559748649597168 0.1066377427842882
2 0.5763545393943786 0.3663046412997776 0.0749497652053833 0.15483150482177735
0 0.6572087049484253 0.2768477121988932 0.020302820205688476 0.0662949456108941
0 0.5692066073417663 0.1419055673811171 0.011369538307189942 0.03381117714775933
0 0.6398722767829895 0.28577828937106664 0.019674313068389893 0.06525228288438585
0 0.7003949642181396 0.31831012301974826 0.025677013397216796 0.08455901675754124
0 0.07548276782035827 0.39894002278645835 0.05724855661392212 0.0693290286593967
3 0.575626277923584 0.36714969211154513 0.07659516334533692 0.1565216064453125
2 0.6422747492790222 0.6490808804829915 0.15607550144195556 0.33858699798583985
3 0.4781614005565643 0.1537308904859755 0.047953236103057864 0.10843643612331814
0 0.6361578345298767 0.23662549124823676 0.019941210746765137 0.056092855665418835
0 0.39051062762737276 0.2201068878173828 0.02203320860862732 0.052177641126844615
2 0.48147334456443786 0.14762314160664877 0.05527087450027466 0.12061382929484049
