1 0.639994478225708 0.5698930528428819 0.1017416000366211 0.17694490220811632
1 0.5658592343330383 0.3638628959655762 0.055810856819152835 0.10113442738850911
0 0.2895057678222656 0.5267734103732639 0.029105758666992186 0.134945805867513
0 0.5135634899139404 0.4749410841200087 0.027039813995361327 0.12367964850531685
1 0.4160693407058716 0.20206915537516276 0.027962136268615722 0.04809697469075521
0 0.6760170519351959 0.3555700408087836 0.021951830387115477 0.0698635737101237
1 0.4460058152675629 0.2450695037841797 0.0335746169090271 0.0665022956000434
0 0.6082274436950683 0.25563730663723416 0.015601396560668945 0.05676648881700304
0 0.3239521384239197 0.2757232666015625 0.017755341529846192 0.0641818576388889
0 0.29565541744232177 0.7080595228407118 0.03468279838562012 0.17668605380588107
0 0.7235210061073303 0.41432914733886717 0.025272703170776366 0.07512342664930556
3 0.43029961585998533 0.38362139595879446 0.06799132823944092 0.19326551225450303
0 0.30808970928192136 0.3966653611924913 0.025449514389038086 0.10345242818196615
0 0.5059468686580658 0.19245533943176268 0.00943979024887085 0.037551826900906034
0 0.3478524684906006 0.539089584350586 0.02974536418914795 0.14241748385959202
0 0.8469758987426758 0.6106928083631727 0.04421815872192383 0.1430408901638455
0 0.539456307888031 0.25922856860690646 0.013496851921081543 0.058849143981933597
0 0.6754884243011474 0.4500367058648003 0.026340484619140625 0.10637669033474392
0 0.22038707733154297 0.7736701117621527 0.042568111419677736 0.18014551798502604
0 0.518938171863556 0.21928504308064778 0.010918116569519043 0.046693441602918835
0 0.6375334247946739 0.34479804568820527 0.017848065495491026 0.0683140648735894
0 0.5563958883285522 0.2802943335639106 0.012721061706542969 0.05548701816134983
0 0.5889771699905395 0.22304136488172743 0.01146235466003418 0.04346572028266059
1 0.9039737701416015 0.8722885979546441 0.144268798828125 0.2313664754231771
1 0.5084834396839142 0.16712263425191243 0.02044779062271118 0.03684318330552843
3 0.440487864613533 0.6107946395874023 0.11159502863883972 0.2753698984781901
0 0.35705634355545046 0.24204878277248806 0.016257929801940917 0.062331199645996094
0 0.5499118447303772 0.19470821486579049 0.009264874458312988 0.03787412643432617
1 0.0810410737991333 0.5130819956461589 0.11280379295349122 0.1271599663628472
0 0.20825507640838622 0.6788072797987196 0.03588137626647949 0.149678463406033
0 0.9292995929718018 0.47040729522705077 0.0267242431640625 0.04942580329047309
0 0.6407766461372375 0.2724729749891493 0.022483515739440917 0.053060022989908855
0 0.5797879695892334 0.28441719479031036 0.01426401138305664 0.0593253665500217
0 0.5793112635612487 0.20875185860527887 0.011755776405334473 0.04258056216769748
0 0.01631675362586975 0.3773513370090061 0.0326335072517395 0.08602678510877822
0 0.5901359438896179 0.2631866349114312 0.011730122566223144 0.0537777582804362
0 0.43501110672950744 0.16251560317145453 0.008197605609893799 0.03612398571438259
0 0.5919371724128724 0.319398307800293 0.01749403476715088 0.06542905171712239
0 0.37184274941682816 0.2568714671664768 0.013055381178855897 0.05644219716389974
0 0.3919373363256454 0.21588931613498263 0.01079879403114319 0.04913503858778212
1 0.43976869583129885 0.6198417663574218 0.08674318790435791 0.24964599609375
0 0.5027765572071076 0.31104459762573244 0.024455440044403077 0.06643886566162109
0 0.6138362407684326 0.9384043375651042 0.05529594421386719 0.11302244398328994
0 0.49878398776054383 0.2725669436984592 0.013987982273101806 0.0531264411078559
3 0.462217116355896 0.18674627410040961 0.02833058834075928 0.0776897112528483
0 0.5256348729133606 0.19302857716878255 0.009809470176696778 0.040528488159179685
0 0.5337785959243775 0.19015621609157987 0.009609079360961914 0.04033521016438802
0 0.3313395133242011 0.20363604227701823 0.012036176398396492 0.04317427741156684
1 0.5169204771518707 0.12379091050889757 0.014844262599945068 0.02799941168891059
0 0.3796334624290466 0.23657214906480578 0.012214231491088866 0.0525446785820855
0 0.40736713707447053 0.1642266591389974 0.008628135919570923 0.03461727566189236
1 0.5634891867637635 0.24355838563707138 0.025579667091369628 0.05516656239827474
0 0.4231028020381927 0.16446609497070314 0.008115589618682861 0.03422033521864149
0 0.3973130136728287 0.18972684542338053 0.010124331712722779 0.03908010058932834
0 0.5627046346664428 0.21025851567586262 0.01126413345336914 0.04317044152153863
3 0.6459951937198639 0.5671463754442003 0.09199038743972779 0.19283373090955946
0 0.38880464136600495 0.18749505678812664 0.012180250883102418 0.03987449010213216
0 0.7590335845947266 0.38022647433810763 0.02288818359375 0.09030015733506945
1 0.8477202534675599 0.6091102176242404 0.05204942226409912 0.13218324449327257
0 0.5179583311080933 0.15343695216708714 0.007267379760742187 0.030414019690619576
0 0.5760815024375916 0.1809808890024821 0.00960977077484131 0.03716914918687608
1 0.42736370861530304 0.11051891644795736 0.014122670888900757 0.02526354259914822
3 0.6172661781311035 0.9504106733534071 0.06442265510559082 0.09917865329318576
0 0.9657928466796875 0.7038398318820529 0.06157674789428711 0.1344468010796441
0 0.811301326751709 0.43103544447157116 0.03114452362060547 0.09745131598578559
3 0.4674986839294434 0.11379295984903971 0.01470646858215332 0.04090747833251953
0 0.6310573816299438 0.31114422480265297 0.016617631912231444 0.06122866736518012
0 0.5392095565795898 0.15423982938130695 0.007550764083862305 0.030012162526448567
3 0.9729136824607849 0.6241427315606012 0.0534318208694458 0.16413468254937066
0 0.43329707384109495 0.1367754989200168 0.0066022157669067385 0.028607251909044056
0 0.28889288902282717 0.3123222536510891 0.011334514617919922 0.0468667295244005
0 0.544816541671753 0.1735419962141249 0.00817108154296875 0.03359041213989258
3 0.5003456950187684 0.1341965357462565 0.01906900405883789 0.044841490851508244
3 0.07586458176374436 0.47541912926567925 0.13971144258975982 0.20747498406304254
2 0.6379651904106141 0.5670179155137803 0.11289317607879638 0.19371753268771702
0 0.41818627119064333 0.15237921608818902 0.0076987981796264645 0.03256253136528863
0 0.6263487458229064 0.29901511073112486 0.012318110466003418 0.020252443684471978
1 0.30424760580062865 0.9577538808186848 0.053895211219787596 0.08449223836263021
