0 0.2368695020675659 0.5856167263454861 0.06402440071105957 0.15142640007866753
0 0.6261558651924133 0.294235282474094 0.031714367866516116 0.0744990242852105
0 0.041812586784362796 0.6934791988796658 0.07482323646545411 0.19469952053493925
0 0.2858667612075806 0.33782805336846244 0.03138365745544434 0.08187130822075737
1 0.7752541065216064 0.5037969589233399 0.0554903507232666 0.1331873999701606
0 0.7750836849212647 0.5058160569932726 0.048417186737060545 0.11592576768663194
0 0.6496555149555207 0.2800124062432183 0.024779725074768066 0.07153125339084201
0 0.3711435556411743 0.4595852957831489 0.0330254077911377 0.1069331275092231
0 0.6166427254676818 0.2266269365946452 0.021696877479553223 0.06243699391682943
0 0.3924350917339325 0.22694780561659073 0.020335793495178223 0.05803430345323351
0 0.7287671566009521 0.5521666632758246 0.05040597915649414 0.1449912601047092
1 0.04838474635034799 0.6515174653795031 0.09333725683391095 0.11918729146321615
0 0.7440626382827759 0.3474477450052897 0.025096535682678223 0.08197065989176432
0 0.07669771909713745 0.3931351555718316 0.054603511095047 0.08521096971299913
1 0.23650625348091125 0.586698669857449 0.08247584104537964 0.1798439661661784
2 0.2369077205657959 0.5871808158026801 0.08334522247314453 0.17479608323838974
0 0.7386214017868042 0.40879056188795304 0.02574305534362793 0.05879850387573242
0 0.4264702796936035 0.27171332041422525 0.03134818077087402 0.07410430908203125
1 0.07501537948846818 0.39739895926581487 0.0586614578962326 0.10659675598144532
3 0.4991130828857422 0.2156503306494819 0.07197456359863282 0.15022463268703884
0 0.2598047971725464 0.33453588750627306 0.021083784103393555 0.04806740548875597
0 0.36678911447525026 0.179435396194458 0.015682387351989745 0.03934706581963433
0 0.7071940690279007 0.5086134274800619 0.02581924796104431 0.068216429816352
