1 0.5637109041213989 0.2852387534247504 0.07061104774475098 0.12007853190104166
0 0.13206597566604614 0.5413512335883246 0.050358033180236815 0.12687513563368055
0 0.3241100311279297 0.47943992614746095 0.045724225044250486 0.12034971449110243
0 0.36009671688079836 0.32348286310831703 0.025165605545043945 0.0807573742336697
1 0.12936615943908691 0.5443799124823676 0.056937766075134275 0.135511228773329
1 0.3208070039749146 0.4759575208028158 0.05932364463806152 0.1367426766289605
0 0.28027935028076173 0.3642174614800347 0.02945098876953125 0.08177083333333333
0 0.33823356181383135 0.28408683141072594 0.024158975481986998 0.0703576193915473
0 0.07570116519927979 0.3913655175103082 0.05352873802185058 0.07618170844184027
0 0.24208953380584716 0.516497802734375 0.037035560607910155 0.13404087490505642
0 0.35715755075216293 0.24717336230807835 0.01926099359989166 0.0679501215616862
0 0.7051725387573242 0.367087894015842 0.032190561294555664 0.09524303012424046
0 0.6016947627067566 0.17334678967793782 0.013013720512390137 0.041059250301784936
0 0.5782145380973815 0.14450302124023437 0.010388588905334473 0.02939580281575521
0 0.4128954619169235 0.16446010801527236 0.013049620389938354 0.039489428202311196
0 0.50822012424469 0.6324127621120876 0.015663576126098634 0.05202111138237847
0 0.45970299243927004 0.1588829411400689 0.01092216968536377 0.03366431130303277
1 0.24284313917160033 0.5116797235276964 0.04937317371368408 0.15377538469102647
1 0.0740745335817337 0.3930166138543023 0.05403122305870056 0.10425819820827908
