0 0.37950475215911866 0.30321683883666994 0.023607492446899414 0.06935545603434244
0 0.34194488525390626 0.3171609242757161 0.028220295906066895 0.07751888699001735
0 0.31959372758865356 0.36554916169908314 0.028587651252746583 0.07662109798855252
0 0.5491168856620788 0.30981325573391383 0.026685070991516114 0.08501885732014974
0 0.5842193484306335 0.3002807829115126 0.022136759757995606 0.07460784912109375
0 0.30802531242370607 0.5641824510362413 0.04771106243133545 0.14602639940049914
0 0.36600549668073656 0.21970171398586696 0.016204217076301576 0.05162720150417752
3 0.42509751319885253 0.35543544557359485 0.1049811840057373 0.2813596725463867
0 0.15113017559051514 0.620305167304145 0.057985687255859376 0.15344619750976562
0 0.2942317008972168 0.44726028442382815 0.033476066589355466 0.09895345899793836
0 0.07545369863510132 0.39642194112141926 0.05755564570426941 0.08844581180148654
0 0.3556036129593849 0.39433423148261176 0.03402410447597504 0.09613090091281468
1 0.26052629947662354 0.5455879635281033 0.0545257568359375 0.13452258639865453
0 0.5662734150886536 0.14191026157803005 0.011750388145446777 0.03548947440253364
0 0.6043509840965271 0.16992708841959636 0.011431241035461425 0.03805592854817708
0 0.26028292179107665 0.5490672641330295 0.05307645797729492 0.1393001980251736
0 0.31502227783203124 0.2964600033230252 0.02533259391784668 0.06785206264919705
0 0.5956925868988037 0.1732441266377767 0.015605878829956055 0.044313663906521264
1 0.3526889681816101 0.39549570083618163 0.04740474224090576 0.11049353281656901
0 0.2868411660194397 0.3392509460449219 0.031582093238830565 0.08079028659396702
0 0.40643075108528137 0.13961754375033908 0.011919820308685302 0.030272981855604383
0 0.09540334641933441 0.8170649210611979 0.031923037767410276 0.061905585394965275
0 0.10914212465286255 0.8100643581814236 0.06242649555206299 0.20140177408854168
