0 0.6205379009246826 0.5710018581814236 0.04025421142578125 0.13278719584147136
0 0.6440732955932618 0.2680186695522732 0.02711772918701172 0.07679398854573567
0 0.33484653891064226 0.3402443355984158 0.02663037655875087 0.08184280395507812
0 0.07619178295135498 0.3972852071126302 0.05697050094604492 0.0839729732937283
0 0.36236861795187 0.5116371472676595 0.03005414307117462 0.0584781010945638
0 0.37417259216308596 0.2852148267957899 0.027974963188171387 0.07601040734185113
0 0.8701398849487305 0.6153809865315755 0.061028575897216795 0.15405637953016493
0 0.36396422386169436 0.40151858859592016 0.037629199028015134 0.11052072313096788
0 0.29851233959198 0.5750057644314236 0.05645408630371094 0.15447476704915364
0 0.33257141150534153 0.2677599377102322 0.021743419021368025 0.0717689938015408
0 0.3137105703353882 0.30341809590657554 0.02316727638244629 0.06502024332682292
0 0.35390168353915213 0.23490014606051976 0.02158510237932205 0.06503111521402995
1 0.6166054487228394 0.5618072933620877 0.05311117172241211 0.15446599324544272
0 0.6033500790596008 0.17176604270935059 0.01061265468597412 0.03757753372192383
0 0.4211332529783249 0.1757747067345513 0.010986381769180298 0.041745832231309676
0 0.3346435662358999 0.410760752360026 0.026952124387025832 0.08823115030924479
0 0.5847541451454162 0.16950338681538898 0.012231755256652831 0.04475342432657878
0 0.20197131633758544 0.2878649181789822 0.04240703582763672 0.05397478739420573
1 0.40584797859191896 0.20482847955491806 0.02411971092224121 0.06443806754218208
0 0.40360200107097627 0.2056710296207004 0.015765076875686644 0.06155464384290907
0 0.35510815531015394 0.18120711114671495 0.028167495131492616 0.052798917558458114
0 0.38370309472084047 0.18392634921603732 0.011856770515441895 0.042103619045681426
