0 0.6304998397827148 0.4993401421440972 0.06489357948303223 0.10410406324598524
0 0.29658668041229247 0.5996337042914497 0.09062161445617675 0.12912754482693142
0 0.5516409873962402 0.731908671061198 0.07501945495605469 0.15111618041992186
0 0.8629133224487304 0.5618948194715712 0.05359649658203125 0.11421597798665364
0 0.7978243827819824 0.5253870646158855 0.050689697265625 0.10410516526963975
0 0.17465007305145264 0.5296067131890191 0.07212042808532715 0.10543844434950086
1 0.36413657665252686 0.34216768476698134 0.06709074974060059 0.09290784200032552
0 0.11327452659606933 0.3725269741482205 0.055089539289474486 0.08079126146104601
0 0.6306445121765136 0.3205141173468696 0.01734614372253418 0.06723868052164714
0 0.32174267768859866 0.3026599672105577 0.018476057052612304 0.06434461805555555
1 0.546062707901001 0.12429683473375108 0.017186450958251952 0.02818431854248047
0 0.8532821655273437 0.8281963772243923 0.05699243545532227 0.18019824557834202
0 0.3971944600343704 0.26253814697265626 0.013380640745162964 0.056378682454427086
0 0.5534936666488648 0.19063386917114258 0.010361719131469726 0.04013627370198568
0 0.8448225021362304 0.46097301907009547 0.05812788009643555 0.09150132073296441
0 0.3803391307592392 0.26176962322658964 0.016117602586746216 0.05503381093343099
0 0.6425036907196044 0.6963260226779514 0.03984222412109375 0.172746827867296
0 0.5677228927612304 0.3337503857082791 0.019747018814086914 0.07586318122016059
0 0.4099332273006439 0.17818592389424642 0.009940195083618163 0.03661394119262695
0 0.4144809484481812 0.21178707546657985 0.011669516563415527 0.04350530836317274
0 0.15901498794555663 0.43450953165690104 0.05423133373260498 0.08893623352050781
0 0.31333746910095217 0.37354249954223634 0.02678084373474121 0.08623138003879123
0 0.4250619560480118 0.2314088397555881 0.01231645941734314 0.04813910590277778
0 0.06586609482765197 0.6495757208930122 0.09705246090888978 0.13418087429470485
0 0.10183048248291016 0.48514294094509547 0.07013111114501953 0.10080070495605468
0 0.4420137941837311 0.19817763434516059 0.010320460796356202 0.04398871527777778
0 0.5784145474433899 0.19092410405476887 0.010219645500183106 0.039486164516872826
0 0.417606794834137 0.14598384963141547 0.008353757858276366 0.029337300194634333
0 0.5442004561424255 0.19388940069410537 0.011387181282043458 0.04127495023939345
0 0.45718908309936523 0.17939856317308214 0.009466457366943359 0.03902226554022895
0 0.3977906912565231 0.17555357615152994 0.010687893629074097 0.04056383768717448
0 0.9227474093437195 0.576974688635932 0.03509185314178467 0.06735401153564453
0 0.5583842873573304 0.15994986957973903 0.009396529197692871 0.033708413441975914
0 0.5709201693534851 0.206195068359375 0.010396647453308105 0.042080985175238714
3 0.5169028818607331 0.1997949070400662 0.025235450267791747 0.06214572058783637
1 0.031477962736971676 0.49154107835557725 0.06182608841918409 0.08500688340928819
0 0.32759242625907065 0.21803032557169597 0.012792522273957729 0.04716146257188585
0 0.05546783655881882 0.37794806162516276 0.021973815560340882 0.04018482632107205
0 0.3904736489057541 0.2357733302646213 0.013780468702316284 0.0421369128757053
0 0.44149954319000245 0.1579220453898112 0.008257293701171875 0.030234400431315103
0 0.5322074174880982 0.1670483112335205 0.008832645416259766 0.03522664176093208
0 0.03648051768541336 0.4289324124654134 0.022487309575080872 0.0547723134358724
1 0.8342293858528137 0.4729866451687283 0.06385877132415771 0.06408004760742188
0 0.423640838265419 0.16932947370741103 0.008894318342208862 0.03531023661295573
0 0.03331879377365112 0.48403299119737414 0.06663758754730224 0.09463831583658854
3 0.9615485787391662 0.6092025968763564 0.07337148189544677 0.20141063266330295
0 0.4351520836353302 0.17990891138712564 0.008894145488739014 0.03618471357557509
1 0.3301568694412708 0.1749024020300971 0.019688738882541655 0.041415203942192926
0 0.4252261698246002 0.19486582544114855 0.010152947902679444 0.038137298160129125
0 0.8063396215438843 0.49440576765272354 0.019792461395263673 0.05156194898817274
0 0.529266607761383 0.150417873594496 0.008047127723693847 0.03007239235772027
0 0.0745685875415802 0.4711808522542318 0.03302311897277832 0.058469729953342015
0 0.7267917156219482 0.34605041080050997 0.03548707962036133 0.08002510070800781
0 0.37604564875364305 0.21438073052300347 0.013361647725105286 0.03997302585177952
2 0.3620184540748596 0.34018188582526315 0.07046000957489014 0.10258599387274848
0 0.10487389862537384 0.45111321343315974 0.02617763876914978 0.049660746256510416
