1 0.6139086723327637 0.5791277991400825 0.10739340782165527 0.1797652350531684
3 0.3630035638809204 0.5070302327473958 0.21026511192321778 0.5437822553846571
1 0.5676522493362427 0.3091119554307726 0.05549783706665039 0.09665289984809028
0 0.7259289741516113 0.49945636325412324 0.0432645320892334 0.12539414299858942
0 0.6894573390483856 0.33623072306315105 0.02913450002670288 0.08209084404839409
0 0.6074401259422302 0.20138998561435276 0.015812230110168458 0.04785030153062608
0 0.048377770185470584 0.7146798027886285 0.06406182050704956 0.1780948215060764
0 0.07984928488731384 0.394024658203125 0.06413685083389283 0.08094715542263455
2 0.4111000597476959 0.42996696896023223 0.18157511949539185 0.37214410569932727
0 0.8154132843017579 0.5371687995062934 0.04716238975524902 0.1252738528781467
1 0.8125731468200683 0.5344048500061035 0.05178537368774414 0.13121284908718533
0 0.6594003438949585 0.27984966701931424 0.01905660629272461 0.06466318766276041
1 0.7234535038471221 0.4982811503940158 0.05582228899002075 0.13322510189480252
0 0.6321683883666992 0.2728145917256673 0.02101278305053711 0.05975666046142578
0 0.6762507170438766 0.28077276017930775 0.023013514280319215 0.06294894748263889
0 0.5752899765968322 0.17200813823276095 0.014722657203674317 0.042715528276231554
1 0.07969992607831955 0.38995598687065974 0.07430857717990876 0.0929823981391059
2 0.6099731683731079 0.5769356939527723 0.12111272811889648 0.2001354005601671
0 0.6411814451217651 0.3010944472418891 0.0220422625541687 0.06267795562744141
1 0.47562063336372373 0.1798699114057753 0.029716694355010988 0.06488625208536784
3 0.048625463247299196 0.7105806774563259 0.07107733488082886 0.1841571807861328
1 0.05039968639612198 0.7083402103847928 0.06889300048351288 0.18874187469482423
0 0.4398349165916443 0.15818782912360296 0.010364532470703125 0.0332566049363878
2 0.049552155286073686 0.7096619182162814 0.06972217410802842 0.1898049036661784
0 0.4482944905757904 0.17610339588589138 0.01406031847000122 0.04303458531697591
