2 0.6522739410400391 0.5914803398980035 0.21141128540039061 0.5600436740451389
1 0.4201498687267303 0.32617148293389214 0.06309181451797485 0.12605024973551432
0 0.3991855800151825 0.16361862818400066 0.012000882625579834 0.037784979078504775
0 0.6306583285331726 0.2305469301011827 0.018539929389953615 0.0469704098171658
0 0.7599214076995849 0.38344014485677086 0.03288125991821289 0.08816981845431858
1 0.45555771589279176 0.2527907583448622 0.04284670352935791 0.0870099597507053
0 0.158493971824646 0.5103432125515408 0.0419158935546875 0.12111002604166667
3 0.44334726333618163 0.21533785925971138 0.07003579139709473 0.14776797824435764
0 0.09426610469818116 0.40533310042487253 0.026537346839904784 0.059614107343885635
0 0.4124768614768982 0.1913369443681505 0.013488614559173584 0.046896711985270186
0 0.40912567675113676 0.1618489212459988 0.011653774976730346 0.034982458750406904
1 0.500318443775177 0.1625317414601644 0.02128291130065918 0.044130335913764106
3 0.6271548986434936 0.6755134370591905 0.1863152027130127 0.41048689948187933
0 0.29021793603897095 0.2283887227376302 0.021508097648620605 0.04975793626573351
0 0.42773261070251467 0.1284316062927246 0.00892953872680664 0.03141954210069445
