1 0.07618681192398072 0.4972792731391059 0.14123826026916503 0.1248347388373481
1 0.5433223664760589 0.3263064808315701 0.06319915056228638 0.0799876954820421
0 0.468182635307312 0.3156328837076823 0.016302847862243654 0.06718860202365451
0 0.9424654960632324 0.6806575351291233 0.05556926727294922 0.14628113640679252
1 0.5413676738739014 0.22968900468614367 0.03810958862304688 0.06663394504123264
0 0.5478500962257385 0.1833700974782308 0.009524655342102051 0.03939218521118164
0 0.7458323478698731 0.5698621114095052 0.04821524620056152 0.13031501770019532
0 0.5629596590995789 0.1736274242401123 0.009435439109802246 0.037641112009684244
0 0.3688433602452278 0.30195707745022243 0.014386674761772156 0.060768148634168836
1 0.4482128620147705 0.41770757039388023 0.11427593231201172 0.10915650261773004
0 0.3216446042060852 0.3405408223470052 0.02310049533843994 0.07505069308810763
1 0.5175112664699555 0.1760932551489936 0.0236946702003479 0.039320786794026695
0 0.588442349433899 0.2030692418416341 0.011940193176269532 0.04592882792154948
0 0.7060146331787109 0.3962232377794054 0.04874777793884277 0.08796412150065104
0 0.5401455044746399 0.15427210595872667 0.008179831504821777 0.03260276582505968
0 0.3911296993494034 0.2951183319091797 0.017494446039199828 0.0573752933078342
0 0.49102058410644533 0.3116934988233778 0.017304253578186036 0.06441126929389106
0 0.3531249061226845 0.2968672858344184 0.015500792860984802 0.05940818786621094
1 0.444581413269043 0.27052093082004125 0.03700127601623535 0.07443767123752171
0 0.01887609213590622 0.5629645029703776 0.0367626816034317 0.11045727199978299
0 0.4089625209569931 0.2932851473490397 0.01628623604774475 0.05845432281494141
0 0.9870553016662598 0.7600428263346354 0.02588939666748047 0.1478401607937283
0 0.4177118271589279 0.2683940675523546 0.013844925165176391 0.05867224799262153
1 0.9377426862716675 0.6859516779581706 0.06579670906066895 0.1480241987440321
3 0.4553022563457489 0.2159221437242296 0.04809514284133911 0.1668246375189887
0 0.3328040424734354 0.2960577540927463 0.01830391213297844 0.058189709981282554
1 0.3991293996572495 0.24125679863823785 0.03307403922080994 0.07734451293945313
0 0.5028230309486389 0.3049093670315213 0.01975400447845459 0.06761012607150607
2 0.4430575489997864 0.4109537654452854 0.11949868202209472 0.14296156565348309
1 0.4164682775735855 0.19773411220974393 0.02921869158744812 0.06555391947428385
3 0.4171560347080231 0.19429927931891547 0.02813512086868286 0.06612242592705621
0 0.384338852763176 0.1981885380215115 0.010552042722702026 0.04588375091552734
0 0.8111223220825196 0.4317447238498264 0.03280491828918457 0.09686809115939671
2 0.5073944926261902 0.13902802467346193 0.019271159172058107 0.04289965099758572
0 0.3482896640896797 0.23122822443644206 0.013096579909324646 0.04494109683566623
0 0.429369592666626 0.1760737419128418 0.007940673828125 0.03321535322401259
0 0.43450414538383486 0.15075070593092177 0.008993232250213623 0.029359298282199436
3 0.4409584105014801 0.125367620256212 0.01555567979812622 0.03597638871934679
1 0.6262232254026457 0.959441418117947 0.051040861988440156 0.08111716376410591
1 0.5075948476791382 0.1395486142900255 0.018852996826171874 0.041202576955159505
3 0.4301526427268982 0.4014671974711948 0.09759247303009033 0.16569751898447674
