1 0.410898494720459 0.513015619913737 0.08964424133300782 0.1886517842610677
0 0.6346658945083619 0.2976225852966309 0.023947811126708983 0.0732004165649414
0 0.32469882965087893 0.27891806496514215 0.026074838638305665 0.06337490081787109
0 0.2594748497009277 0.5318825191921658 0.04050199985504151 0.12245661417643229
0 0.35025891065597536 0.334887080722385 0.029680705070495604 0.06035084194607205
0 0.07738003730773926 0.3964603000217014 0.059860652685165404 0.08382911682128906
0 0.14666602611541749 0.5395298851860895 0.04537878036499023 0.14443656073676214
0 0.43100346326828004 0.28475045098198787 0.019226431846618652 0.06727947658962674
1 0.2589167833328247 0.5301876809861925 0.05040287971496582 0.1342334959242079
0 0.6183995604515076 0.20211797290378147 0.0179034948348999 0.048793856302897134
0 0.3057651162147522 0.3180519104003906 0.0248058557510376 0.05959082709418403
1 0.0843130499124527 0.39714940388997394 0.08367380499839783 0.09809850056966146
0 0.3375675201416016 0.41345036824544273 0.03764266967773437 0.10226325988769532
0 0.4519523024559021 0.16995476616753472 0.012560629844665527 0.03829002380371094
3 0.41268015950918197 0.5183779451582167 0.09863395988941193 0.21550181706746419
1 0.14820168018341065 0.539379628499349 0.05352549552917481 0.1637968275282118
1 0.46657859086990355 0.23330323961046007 0.030580019950866698 0.08134774102105034
0 0.43456144332885743 0.1459778149922689 0.009147238731384278 0.02995325724283854
0 0.40078082084655764 0.1978536499871148 0.012824833393096924 0.04538546668158637
0 0.5814205527305603 0.1575355847676595 0.013898730278015137 0.04077392154269748
0 0.40105524063110354 0.24842510223388672 0.018955254554748537 0.06498502095540365
0 0.4128691375255585 0.15294547080993653 0.012636363506317139 0.03775038189358181
0 0.3851418077945709 0.1999045901828342 0.013333380222320557 0.04805429246690538
0 0.26182339191436765 0.6832089318169488 0.03175363540649414 0.05580435858832465
0 0.4915411174297333 0.9551414489746094 0.01733337640762329 0.05752622816297743
