0 0.4909550189971924 0.4761325412326389 0.06477785110473633 0.09220377604166667
0 0.5747152090072631 0.40445613861083984 0.025983476638793947 0.0877892812093099
0 0.8920297622680664 0.7283277723524305 0.08671455383300782 0.1377667744954427
0 0.5479625105857849 0.276201417711046 0.015617775917053222 0.0634026845296224
1 0.5355286002159119 0.22868613137139215 0.02717883586883545 0.05905157725016276
0 0.3755807399749756 0.8170789930555555 0.05601513385772705 0.17913097805447048
0 0.6417130947113037 0.554484134250217 0.04411191940307617 0.1265491485595703
0 0.5881684303283692 0.22894822226630318 0.012124776840209961 0.04932473500569661
0 0.4758911967277527 0.29433366987440324 0.016376137733459473 0.06649254692925347
0 0.6079447217285633 0.3162874963548448 0.015889443457126617 0.06703912946912978
0 0.7860650539398193 0.5365407307942708 0.034441661834716794 0.11662305196126302
0 0.34725293666124346 0.30358400344848635 0.017903360724449157 0.06197817060682509
0 0.5935713171958923 0.2813370492723253 0.014123892784118653 0.058907339307996964
0 0.5468628525733947 0.16656967798868816 0.00847485065460205 0.034101210700141056
0 0.55583416223526 0.1746389389038086 0.010553240776062012 0.03784675598144531
0 0.5132103145122529 0.2412351820203993 0.011352336406707764 0.054164420233832465
0 0.3637754559516907 0.36090420616997615 0.037445998191833495 0.07103301154242622
0 0.7734087944030762 0.4631095038519965 0.033609771728515626 0.09298277960883247
0 0.5047533214092255 0.33264894485473634 0.019291818141937256 0.06993245018853081
0 0.22622029781341552 0.5122881995307075 0.0762143611907959 0.10899971856011284
0 0.37901211678981783 0.2985580974155002 0.014374464750289917 0.0637366188897027
1 0.28673501014709474 0.4584376864963108 0.1601656675338745 0.12315148247612848
0 0.08375184535980225 0.36297030978732636 0.05309004783630371 0.07830710940890842
0 0.322480583190918 0.3016160435146756 0.019917106628417967 0.06064688364664714
0 0.44289625287055967 0.30098205142551 0.015188872814178467 0.06145138210720486
0 0.3648305147886276 0.2912673314412435 0.016120249032974245 0.06640218098958334
0 0.9539790153503418 0.682611550225152 0.055697059631347655 0.1326854281955295
0 0.301891028881073 0.30419032838609483 0.01791880130767822 0.06339435577392578
0 0.5170101284980774 0.15140470928615993 0.007521986961364746 0.03138330247667101
0 0.39702715873718264 0.17620650397406684 0.009992551803588868 0.039418326483832464
0 0.571046257019043 0.3367647065056695 0.014082622528076173 0.06813928816053602
0 0.28067190647125245 0.3620336850484212 0.028316640853881837 0.06380909813774957
0 0.6016912221908569 0.2565924432542589 0.0129669189453125 0.051559427049424914
1 0.4776288986206055 0.4077730814615885 0.1103783130645752 0.09571516248914931
0 0.42263645231723784 0.32871649000379777 0.023094171285629274 0.0701938205295139
0 0.38729033470153806 0.20347237057156034 0.01136925220489502 0.04305487738715278
0 0.7553378641605377 0.38684734768337675 0.017591965198516846 0.0785919189453125
0 0.44237655997276304 0.19051747851901585 0.00900813341140747 0.03900296952989366
0 0.33326149694621565 0.1969887203640408 0.012593115121126175 0.04250225490993924
1 0.5458943724632264 0.1237177054087321 0.01622893810272217 0.029815408918592665
0 0.623219108581543 0.21050025092230903 0.017484331130981447 0.038259590996636283
1 0.5256369650363922 0.20002753999498155 0.026090848445892333 0.04778948889838325
1 0.4552468180656433 0.22971311145358617 0.03289530277252197 0.06906358930799696
0 0.3934104084968567 0.29300158818562827 0.012891030311584473 0.06182155609130859
0 0.37177734524011613 0.21276110543145074 0.010445556044578553 0.04328721364339193
0 0.41186343431472777 0.16465447743733724 0.010445404052734374 0.03728841145833333
0 0.42336326837539673 0.1879292435116238 0.00980391502380371 0.039128949907090926
0 0.44784908890724184 0.17641655604044595 0.007960951328277588 0.033995331658257376
0 0.8135871052742004 0.4302832285563151 0.02508418560028076 0.06800079345703125
0 0.42098067700862885 0.14916788207160103 0.008316022157669068 0.03123324712117513
0 0.38428252935409546 0.2502149158053928 0.013133251667022705 0.04932649400499132
0 0.729020071029663 0.3882397121853299 0.02281951904296875 0.08867793613009983
0 0.33797585815191267 0.2447635120815701 0.014735057950019836 0.05413701799180773
0 0.42838332056999207 0.21419157452053494 0.010481512546539307 0.0438296635945638
0 0.43805493116378785 0.16410542064242892 0.00841073989868164 0.03320150375366211
0 0.40281530320644376 0.21787765291002062 0.011730259656906128 0.04474726782904731
3 0.47496708631515505 0.396075431505839 0.11615564823150634 0.14543920622931586
0 0.5327979564666748 0.15061288939581977 0.00896148681640625 0.032339255015055336
0 0.47076327800750734 0.14021052254570854 0.006136798858642578 0.026679081386990017
0 0.4219714432954788 0.28724714914957683 0.015365070104599 0.056195831298828124
1 0.35104262828826904 0.45901703304714625 0.05347285270690918 0.09354820251464843
0 0.2458175778388977 0.5258353445265028 0.024711298942565917 0.06092764536539714
0 0.4467120409011841 0.14789452022976346 0.007319211959838867 0.029060469733344182
0 0.33079628460109234 0.2677699406941732 0.013775796443223954 0.05393536885579427
3 0.5019661545753479 0.13150418599446614 0.013609814643859863 0.037078857421875
2 0.28622026443481446 0.44898567729526095 0.15361237525939941 0.14174570507473416
0 0.8504468321800231 0.43820384873284235 0.022866415977478027 0.049193456437852646
0 0.35328824520111085 0.22977204852634006 0.01212971806526184 0.051136885748969185
1 0.8901278257369996 0.7403182983398438 0.09460835456848145 0.12803785536024306
