0 0.5948042392730712 0.2944624582926432 0.02516031265258789 0.07647840711805555
0 0.699919867515564 0.37587594985961914 0.0318450927734375 0.09621546003553602
1 0.5400442123413086 0.26960954666137693 0.05744423866271973 0.11320082346598308
0 0.8157820701599121 0.6280830807156033 0.052641105651855466 0.11991992526584201
0 0.34919172525405884 0.32209944195217555 0.026055550575256346 0.08172817230224609
0 0.2692169189453125 0.5866556803385417 0.051535940170288085 0.1349697536892361
0 0.269688081741333 0.40803629557291665 0.03701426982879639 0.1029459211561415
1 0.8134903490543366 0.6255240334404839 0.06244109869003296 0.13834368387858073
0 0.14401702880859374 0.8103639390733507 0.08382811546325683 0.1751125759548611
0 0.8315752983093262 0.777268303765191 0.07347831726074219 0.20141203138563368
0 0.8084251403808593 0.5048743353949653 0.0565485954284668 0.13772447374131944
1 0.2698351383209229 0.5837189144558377 0.0649643898010254 0.14862603081597223
0 0.11705787181854248 0.6241603427463107 0.06039718389511108 0.15519226921929252
1 0.18285079002380372 0.44537256558736166 0.06287899017333984 0.12888432608710396
1 0.8046390652656555 0.5024681939019098 0.05933854579925537 0.15726199679904515
0 0.18524327278137206 0.4483517116970486 0.04510196447372437 0.10287984212239583
1 0.2690762162208557 0.40781776905059813 0.04956486225128174 0.12138156361050076
0 0.07853156924247742 0.39647204081217446 0.062213337421417235 0.07648849487304688
0 0.3223062515258789 0.39097417195638023 0.031583976745605466 0.10206048753526475
1 0.11912267804145812 0.615139283074273 0.06651207208633422 0.1797439151340061
0 0.416198319196701 0.17843148443433973 0.010866701602935791 0.03870219124688042
0 0.38688670098781586 0.19779313405354818 0.014479166269302369 0.046422576904296874
2 0.8052825033664703 0.5068402979109022 0.060164344310760495 0.15462511910332574
0 0.40795679986476896 0.1681890116797553 0.009760361909866334 0.031169456905788845
1 0.5203405618667603 0.12251453399658203 0.01772913932800293 0.02785578833685981
0 0.2769466280937195 0.4927338335249159 0.035292983055114746 0.0730545785692003
0 0.44705366492271426 0.2834377394782172 0.018554484844207762 0.07381899091932509
0 0.4082325965166092 0.1395537535349528 0.010262364149093628 0.033882787492540145
0 0.6361545562744141 0.19822890493604872 0.019454240798950195 0.043098862965901694
3 0.8051684498786926 0.5061125225490994 0.05933406352996826 0.15472763909233941
0 0.7396868944168091 0.8568566004435222 0.016908979415893553 0.038086658053927955
0 0.40787915885448456 0.20232160886128744 0.013105827569961547 0.05053417417738173
3 0.14781531691551208 0.8085617701212565 0.09119113683700561 0.20450308057996963
