1 0.43717336356639863 0.3047405136956109 0.05887065529823303 0.13828271230061848
0 0.34663879200816156 0.29916392432318795 0.021886642277240752 0.07781164381239149
0 0.5812568664550781 0.4649653116861979 0.04091935157775879 0.10997437371148003
0 0.38230263590812685 0.2807077301873101 0.024588954448699952 0.08137221866183811
1 0.2427844762802124 0.6373716142442492 0.15058536529541017 0.3322459750705295
3 0.24478381872177124 0.6423866695827908 0.17696096897125244 0.38717965020073786
0 0.1305558681488037 0.721771240234375 0.05460338592529297 0.1836983150906033
0 0.3115182161331177 0.315636052025689 0.031149005889892577 0.07729943593343098
0 0.27586209774017334 0.4203995598687066 0.03289198875427246 0.10228250291612413
0 0.07738219499588013 0.3942034827338325 0.057538938522338864 0.07747056749131945
0 0.5101175904273987 0.1839843644036187 0.011400675773620606 0.041181924608018665
0 0.5559576988220215 0.1425148804982503 0.01022796630859375 0.02732593748304579
0 0.4168381363153458 0.3320283055305481 0.01613256335258484 0.04941373136308458
0 0.36567127108573916 0.22689734564887154 0.015959036350250245 0.05376434326171875
1 0.5828282833099365 0.46651332643296983 0.048978328704833984 0.12557298872205946
0 0.42955042719841 0.17000305387708875 0.014041697978973389 0.03564756181504991
0 0.5215397298336029 0.20531400044759116 0.01154714822769165 0.03637741936577691
1 0.13386850357055663 0.7132201936509874 0.06769533157348633 0.1945329878065321
1 0.07726803719997406 0.3931722535027398 0.05548277497291565 0.09305943383110894
0 0.443836921453476 0.1656228330400255 0.0120477557182312 0.03945606019761827
