1 0.6364956140518189 0.41208570268419054 0.07056493759155273 0.1161979251437717
0 0.2065234899520874 0.6747565375434028 0.03647810220718384 0.17057745191786025
1 0.5860177516937256 0.7321740044487848 0.12894868850708008 0.23317464192708334
0 0.39053613543510435 0.2864004770914714 0.01569061279296875 0.06131680806477865
1 0.7289730072021484 0.621539815266927 0.12428741455078125 0.20232170952690973
0 0.6587751150131226 0.3221898608737522 0.017490530014038087 0.06384332444932726
1 0.4380478858947754 0.470891104804145 0.07049083709716797 0.1671099344889323
0 0.3367255687713623 0.5503506130642362 0.0287400484085083 0.13466525607638888
0 0.7766613006591797 0.8759445190429688 0.0458981990814209 0.1931990729437934
0 0.2918504476547241 0.5171761406792534 0.028919792175292967 0.13685425652398003
0 0.9300899505615234 0.7481762356228299 0.04451751708984375 0.15620062086317274
0 0.6925088793039322 0.4427787992689345 0.02829710841178894 0.08996679517957899
0 0.6018137812614441 0.305030886332194 0.016922307014465333 0.06653230455186632
0 0.6276636600494385 0.29934829076131186 0.015747928619384767 0.06094256507025825
0 0.34067262411117555 0.424991332160102 0.024829554557800292 0.08103608025444878
1 0.42040653228759767 0.7010876125759549 0.09633758068084716 0.23737254672580296
0 0.7363069534301758 0.4559085422092014 0.02532334327697754 0.10224088033040364
0 0.34861367419362066 0.2979037920633952 0.01750227063894272 0.06474573347303603
2 0.638756462931633 0.4164013173845079 0.06862717270851135 0.12797108756171333
0 0.6117425203323364 0.25918218824598527 0.014861965179443359 0.05414585537380642
0 0.11735359430313111 0.6973651038275824 0.039703869819641115 0.1712789747450087
3 0.5499574303627014 0.27807093726264104 0.0501061201095581 0.10784568786621093
0 0.522742873430252 0.343132570054796 0.0211600661277771 0.07586229112413194
0 0.25075135231018064 0.7465143839518229 0.03977401256561279 0.19237268235948352
0 0.30844569206237793 0.9068124559190538 0.047979736328125 0.18298153347439236
0 0.39756553471088407 0.3980596860249837 0.02241509556770325 0.08775327470567491
3 0.42200401723384856 0.702474308013916 0.11936574578285217 0.254056019253201
0 0.5062572836875916 0.4033701605266995 0.01877288818359375 0.058670886357625324
3 0.4610590159893036 0.21561282475789387 0.04152196645736694 0.1556364483303494
0 0.5876350998878479 0.25714403788248696 0.013562560081481934 0.05337113274468316
0 0.6979074835777282 0.3637161148919 0.02002904415130615 0.0741739273071289
0 0.720289820432663 0.40436494615342883 0.024175727367401124 0.07426884969075521
0 0.4896378040313721 0.38526690800984703 0.024162602424621583 0.08127180735270183
0 0.8640742182731629 0.6332417594061958 0.043298745155334474 0.11009042527940538
0 0.6367085456848145 0.25300940407647027 0.013680505752563476 0.05177491505940755
0 0.8290750503540039 0.7666715833875868 0.041945362091064455 0.17944056193033855
0 0.8690097808837891 0.727092997233073 0.03796567916870117 0.15865368313259548
0 0.3613410651683807 0.24227642483181425 0.013669639825820923 0.058104790581597225
0 0.07212425470352173 0.42667244805230037 0.050079983472824094 0.08933262295193142
3 0.4365889698266983 0.4545704576704237 0.08565801978111268 0.2237246513366699
0 0.27953917980194093 0.39994350009494356 0.023866796493530275 0.10187030368381077
0 0.36505156457424165 0.3354249636332194 0.019091111421585084 0.07244739532470704
0 0.3801066666841507 0.3590250015258789 0.018637710809707643 0.07611503601074218
0 0.5344233751296997 0.17661351097954645 0.008336687088012695 0.03472078111436632
2 0.4010011613368988 0.2025737868414985 0.0601601243019104 0.12304698096381293
0 0.511464387178421 0.15900052388509114 0.007387721538543701 0.033231692843967015
0 0.7984189510345459 0.44175953335232204 0.05783834457397461 0.09632195366753472
0 0.5255516171455383 0.1665455871158176 0.008687663078308105 0.03341764873928494
0 0.5657406449317932 0.18517173131306966 0.01053946018218994 0.037294493781195745
0 0.20361318588256835 0.3705369313557943 0.04850482940673828 0.08981518215603299
0 0.5384518027305603 0.20865890714857313 0.012068867683410645 0.03931696150037978
0 0.9382996559143066 0.9031888749864366 0.06159420013427734 0.19362225002712674
0 0.3316327095031738 0.3786907196044922 0.02064979076385498 0.093034299214681
1 0.8007204592227936 0.4492419878641764 0.060857760906219485 0.07577576107449002
0 0.6390978574752808 0.3331972228156196 0.017589521408081055 0.058269691467285153
3 0.5874498128890991 0.7208011839124892 0.15146102905273437 0.25746726989746094
3 0.39728879928588867 0.20931852128770617 0.04848906993865967 0.11493399937947592
0 0.27105590105056765 0.340668773651123 0.019963669776916503 0.04661384158664279
0 0.2924389600753784 0.3092967987060547 0.022300577163696288 0.04995307922363281
0 0.2660213351249695 0.3719221830368042 0.018840432167053223 0.04790450731913249
1 0.2047435462474823 0.380011248588562 0.04948807954788208 0.058101850085788304
0 0.6566604912281037 0.2479076597425673 0.01842609643936157 0.055563100179036456
0 0.5521916270256042 0.18855621019999186 0.009400343894958496 0.03815823660956489
0 0.6912635922431946 0.34210692246754965 0.01043999195098877 0.034490813149346246
0 0.5460502743721009 0.16038694911532933 0.007615208625793457 0.030965985192192926
3 0.7297611147165298 0.612480894724528 0.13528501391410827 0.21393311818440755
0 0.2768209934234619 0.3090393206311597 0.009755897521972656 0.03660573280519909
1 0.6201086416840553 0.6626586702134875 0.04021728336811066 0.0969048817952474
1 0.44932334423065184 0.1381916046142578 0.01673276424407959 0.03134142557779948
1 0.38121436834335326 0.7501091215345594 0.036716628074646 0.14754981994628907
2 0.7239222526550293 0.602808592054579 0.13502542972564696 0.20706524319118924
3 0.42986448109149933 0.17145371437072754 0.02426709532737732 0.0643660545349121
0 0.2939040303230286 0.4635544459025065 0.017281174659729004 0.05600874159071181
0 0.08759117126464844 0.36562872992621526 0.052205723524093625 0.07590887281629774
0 0.5820628046989441 0.2308895640903049 0.011545825004577636 0.04237181345621745
0 0.381317612528801 0.32416508926285637 0.011468511819839478 0.03832996288935343
1 0.3057152509689331 0.9061052110460069 0.06338734626770019 0.18778957790798612
0 0.8507169246673584 0.4382353252834744 0.02490062713623047 0.0496681637234158
1 0.6588110446929931 0.3268987026479509 0.018854475021362303 0.05412407848570082
1 0.9411339521408081 0.8901249355740017 0.08476085662841797 0.15919842190212674
0 0.682743713259697 0.4010081397162543 0.01997225880622864 0.07729458279079861
0 0.8759719491004944 0.4544795142279731 0.02293713092803955 0.046047210693359375
0 0.6911264657974243 0.30487629440095687 0.01095733642578125 0.03197481102413601
0 0.694317689538002 0.660975456237793 0.026536697149276735 0.09274008009168837
0 0.6046242151234764 0.409451691309611 0.008885630255099386 0.05663158628675673
1 0.93496253490448 0.6616258197360568 0.0621849536895752 0.09623391893174914
1 0.5452615976333618 0.12324813736809624 0.015839862823486327 0.027925777435302734
0 0.3467551350593567 0.39397237830691867 0.01393800973892212 0.04591623412238227
