0 0.7182870805263519 0.3795394155714247 0.029902946949005128 0.09982763926188151
0 0.8306909561157226 0.6032478756374783 0.0638859748840332 0.15836885240342882
0 0.29429877996444703 0.37622162501017253 0.03574635982513428 0.09237198299831814
1 0.8309701919555664 0.6032933129204644 0.08154830932617188 0.1777286105685764
0 0.6592173457145691 0.27019875844319663 0.029727482795715333 0.07305416531032986
0 0.41939097344875337 0.24688676198323567 0.01702278256416321 0.05809054904513889
1 0.292661452293396 0.37794095940060085 0.04220986366271973 0.0968048996395535
0 0.603619909286499 0.17204981909857855 0.01218552589416504 0.043521542019314234
0 0.4020391464233398 0.3353260040283203 0.029656982421875 0.09482192993164062
0 0.07540467977523804 0.39481722513834633 0.056418418884277344 0.08336240980360243
0 0.6147907137870788 0.22425899505615235 0.018903183937072753 0.05685157775878906
0 0.3595691755414009 0.40833851761288115 0.024338075518608095 0.06694354481167264
0 0.3431055426597595 0.23712986840142145 0.013847708702087402 0.037455707126193574
0 0.3714383766055107 0.19553876982794868 0.013298156857490539 0.04033551745944553
0 0.396318781375885 0.1747563362121582 0.012665760517120362 0.04096041785346137
0 0.22218382358551025 0.4906486511230469 0.04076371192932129 0.10551702711317275
0 0.3698167085647583 0.2230158911810981 0.012871599197387696 0.03471141391330295
0 0.3578349933028221 0.28147523668077257 0.01774998605251312 0.050495147705078125
0 0.3486668445169926 0.34326151741875544 0.02463527172803879 0.0886249754163954
0 0.2432640790939331 0.5615781572129991 0.0484107494354248 0.11709391276041667
0 0.40079874694347384 0.28396401935153537 0.0199459969997406 0.055662812127007376
1 0.6590219542384148 0.27146280076768664 0.03254819214344025 0.07549040052625867
0 0.5731010556221008 0.17320626046922472 0.015277361869812012 0.04312266243828668
0 0.4389285743236542 0.19300294982062446 0.01328824758529663 0.04521646499633789
0 0.43513180017471315 0.1546652211083306 0.00939791202545166 0.03316727744208442
0 0.354929780960083 0.23920637766520184 0.015637302398681642 0.04348619249131944
0 0.32549190521240234 0.27307870652940536 0.02177772521972656 0.06267303890652126
0 0.32292757034301756 0.3413228379355537 0.014551401138305664 0.03426856464809842
0 0.4131599456071854 0.15790969530741375 0.010584741830825806 0.04241031010945638
0 0.38626783192157743 0.20049059126112195 0.016829019784927367 0.047742801242404515
0 0.5165938615798951 0.16582963731553818 0.011881017684936523 0.03506266276041667
