2 0.7452006340026855 0.658877182006836 0.2751528263092041 0.6026198493109809
2 0.43832741379737855 0.22383672926161025 0.06993423700332642 0.19329961140950522
0 0.3749181032180786 0.21882614559597438 0.018329286575317384 0.05501213073730469
0 0.6010217428207397 0.21470732159084743 0.016072988510131836 0.043857510884602866
2 0.2072624921798706 0.42271096971299915 0.1290126323699951 0.2661059273613824
3 0.41051423698663714 0.45909232563442653 0.09759854972362518 0.20636733373006186
1 0.40765867233276365 0.4583641899956597 0.09018111228942871 0.19085417853461373
0 0.07540239691734314 0.39564395480685766 0.057462871074676514 0.0841133541531033
0 0.6174819588661193 0.1794387287563748 0.013555693626403808 0.036123763190375434
0 0.36881427764892577 0.2899328443739149 0.023681139945983885 0.07459971110026041
0 0.34420001208782197 0.2802434709337023 0.02136331796646118 0.06077338324652778
0 0.3760609731078148 0.5133540895250108 0.02435685694217682 0.07695507473415798
0 0.006037430197466165 0.39985887739393444 0.01174476349260658 0.045205646091037326
0 0.6650347709655762 0.31862530178493925 0.023352575302124024 0.06680422888861762
3 0.7544166803359985 0.5136012567414178 0.22459421157836915 0.4035740402009752
3 0.437030217051506 0.2263344446818034 0.06611531376838684 0.19853375752766927
2 0.40947931855916975 0.4547533141242133 0.09491284191608429 0.2042236540052626
0 0.39513551294803617 0.21561888588799372 0.016031926870346068 0.05470129648844401
