0 0.2664050579071045 0.46274473402235244 0.05924446582794189 0.09572325812445746
1 0.5425677359104156 0.36534950468275285 0.07711137533187866 0.08713758256700303
0 0.5311006546020508 0.4504095289442274 0.05669913291931152 0.09035712348090277
0 0.6263565063476563 0.46266144646538626 0.06077408790588379 0.08976008097330729
1 0.5224282443523407 0.21542092429267035 0.029699957370758055 0.047955555386013454
0 0.12533681392669677 0.5007528516981337 0.06929932236671447 0.10014478895399305
0 0.5989660263061524 0.2577334403991699 0.014067363739013673 0.056663491990831164
0 0.941375732421875 0.6807672712537978 0.05359649658203125 0.14564302232530382
0 0.7286046504974365 0.5201705508761936 0.027028369903564452 0.12336790296766494
0 0.5574139833450318 0.19392129050360785 0.00999603271484375 0.04350346459282769
0 0.36867123544216157 0.3039136780632867 0.014523559808731079 0.058418591817220054
1 0.16415656805038453 0.9003900739881727 0.14801304340362548 0.19921985202365453
0 0.41151683032512665 0.20038319693671333 0.01092786192893982 0.04367249806722005
0 0.7020394802093506 0.4575218200683594 0.04143867492675781 0.10356648763020833
0 0.5694074630737305 0.2191118558247884 0.01147756576538086 0.04256263309054904
0 0.3948415398597717 0.1898041354285346 0.010737407207489013 0.038770135243733725
0 0.46378016471862793 0.34190018971761066 0.035199737548828124 0.08358785841200086
1 0.4441039562225342 0.2689703517489963 0.0337566614151001 0.07416367001003689
0 0.3909301906824112 0.295750798119439 0.01740996241569519 0.05577292972140842
0 0.512398612499237 0.14896486600240072 0.0075000286102294925 0.03211545944213867
0 0.3530609332025051 0.2971973737080892 0.016313810646533967 0.05952129364013672
1 0.3990429282188416 0.24346671634250217 0.03458777666091919 0.07921278211805556
0 0.5613755345344543 0.15888209342956544 0.009122109413146973 0.03296088112725152
0 0.5329307675361633 0.18407748010423447 0.009705615043640137 0.04008745617336697
0 0.46818179488182066 0.30436025195651584 0.01571277379989624 0.05213921864827474
0 0.3313620749628171 0.3096966822942098 0.021213307278230786 0.04161558681064182
0 0.5406564712524414 0.16291587617662218 0.007712411880493164 0.03168786366780599
1 0.4279970109462738 0.11053994496663412 0.013165175914764404 0.024791759914822048
3 0.5539941310882568 0.27684010399712455 0.04372100830078125 0.10578295389811197
1 0.9371469020843506 0.661884519788954 0.061298561096191403 0.0973375956217448
0 0.4089043974876404 0.30534461869133844 0.017456257343292238 0.032911459604899086
3 0.4577323615550995 0.20907576349046494 0.044875967502594 0.16841289732191297
1 0.4265855461359024 0.17124774720933703 0.024421900510787964 0.055164527893066403
0 0.5246130108833313 0.14410693910386826 0.0072035551071166996 0.029497612847222222
0 0.5129773676395416 0.32542523278130425 0.02410815954208374 0.059794574313693574
0 0.7576818466186523 0.3795474582248264 0.026251983642578126 0.08969173431396485
0 0.3831908881664276 0.2121013111538357 0.01192089319229126 0.04501781463623047
3 0.42631421983242035 0.16225110159979927 0.024694591760635376 0.0684978273179796
0 0.8119277954101562 0.4337967766655816 0.031781768798828124 0.09404195149739583
0 0.5491963267326355 0.14903834131028917 0.007482504844665528 0.031032064225938585
0 0.5340541720390319 0.15142586496141222 0.0075177431106567385 0.030029498206244575
0 0.49461233615875244 0.31094153722127277 0.01982579231262207 0.06488255394829644
0 0.06835979819297791 0.38335706922743057 0.05296369791030884 0.07611751556396484
3 0.6257292807567865 0.9597707960340712 0.04929934730753303 0.08045840793185764
0 0.6270724177360535 0.21221414142184788 0.018623661994934083 0.037512482537163626
1 0.10734862089157104 0.42746560838487413 0.13363344669342042 0.09193496704101563
0 0.32791808620095253 0.27084071901109485 0.01521117240190506 0.054805819193522134
0 0.7799340128898621 0.4390861299302843 0.02274620532989502 0.05929052564832899
