0 0.5730162143707276 0.2407229423522949 0.020316267013549806 0.06446759965684679
0 0.1663881301879883 0.6914540608723958 0.059240210056304934 0.18853895399305556
1 0.41959323883056643 0.37191085815429686 0.07855987548828125 0.16739910973442926
0 0.8864292144775391 0.7202628241644965 0.05311431884765625 0.17923287285698786
0 0.2596391439437866 0.3886990017361111 0.04665207862854004 0.1025115966796875
0 0.3796089947223663 0.22449025048149956 0.019300639629364014 0.04575920104980469
1 0.2591541647911072 0.39030076132880315 0.05304596424102783 0.12580131954616972
0 0.3479138672351837 0.3264070404900445 0.020670199394226076 0.0748491711086697
0 0.7021832942962647 0.5328846401638455 0.03951597213745117 0.1338016086154514
1 0.1686505675315857 0.6466826544867621 0.07166264057159424 0.1288569132486979
0 0.40574197471141815 0.23106518851386176 0.015836435556411742 0.0503612306382921
0 0.07557262182235717 0.3965899149576823 0.056567221879959106 0.07172902425130208
0 0.38098331093788146 0.2761251343621148 0.02158091068267822 0.06332013871934679
2 0.42215495705604555 0.37115472157796225 0.07629586458206176 0.17961302863226997
1 0.8874425411224365 0.7215389251708985 0.06694631576538086 0.19185689290364583
0 0.29447696208953855 0.3052676730685764 0.027103567123413087 0.07870720757378472
0 0.33154986607842146 0.299218315548367 0.01942924940958619 0.07028929392496745
0 0.4101548582315445 0.19551066822475857 0.011828333139419556 0.03794840706719293
0 0.34311321973800657 0.24762967427571614 0.016155505180358888 0.040519926283094615
1 0.6997294306755066 0.5327294455634223 0.04040281772613526 0.1609476301405165
0 0.42832891941070556 0.1706387519836426 0.012624454498291016 0.04558260175916884
0 0.3956915885210037 0.21705078548855253 0.015053778886795044 0.05174687703450521
0 0.4025450795888901 0.3160000907050239 0.020018678903579713 0.07401504516601562
1 0.3315540491603315 0.31331251992119685 0.020881504006683826 0.048847262064615884
3 0.1651056468486786 0.6902693854437933 0.07707606554031372 0.211024898952908
0 0.47638765573501585 0.14979710049099393 0.012262678146362305 0.03715315924750434
