0 0.5072406470775604 0.3978856298658583 0.023781239986419678 0.09104167090521918
0 0.2540926933288574 0.6023939344618056 0.08147404193878174 0.12560852898491753
0 0.8287376403808594 0.5857903374565973 0.0532536506652832 0.11982354058159722
0 0.38751509189605715 0.5837877061631944 0.07729735374450683 0.123480224609375
0 0.7092774868011474 0.6181136237250434 0.0666285514831543 0.12956258985731336
0 0.03335122764110565 0.5289454989963107 0.06647641062736512 0.10991842481825087
0 0.322364068031311 0.29346841176350913 0.020630693435668944 0.06891814337836372
1 0.44544004201889037 0.2375350104437934 0.03371150493621826 0.0672328101264106
0 0.2900896787643433 0.3672284444173177 0.04841303825378418 0.08444622887505425
0 0.37866276800632476 0.29453660117255315 0.014472132921218872 0.06573090023464627
0 0.3652307391166687 0.2913375006781684 0.01933929920196533 0.0742030249701606
0 0.4481814861297607 0.7045896742078993 0.0508819580078125 0.15363027784559463
0 0.40621312260627745 0.20047883457607693 0.012276971340179443 0.04636259078979492
1 0.7345509052276611 0.44038433498806423 0.14022932052612305 0.10768758985731337
0 0.38366858959197997 0.23518511454264324 0.013859319686889648 0.053557671440972225
0 0.3998933076858521 0.2896914482116699 0.016472172737121583 0.06829518212212457
0 0.4474127769470215 0.4493172539605035 0.04272475242614746 0.10339063008626302
3 0.16782550215721131 0.47177104155222577 0.1364707112312317 0.23845101992289225
0 0.41052907705307007 0.4299616283840603 0.032893013954162595 0.0974603017171224
0 0.5957479596138 0.22131005393134223 0.013612771034240722 0.04812319013807509
0 0.47405071258544923 0.6012204911973741 0.07040190696716309 0.12115453084309896
0 0.9142559051513672 0.5576683044433594 0.05771818161010742 0.11041700575086806
1 0.4582775175571442 0.19627046585083008 0.02878154516220093 0.049270015292697485
0 0.06799685657024383 0.38914030922783743 0.02656107544898987 0.053598679436577694
0 0.8163843870162963 0.4307583914862739 0.020729255676269532 0.06257531907823351
3 0.5026658475399017 0.12350548108418782 0.01936904191970825 0.04698523415459527
0 0.24344160556793212 0.3968061235215929 0.041492891311645505 0.08725518120659723
0 0.4269232630729675 0.1404676596323649 0.0077119112014770504 0.028687381744384767
0 0.4262984275817871 0.3249257405598958 0.0212308406829834 0.07938255733913846
0 0.3931470662355423 0.3429486115773519 0.018563669919967652 0.057978216807047525
0 0.30819629430770873 0.26096339755588105 0.016135811805725098 0.05572386847601996
0 0.5276384353637695 0.13177807595994737 0.006679058074951172 0.026078828175862632
1 0.9361507058143616 0.6617586771647136 0.05915501117706299 0.09870486789279515
0 0.2574977993965149 0.47588400310940215 0.025584864616394042 0.0739206314086914
1 0.5450507283210755 0.12369265556335449 0.01509420871734619 0.0276277224222819
0 0.6147177159786225 0.22516390482584636 0.01215204894542694 0.045546468098958334
0 0.5528373837471008 0.15583571328057183 0.008321547508239746 0.03183083004421658
1 0.8978141903877258 0.5594004948933919 0.07855427265167236 0.09405589633517795
2 0.7323512464761734 0.4301227596071031 0.1431863486766815 0.1483918031056722
0 0.10570269227027893 0.48848421308729384 0.025594651699066162 0.07867830064561632
0 0.34100810028612616 0.1900315867529975 0.020788966864347457 0.03632120556301541
1 0.25319072008132937 0.6047038820054796 0.08577139377593994 0.12899241977267795
0 0.47079979777336123 0.17848082648383246 0.009010159969329834 0.032945336235894095
0 0.8522701859474182 0.4374969376458062 0.026262974739074706 0.05322568681504991
0 0.4320716381072998 0.1248535262213813 0.006385040283203125 0.02428046332465278
0 0.9926528930664062 0.4920893775092231 0.014017391204833984 0.055611504448784724
0 0.02737782597541809 0.4232799106174045 0.05192257165908813 0.07975925869411893
0 0.8761381387710572 0.45595270262824167 0.02035660743713379 0.046653164757622614
1 0.7076587498188018 0.6228932592603895 0.07382246255874633 0.12028064727783203
