0 0.869343376159668 0.7100571526421441 0.08415040969848633 0.20778181287977432
0 0.6687287569046021 0.32942086325751413 0.023412799835205077 0.0797994613647461
2 0.29531025886535645 0.31236256493462455 0.10579912662506104 0.1984322018093533
0 0.39211301803588866 0.26689832475450304 0.017699992656707762 0.06709200541178385
3 0.4477846086025238 0.21270553800794814 0.05509618520736694 0.18574390411376954
3 0.8678422689437866 0.710117965274387 0.09409770965576172 0.2208566665649414
0 0.3820460855960846 0.21648588180541992 0.01505976915359497 0.050026893615722656
1 0.5473643064498901 0.22150762346055772 0.021797370910644532 0.051040395100911455
0 0.5703749060630798 0.15520079400804307 0.0074893712997436525 0.026660294002956813
0 0.07486708164215088 0.3996014912923177 0.05756111145019531 0.06804538302951389
0 0.6287832431495189 0.2291582743326823 0.022162850201129913 0.0674416012234158
1 0.4504082679748535 0.25967627631293405 0.04851341247558594 0.08622345394558377
0 0.6176913183182478 0.18051578733656143 0.013355649262666702 0.03637557559543186
0 0.5474843978881836 0.22089174058702257 0.0212127685546875 0.049862374199761285
0 0.20560364723205565 0.2850151062011719 0.03571426868438721 0.05102488199869792
0 0.4014353483915329 0.17813550101386177 0.013265174627304078 0.041447851392957896
