0 0.25183494091033937 0.63005616929796 0.06089363098144531 0.15868089463975693
0 0.666668713092804 0.2943988694085015 0.029855561256408692 0.08277344173855251
0 0.36165410578250884 0.2672240893046061 0.023909872770309447 0.06049179501003689
1 0.1884867489337921 0.5572659174601237 0.061079776287078856 0.14438870747884114
0 0.19145302772521972 0.5574995252821181 0.04827252626419067 0.12434671190049913
0 0.286402428150177 0.3355939971076118 0.03224470615386963 0.0840799331665039
1 0.6296700164675713 0.23602896796332465 0.029150483012199403 0.06872223748101128
0 0.39416930079460144 0.3056478500366211 0.025167417526245118 0.06878433227539063
0 0.3422495603561401 0.5173795488145616 0.04240641593933105 0.13381449381510416
0 0.34574645161628725 0.31596009996202257 0.023785364627838135 0.07181985643174914
0 0.07653045058250427 0.3965039994981554 0.056394875049591064 0.08453210194905598
0 0.3688173621892929 0.40483567979600693 0.030185407400131224 0.09513846503363715
0 0.5888032913208008 0.2222206539577908 0.0179903507232666 0.05936948988172743
1 0.24867171049118042 0.6229531817966037 0.0730212926864624 0.16476919386121963
0 0.28879599571228026 0.4491403367784288 0.03723983764648438 0.11036580403645833
0 0.6315138816833497 0.23510297139485678 0.0232180118560791 0.06439603169759114
0 0.3640624314546585 0.21636021931966146 0.013475912809371948 0.04599795871310764
0 0.42099758684635163 0.2587564574347602 0.021793335676193237 0.0557156244913737
0 0.6039835810661316 0.16701150470309786 0.011904406547546386 0.033075565761990014
0 0.8153867721557617 0.46591873168945314 0.0438115119934082 0.09820628696017795
0 0.40995232164859774 0.17771618631150987 0.010652238130569458 0.04272623062133789
0 0.42920727133750913 0.16949824227227106 0.011345922946929932 0.04283665551079644
0 0.3938276946544647 0.1890391084882948 0.01367948055267334 0.0410920778910319
0 0.4259020805358887 0.3252067989773221 0.031511545181274414 0.08364166683620877
1 0.2841961860656738 0.3372714505841335 0.03886270523071289 0.09409933363397917
0 0.3281776025891304 0.29562037785847983 0.015730205178260803 0.07704813215467665
0 0.31352031230926514 0.34971309238009984 0.029579019546508788 0.0857558568318685
0 0.030279187113046648 0.45188577440049915 0.018074654042720795 0.04070527818467882
0 0.5729758381843567 0.1748183462354872 0.016192126274108886 0.043469683329264326
0 0.3753229111433029 0.24503982332017687 0.016861969232559205 0.04968111250135634
0 0.723947286605835 0.4112675136990017 0.0356231689453125 0.09751688639322917
0 0.20458240509033204 0.28392978244357636 0.040722084045410153 0.052510643005371095
0 0.41692671477794646 0.1443289809756809 0.00917709469795227 0.031247191958957247
0 0.3669314458966255 0.3287644068400065 0.0269515722990036 0.07159750196668836
1 0.343459489941597 0.5173985004425049 0.04629397988319397 0.13308540980021158
0 0.3684899672865868 0.49245770772298175 0.02253672182559967 0.08955332438151041
0 0.7151134312152863 0.3582288212246365 0.02652226686477661 0.06315746307373046
0 0.5929946541786194 0.1670270284016927 0.01299145221710205 0.036515299479166666
0 0.3632232308387756 0.17751330799526638 0.014441132545471191 0.041240660349527995
