0 0.31640239953994753 0.3428402264912923 0.03163940906524658 0.09091553158230252
1 0.33377861976623535 0.8549838595920138 0.18125085830688475 0.2799919976128472
1 0.23864846229553222 0.40484391318427193 0.04835424423217773 0.11886526743570963
2 0.7457357883453369 0.521229977077908 0.22785024642944335 0.4668510013156467
0 0.33058368768543006 0.2726644304063585 0.019936614111065863 0.06298624674479167
0 0.23742737770080566 0.40577596028645835 0.0388627290725708 0.10064697265625
3 0.37997288107872007 0.8223377227783203 0.11932076215744018 0.3523118760850694
0 0.6443247318267822 0.2537305725945367 0.016538012027740478 0.04476985931396484
0 0.6387875556945801 0.21648151609632704 0.016780996322631837 0.038960202534993486
1 0.4595978081226349 0.1782079325781928 0.03127340078353882 0.06101853052775065
1 0.3998143285512924 0.2600392129686144 0.03909286856651306 0.07871638403998481
0 0.07604759931564331 0.39835866292317706 0.05771258473396301 0.06674825880262587
0 0.4014916390180588 0.26051217185126413 0.03475639224052429 0.07695276472303603
1 0.24772534370422364 0.524642096625434 0.04326925277709961 0.10890303717719184
0 0.250887131690979 0.5159050199720595 0.03541784286499024 0.0972574445936415
0 0.5519613265991211 0.1534000078837077 0.010435342788696289 0.03210404713948568
0 0.5785006284713745 0.17331671714782715 0.013703298568725587 0.039057551489935984
0 0.45829559564590455 0.18390883339775932 0.01797025203704834 0.048620880974663626
0 0.6696335554122925 0.6641176859537761 0.016887664794921875 0.048187934027777775
0 0.4110023409128189 0.14842667049831815 0.010716313123703003 0.034562471177842884
0 0.4410420298576355 0.14729639159308539 0.01135392189025879 0.027925459543863933
0 0.4216643512248993 0.13976739247639974 0.010513222217559815 0.030564053853352865
0 0.023687470704317093 0.37843841976589626 0.018697063624858856 0.04064767625596788
0 0.4008550375699997 0.149661832385593 0.012978094816207885 0.03232810762193468
