0 0.757138729095459 0.43822928534613714 0.0419802188873291 0.10202980041503906
0 0.6687214016914368 0.273899777730306 0.024665570259094237 0.06454921298556858
1 0.4202376365661621 0.41792979770236544 0.07447276115417481 0.13638458251953126
0 0.3478503778576851 0.31117681927151153 0.0218318372964859 0.06994889577229818
0 0.6354951620101928 0.22775574790106878 0.019927358627319335 0.04633575015597873
0 0.282082724571228 0.43730040656195746 0.03719077110290527 0.11084993150499133
1 0.7585301697254181 0.435731930202908 0.0501916766166687 0.12212888929578992
0 0.09468955099582672 0.40503801504770914 0.025152486562728883 0.05800921652052138
0 0.29098987579345703 0.33743086920844184 0.03216941356658935 0.09190987481011284
0 0.38770652413368223 0.24864508310953776 0.019133174419403078 0.06644948323567708
3 0.4426143646240234 0.26204927232530384 0.08507323265075684 0.16466380225287544
0 0.2532939791679382 0.41421741909450954 0.023093152046203613 0.0724651124742296
0 0.40378414690494535 0.22544461356268988 0.01754615902900696 0.04681479136149089
0 0.3619800642132759 0.259337043762207 0.022376236319541932 0.07135687934027778
3 0.758867883682251 0.4317990091111925 0.0550483226776123 0.1309035619099935
0 0.44169922471046447 0.1460446834564209 0.01079493761062622 0.02925808164808485
0 0.3916778713464737 0.19083410898844402 0.014876860380172729 0.036878543429904515
2 0.4175837129354477 0.41425242953830294 0.08136489987373352 0.15423944261338976
0 0.40526550114154813 0.13896038797166613 0.010079723596572877 0.030673355526394313
