0 0.7603754222393035 0.37133448918660483 0.03897603750228882 0.10088138580322266
2 0.6626344978809356 0.2959116088019477 0.12526899576187134 0.2719265619913737
0 0.12248337268829346 0.5703324635823568 0.06210585236549378 0.13750279744466146
0 0.2850258111953735 0.36012145148383246 0.030684709548950195 0.09318025377061633
1 0.12298202216625213 0.5649721145629882 0.06698992848396301 0.15273780822753907
0 0.0755692481994629 0.39878929985894096 0.06034974455833435 0.079969236585829
0 0.5667491912841797 0.3975562201605903 0.031078863143920898 0.09808610280354818
0 0.44283354878425596 0.1586472882164849 0.011637222766876221 0.037724569108751084
0 0.7183025181293488 0.3459461741977268 0.024630033969879152 0.08975446489122178
0 0.42992493510246277 0.17012996673583985 0.014717257022857666 0.03455013699001736
1 0.2837538838386536 0.35867523087395564 0.03488953113555908 0.090563170115153
