1 0.5457407355308532 0.18238026830885146 0.02601048946380615 0.046842034657796225
1 0.45919148325920106 0.19850024117363824 0.02334815263748169 0.046783595614963105
1 0.6607258282601833 0.39832069608900283 0.08019405156373978 0.11340643564860026
1 0.6987367630004883 0.6200447082519531 0.11111083030700683 0.17715318467881944
0 0.11687922477722168 0.4867015414767795 0.057775020599365234 0.09558126661512586
0 0.18904397487640381 0.37212312486436633 0.05351148843765259 0.08860240512424045
0 0.3533876694738865 0.46799727545844183 0.02244095653295517 0.10997975667317708
0 0.28879382610321047 0.45366232130262585 0.046755075454711914 0.10490951538085938
0 0.8296689987182617 0.6123267279730903 0.03748235702514648 0.1423945532904731
0 0.4306009590625763 0.22876999113294813 0.012901842594146729 0.049516783820258245
0 0.3985911846160889 0.56768675910102 0.02679100036621094 0.13844290839301215
0 0.5123725473880768 0.46825714111328126 0.025759780406951906 0.11165508694118924
1 0.18916403651237487 0.3833351188235813 0.05011383295059204 0.058496422237820096
0 0.39398470222949983 0.3359004126654731 0.017854326963424684 0.07268024020724827
0 0.6018763661384583 0.2797372500101725 0.014391732215881348 0.05872631072998047
0 0.5623461008071899 0.22243133121066624 0.01133413314819336 0.0492051018608941
0 0.40072197318077085 0.25547321107652454 0.01353459358215332 0.0577145258585612
0 0.4026092827320099 0.18186443116929796 0.009959793090820313 0.040282885233561196
0 0.5818282246589661 0.2001171323988173 0.012253165245056152 0.041386710272894964
0 0.5950443983078003 0.2385091675652398 0.014586639404296876 0.05023492177327474
0 0.38583006858825686 0.23184368345472547 0.01354827880859375 0.053175926208496094
0 0.3760870829224586 0.22219329410129124 0.012314340472221375 0.047189119127061634
0 0.3737479686737061 0.5287965138753256 0.026705551147460937 0.12111570570203993
0 0.3231562376022339 0.44443223741319443 0.025172042846679687 0.10955043368869358
0 0.2980955123901367 0.34116862614949545 0.02114858627319336 0.07529349856906467
1 0.4627944529056549 0.15883993572658964 0.020001113414764404 0.03413361443413628
0 0.5190828263759613 0.18760696517096626 0.010638725757598878 0.043453248341878255
0 0.35431119203567507 0.2850444581773546 0.017479318380355834 0.06023148430718316
0 0.8723056793212891 0.7436860826280381 0.047404003143310544 0.1576920403374566
1 0.5244892716407776 0.13884812461005316 0.016199946403503418 0.031149334377712674
1 0.5124954104423523 0.12712221675448948 0.01392064094543457 0.02773925993177626
0 0.10954513549804687 0.38035363091362845 0.05193768739700318 0.08002696567111545
0 0.06896495819091797 0.4543611314561632 0.057021498680114746 0.09278831481933594
0 0.9668651580810547 0.8023886786566841 0.06019754409790039 0.17351277669270834
0 0.9049856185913085 0.6662378523084852 0.04591217041015625 0.14656600952148438
1 0.3602099895477295 0.7841100056966146 0.23938283920288086 0.19038128323025175
0 0.3552041158080101 0.24891250398423936 0.01352401077747345 0.04890761905246311
3 0.4054825842380524 0.7745309617784288 0.17034016847610473 0.2976787990993924
1 0.8711086750030518 0.7412050882975261 0.06311869621276855 0.13744727240668403
0 0.41151502430438996 0.1663684633043077 0.008691710233688355 0.034008619520399304
0 0.5565820693969726 0.1663358211517334 0.00929274559020996 0.030834378136528864
3 0.6782794833183289 0.5915824254353841 0.08403189182281494 0.22816132439507378
0 0.2754392623901367 0.30686280992296006 0.015122461318969726 0.05534244113498264
3 0.8092450141906739 0.8515169779459636 0.2642671585083008 0.2747350056966146
0 0.45025208592414856 0.15735952589246963 0.007599031925201416 0.03238453335232205
0 0.04011630266904831 0.4436365604400635 0.02866455614566803 0.060615189870198566
3 0.6893855333328247 0.8506497065226237 0.06185393333435059 0.2987005869547526
0 0.42603968977928164 0.18047669728597004 0.009818184375762939 0.040534718831380205
1 0.44636681079864504 0.11028701464335124 0.011469554901123048 0.02102571063571506
0 0.0556289941072464 0.4133064375983344 0.01841626763343811 0.04654369354248047
0 0.4299626171588898 0.13186365763346355 0.0070185065269470215 0.02639863755967882
0 0.8135477781295777 0.4286078770955404 0.02596120834350586 0.06779933505588108
0 0.4040750414133072 0.14195762210422092 0.0078118622303009035 0.028603744506835938
3 0.4638960838317871 0.1170369995964898 0.01797215938568115 0.042053943210177955
0 0.3750841021537781 0.17664556503295897 0.010561013221740722 0.03598791758219401
2 0.8384258449077606 0.8546094046698676 0.23988038301467896 0.2801121605767144
1 0.4265860944986343 0.1105879306793213 0.014985960721969605 0.022768370310465493
0 0.691366720199585 0.833681403266059 0.040583038330078126 0.21534177992078993
1 0.49689876437187197 0.1431878407796224 0.017757618427276613 0.031253284878200956
