0 0.3635018110275269 0.4749030007256402 0.02990546226501465 0.11708785163031685
3 0.6585126399993897 0.5848697662353516 0.1293492317199707 0.2695138719346788
1 0.4541533708572388 0.24523382186889647 0.03109476566314697 0.06118327246771919
0 0.309922981262207 0.7619447496202257 0.03854725360870361 0.1720261467827691
0 0.3965789318084717 0.2765936639573839 0.016191816329956053 0.06171983083089193
0 0.4198197364807129 0.291758049858941 0.016396641731262207 0.06373066372341579
0 0.3717108488082886 0.815206315782335 0.041077041625976564 0.20834910074869792
1 0.6057161092758179 0.41807452307807075 0.07140717506408692 0.10665719774034288
0 0.5994717597961425 0.2434546258714464 0.0132110595703125 0.05362364451090495
0 0.3739601731300354 0.3385758188035753 0.017818808555603027 0.07755773332383897
0 0.5133376121520996 0.47648709615071616 0.028105783462524413 0.12479137844509548
1 0.4617643773555756 0.18581202295091417 0.024043381214141846 0.049132484859890406
0 0.7870400428771973 0.658434083726671 0.038167810440063475 0.14844385782877603
0 0.4138300508260727 0.23165605333116318 0.013341885805130006 0.05322736104329427
0 0.35538347959518435 0.28640977011786567 0.017086970806121825 0.06297991010877821
0 0.3282900094985962 0.2984583536783854 0.016338396072387695 0.06322627597384983
0 0.3903880327939987 0.21032973395453558 0.011426979303359985 0.045796839396158855
1 0.612887954711914 0.3125039630466037 0.053389978408813474 0.08697530958387586
0 0.3261563193053007 0.2254891077677409 0.011687638610601426 0.04556287129720052
1 0.5349676847457886 0.15878463851081 0.020925283432006836 0.036440563201904294
1 0.19296205043792725 0.8884752061631944 0.2057191848754883 0.20591625637478297
0 0.8753186225891113 0.7919381883409288 0.04729270935058594 0.1717090606689453
0 0.570317554473877 0.20033502578735352 0.010434770584106445 0.04258814917670356
1 0.517763888835907 0.1254014597998725 0.015535330772399903 0.026746739281548394
0 0.3748005867004395 0.1877051830291748 0.012044763565063477 0.04747658835517036
0 0.2802384376525879 0.6387090047200521 0.032996106147766116 0.16093885633680555
0 0.40422628819942474 0.18988121880425346 0.010791057348251342 0.04061559041341146
0 0.7632184982299804 0.5094315422905816 0.03063483238220215 0.12074144151475695
0 0.25777324438095095 0.4167398028903537 0.024231362342834472 0.08843684726291233
0 0.9167394638061523 0.9106124030219184 0.06827621459960938 0.17826317681206597
0 0.6973134636878967 0.43602144453260633 0.028750300407409668 0.10111435784233941
0 0.5864553213119507 0.1839314619700114 0.01057448387145996 0.03814607196384006
0 0.5111638009548187 0.15474771923489042 0.008308207988739014 0.030314784579806856
0 0.7398290157318115 0.4146108839246962 0.029145526885986327 0.0990287356906467
0 0.566340446472168 0.17366762161254884 0.009990119934082031 0.03405768076578776
0 0.8044327735900879 0.5836749606662326 0.029100990295410155 0.12791341145833332
0 0.43469159603118895 0.19056899282667372 0.009767866134643555 0.04443065855238173
0 0.5447687625885009 0.17978923585679796 0.009830951690673828 0.03718836042616103
3 0.4608354508876801 0.1341965357462565 0.020099842548370363 0.050636206732855904
0 0.31120105981826784 0.3329765319824219 0.023815608024597167 0.0731109619140625
0 0.8600935935974121 0.6838191562228733 0.0396697998046875 0.1385957505967882
0 0.9776778221130371 0.880023701985677 0.04272403717041016 0.17648934258355034
0 0.41540024280548093 0.169892062081231 0.008422791957855225 0.034474383460150824
0 0.43810089826583865 0.14370765686035156 0.007741284370422363 0.030770386589898002
0 0.7022349596023559 0.3839727189805773 0.02236297130584717 0.05717654758029514
0 0.2637650489807129 0.5207810295952691 0.030309581756591798 0.12134115431043836
0 0.7250313639640809 0.5026852819654677 0.023610687255859374 0.0667997784084744
0 0.262982165813446 0.6014108339945475 0.0280961275100708 0.1107723871866862
0 0.1263831377029419 0.3871321333779229 0.026431727409362792 0.04646028412712945
0 0.42439684867858884 0.14473314815097385 0.007705330848693848 0.03141955269707574
0 0.6272629670798778 0.2125687811109755 0.015213485062122344 0.03782660166422526
1 0.5049836695194244 0.11554375754462348 0.01117953062057495 0.021570862664116754
0 0.27407265901565553 0.308788628048367 0.018820786476135255 0.05632334815131294
1 0.4427765965461731 0.11771595742967393 0.013353419303894044 0.02290379206339518
0 0.3945793867111206 0.2999216417471568 0.008796262741088866 0.02206550571653578
0 0.8135547995567322 0.4295967525906033 0.0251694917678833 0.06681560940212673
2 0.22762101292610168 0.8752173953586154 0.18560050725936889 0.2495652092827691
1 0.9367552876472474 0.6623492982652452 0.05904200077056885 0.09578107198079427
3 0.9633068442344666 0.6091393788655599 0.07023417949676514 0.19889161851671006
0 0.50100257396698 0.30987212128109404 0.021648383140563963 0.04196646478441027
1 0.6254838721011765 0.9611464818318685 0.05052275338675827 0.07770703633626302
