0 0.45205608010292053 0.32109620836046004 0.022796785831451415 0.07478993733723958
0 0.27315592765808105 0.4146092308892144 0.0349165678024292 0.10010350545247396
1 0.36867921352386473 0.39869544506072996 0.04902944564819336 0.11004230181376139
1 0.273805046081543 0.4124819305207994 0.04382753372192383 0.10797397295633952
0 0.368586802482605 0.40686026679144965 0.0377105712890625 0.09774848090277778
1 0.36630218029022216 0.7639394124348958 0.14510092735290528 0.4034928215874566
0 0.10362902879714966 0.5943817138671875 0.04853604435920715 0.1488064236111111
0 0.4245061635971069 0.2774686177571615 0.021955132484436035 0.0787583245171441
0 0.39544019401073455 0.1927908738454183 0.015352755784988403 0.04265031814575195
0 0.21062886714935303 0.6758216857910156 0.05188585519790649 0.1716306898328993
0 0.3913914918899536 0.8956565856933594 0.036389923095703124 0.08525687323676215
0 0.35079691782593725 0.23219980663723416 0.01792435497045517 0.04300653669569227
0 0.3905363827943802 0.2844261911180284 0.019719046354293824 0.06562141842312283
0 0.3921442151069641 0.2335952123006185 0.01571156978607178 0.05412165323893229
0 0.21994552612304688 0.5332745869954427 0.04220120906829834 0.14934510125054254
0 0.3685925006866455 0.21642574734157985 0.016852807998657227 0.03756501939561632
0 0.5354251503944397 0.12931607564290365 0.008711457252502441 0.029874547322591146
0 0.07578580379486084 0.40042088826497396 0.0576899528503418 0.06469637552897135
1 0.48353763222694396 0.1666101826561822 0.022676289081573486 0.052401659223768444
0 0.26173009872436526 0.3430060492621528 0.028325510025024415 0.06311111450195313
0 0.41793439984321595 0.1697712845272488 0.010249817371368408 0.03595554563734266
0 0.43168737888336184 0.14067126909891764 0.009683585166931153 0.03217482037014431
1 0.10299224257469178 0.5898138364156087 0.0628743290901184 0.16941280364990235
0 0.4567994236946106 0.14022190305921767 0.010691332817077636 0.03203459845648871
0 0.4071655958890915 0.35004537370469835 0.02237617373466492 0.083788087632921
0 0.3036344528198242 0.43190977308485246 0.036406207084655764 0.10562405056423611
0 0.46079965829849245 0.2101618660820855 0.013981103897094727 0.052486546834309894
1 0.4646384477615356 0.19222602844238282 0.030776214599609376 0.08368475172254775
0 0.3496117353439331 0.5025186326768664 0.03785386085510254 0.11669061448838976
0 0.15505578517913818 0.6223552703857422 0.06339162588119507 0.1672905815972222
0 0.5706610798835754 0.13687134318881564 0.012663054466247558 0.03625171449449327
0 0.49052340984344484 0.17441997528076172 0.010820722579956055 0.040999984741210936
0 0.40761356353759765 0.4171735551622179 0.023786747455596925 0.05867440965440538
0 0.4217550575733185 0.1977651490105523 0.012714660167694092 0.04527289072672526
0 0.33741700649261475 0.3440739737616645 0.02733302116394043 0.08325470818413629
0 0.50696280002594 0.31517513228787314 0.010636615753173827 0.034000033140182497
0 0.35516957864165305 0.2783197826809353 0.020154763758182526 0.05692291259765625
0 0.3231536984443665 0.2802580303615994 0.019450068473815918 0.05885264078776042
0 0.005910774320363998 0.3976797580718994 0.011821548640727996 0.038231542375352645
1 0.22040457725524903 0.5303676817152235 0.05414872169494629 0.17261229621039498
