1 0.3610795497894287 0.7315938313802083 0.13666889667510987 0.34912677341037324
0 0.20782833099365233 0.44873996310763886 0.04392795562744141 0.10349460177951389
0 0.3481756806373596 0.3097353935241699 0.03174793720245361 0.07540192074245877
0 0.1684343099594116 0.5555205451117622 0.04928375482559204 0.11885091993543836
0 0.6189894676208496 0.2661441273159451 0.03634877204895019 0.08508671654595269
1 0.16771718263626098 0.5584903293185763 0.06193842887878418 0.14320763481987847
0 0.28394615650177 0.4393058353000217 0.0415494441986084 0.10903345743815104
0 0.3601616442203522 0.21479131910536026 0.024671876430511476 0.06175944010416667
0 0.6644661903381348 0.31606068081325955 0.025145339965820312 0.07068763309054904
1 0.5356283724308014 0.24216716554429796 0.04455312490463257 0.09841382768419053
1 0.20703522562980653 0.4477692074245877 0.048991596698760985 0.12039871215820312
0 0.6174732565879821 0.17862870428297256 0.016000866889953613 0.03923150168524848
0 0.3633781120181084 0.36908719804551865 0.03454970419406891 0.09708730909559461
3 0.29844764471054075 0.4073432657453749 0.09245707988739013 0.2169499397277832
0 0.07681784629821778 0.39227756924099394 0.055797576904296875 0.08544192843967013
0 0.5410101890563965 0.3227774514092339 0.030006265640258788 0.09340460035536025
0 0.37984442710876465 0.20976083543565538 0.0243194580078125 0.05719536675347222
1 0.5372053623199463 0.3273789511786567 0.05151772499084473 0.11416562398274739
1 0.2831588387489319 0.44349000718858506 0.05845396518707276 0.1387880113389757
0 0.5680155873298645 0.14731253517998588 0.013365530967712402 0.03857964409722222
1 0.6183448433876038 0.2671966658698188 0.04070217609405517 0.09195440080430772
2 0.5058277010917663 0.18947606616550022 0.09991018772125244 0.19120955997043185
0 0.4533344507217407 0.3174607190820906 0.01556549072265625 0.039107837941911486
0 0.4370397746562958 0.40128695434994166 0.019084107875823975 0.04856621954176161
0 0.25745368003845215 0.5486524793836806 0.040519332885742186 0.13383733961317273
0 0.6277890682220459 0.2142746501498752 0.02018766403198242 0.04326135847303603
