0 0.07706698179244995 0.398284912109375 0.05975354313850403 0.091009521484375
0 0.7706873893737793 0.4390560574001736 0.03895964622497559 0.1078669653998481
0 0.22580962181091307 0.6699966430664063 0.07855607271194458 0.1573971218532986
0 0.67761310338974 0.275465276506212 0.02472255229949951 0.05716571807861328
2 0.6260604500770569 0.262876468234592 0.07131350040435791 0.1547890133327908
1 0.8052023887634278 0.7322189331054687 0.14863433837890624 0.3153191884358724
0 0.18786840438842772 0.49265043470594616 0.0397913932800293 0.10815022786458334
1 0.7702535331249237 0.43634093602498375 0.053323566913604736 0.12012594011094835
0 0.5516470432281494 0.12103925281100802 0.008804512023925782 0.024844063652886286
0 0.5893821358680725 0.16433145734998916 0.013193869590759277 0.0344185299343533
0 0.5290320694446564 0.26299912134806314 0.0203544020652771 0.06676993899875217
2 0.2301864206790924 0.6699737760755751 0.07938603162765503 0.17868690490722655
1 0.07504428625106811 0.397442987230089 0.05911154747009277 0.10636736551920573
