1 0.5526105880737304 0.9161393907335069 0.17361674308776856 0.15132013956705728
0 0.671707034111023 0.4031452814737956 0.023454999923706053 0.08409775627983941
3 0.5451587975025177 0.2643727938334147 0.052634704113006595 0.11955513424343533
1 0.6785399913787842 0.6247047848171658 0.10023536682128906 0.1711016337076823
0 0.8493709564208984 0.6257976531982422 0.037980175018310545 0.14251912434895833
0 0.7485252380371094 0.4671454111735026 0.029052209854125977 0.111602783203125
0 0.10726720094680786 0.562723371717665 0.0522057056427002 0.1174782223171658
0 0.42985498905181885 0.30644588470458983 0.023011326789855957 0.06183200412326389
1 0.5067656517028809 0.5187752193874783 0.1171480655670166 0.12701644897460937
0 0.7813225269317627 0.6586968315972223 0.04241132736206055 0.15357462565104166
0 0.5869489192962647 0.703658464219835 0.08248701095581054 0.14241485595703124
0 0.6066372394561768 0.29451207054985895 0.015625 0.061027611626519096
0 0.6242048263549804 0.39110483593410916 0.025141000747680664 0.08235458797878689
0 0.31952338218688964 0.49907828436957463 0.028761410713195802 0.12567278544108074
0 0.5449410915374756 0.6166280958387587 0.048324871063232425 0.12929946051703559
2 0.3395514488220215 0.3153597937689887 0.0805023193359375 0.14492503272162544
3 0.4560131788253784 0.2250303904215495 0.04165470600128174 0.1089612325032552
1 0.39627776145935056 0.27782628801133896 0.03820981979370117 0.0741556379530165
0 0.29308280944824217 0.4032178666856554 0.02340571880340576 0.10679651896158854
0 0.6454976558685303 0.29039349026150174 0.01620931625366211 0.052722803751627606
0 0.41860672235488894 0.24294869105021158 0.013491463661193848 0.05341498057047526
0 0.6969050884246826 0.38770857916937934 0.023200511932373047 0.08878394232855903
0 0.5880055665969849 0.2618891927931044 0.013160610198974609 0.05562080807156033
0 0.3852614015340805 0.19640851020812988 0.011468583345413208 0.04114819632636176
0 0.7219745635986328 0.9386469523111979 0.05980772972106933 0.11674016316731771
0 0.7996154308319092 0.5235269334581163 0.03136262893676758 0.10398627387152778
0 0.4608389735221863 0.1500592761569553 0.0081038236618042 0.03212108612060547
0 0.5882307052612304 0.22388365003797744 0.012605810165405273 0.04351327684190538
0 0.6058795332908631 0.21986053254869248 0.012879633903503418 0.04199988047281901
0 0.419563552737236 0.14857663578457303 0.008836466073989867 0.029561773935953776
1 0.5428400039672852 0.3082817713419596 0.05016469955444336 0.038785764906141496
0 0.09023493528366089 0.5032750023735895 0.05264017581939697 0.09736735026041667
1 0.48985445499420166 0.33758746253119576 0.08029966354370117 0.07188911437988281
0 0.6448184102773666 0.3414761755201552 0.017955249547958373 0.06755118899875218
3 0.4124707460403442 0.19792687098185222 0.03379590511322021 0.07624954647488064
0 0.5749372005462646 0.20823642942640516 0.012595272064208985 0.04194164276123047
3 0.5200993537902832 0.18003729714287653 0.04125795364379883 0.11740576426188151
0 0.39758568406105044 0.22654144499037002 0.01366727352142334 0.0458804448445638
0 0.5533995866775513 0.193849425845676 0.010295963287353516 0.03664298587375217
0 0.4466869652271271 0.13121778700086806 0.006847584247589111 0.02559848361545139
3 0.962978208065033 0.6036514706081815 0.07038891315460205 0.2074170430501302
0 0.3715090662240982 0.21865396499633788 0.013322669267654418 0.050521871778700086
0 0.7937260925769806 0.5843436559041341 0.04003537893295288 0.08503328959147136
0 0.43155583143234255 0.18321786986456978 0.009540128707885741 0.03850535286797418
0 0.6085627436637878 0.2516939375135634 0.018521618843078614 0.04927482604980469
0 0.5609148740768433 0.19327567418416342 0.009847307205200195 0.03723460303412544
1 0.3895328402519226 0.30342677699195014 0.01902186870574951 0.029075776206122506
0 0.4487850546836853 0.16339060465494792 0.008908390998840332 0.030484517415364582
3 0.5482232332229614 0.9033699671427409 0.19634714126586914 0.19326006571451823
0 0.9769466400146485 0.8668614705403646 0.0452117919921875 0.1923996819390191
2 0.4120059758424759 0.19721244176228842 0.03352238535881043 0.07833287980821398
0 0.3538666293025017 0.22252655029296875 0.015285089612007141 0.04863098992241754
0 0.6344732418656349 0.38198468685150144 0.013622233271598816 0.046451171239217125
0 0.27450923919677733 0.3068508783976237 0.018007183074951173 0.05626691182454427
1 0.7244683414697647 0.9315219667222765 0.06574189066886901 0.13450304667154947
0 0.673864209651947 0.26853996912638345 0.019967150688171387 0.04838958316379123
1 0.6239672295749188 0.39721092647976347 0.027170927822589876 0.07007465362548829
0 0.4312662541866302 0.1431020842658149 0.007336318492889404 0.029498651292588975
1 0.4273862898349762 0.11027437845865885 0.015213882923126221 0.025182427300347223
3 0.3500324199674651 0.31007904476589626 0.058220217609778045 0.13888248867458766
0 0.39463033676147463 0.3198808881971571 0.010739326477050781 0.05370568169487847
0 0.6394574820995331 0.318778787056605 0.008694010972976684 0.02937162849638197
0 0.49881569743156434 0.26941435072157116 0.015526354312896729 0.05231526692708333
0 0.37686566114425657 0.32459506193796794 0.012222504615783692 0.04060774379306369
0 0.62237046957016 0.2122664451599121 0.019204592704772948 0.03883092668321397
0 0.4372915983200073 0.1250403086344401 0.006892800331115723 0.02520612080891927
3 0.07898374795913696 0.391853756374783 0.15272858142852783 0.1651253170437283
