3 0.5739243686199188 0.31077402432759604 0.13252655267715455 0.28547709782918296
0 0.6873087763786316 0.3051401774088542 0.021831774711608888 0.0695902082655165
0 0.6396291822195053 0.27428820927937825 0.024184638261795045 0.06668847401936849
0 0.6641083925962448 0.3088367250230577 0.027669352293014527 0.06400074428982205
0 0.40566015243530273 0.18118555810716416 0.013168919086456298 0.04438272052341037
0 0.3440395690500736 0.350955687628852 0.03219597190618515 0.09614575703938802
0 0.4323239862918854 0.1750142945183648 0.013894426822662353 0.042383172776963976
0 0.3890964090824127 0.211814022064209 0.020695424079895018 0.06753978729248047
0 0.09507624804973602 0.4066629674699571 0.024456173181533813 0.05985536575317383
1 0.698251923918724 0.30689430236816406 0.044585305452346805 0.07965062459309896
0 0.41435739398002625 0.170295344458686 0.009617364406585694 0.038099310133192274
0 0.4660067856311798 0.17956929206848143 0.010841882228851319 0.036435307396782766
0 0.32582915648818017 0.3322964787483215 0.01103331297636032 0.052123925420973036
0 0.4057083696126938 0.1502464771270752 0.010587793588638306 0.036170207129584415
