0 0.36005798876285555 0.39701462851630315 0.035991066694259645 0.0977226045396593
0 0.6353118896484375 0.7395575629340277 0.08188834190368652 0.20187560187445747
0 0.24954776763916015 0.4323009490966797 0.030174827575683592 0.09282921685112847
1 0.45315887928009035 0.24118511411878799 0.042105913162231445 0.08258020612928603
1 0.7693183183670044 0.4908426708645291 0.06416921615600586 0.1529198964436849
0 0.769895076751709 0.4893302493625217 0.051473236083984374 0.14610485500759549
0 0.3812384635210037 0.3162466684977214 0.027507680654525756 0.07869211832682292
0 0.3537644654512405 0.29461728201972115 0.02731615900993347 0.07200069427490234
0 0.4007718950510025 0.3503724098205566 0.026814419031143188 0.08806302812364367
1 0.3602771766483784 0.39605175389183894 0.040075837075710295 0.09882283210754395
0 0.6180113554000854 0.1794206036461724 0.01517186164855957 0.03748697704739041
0 0.5995151162147522 0.19837123023139105 0.014991164207458496 0.04433568318684896
0 0.07550665140151977 0.39561284383138023 0.05570662021636963 0.078033447265625
1 0.30681064128875735 0.3871783786349826 0.0998237133026123 0.1707680172390408
3 0.6425377547740936 0.7369346300760905 0.08507550954818725 0.22212149302164713
0 0.5761114597320557 0.19535171190897624 0.012317085266113281 0.04145625432332357
1 0.4974788725376129 0.25451670752631295 0.05077894926071167 0.09349759419759114
0 0.4009691417217255 0.22080246607462564 0.015214848518371581 0.0571721182929145
0 0.42352692484855653 0.2052475823296441 0.012254774570465088 0.05072339375813802
0 0.16899254322052001 0.4796186235215929 0.03710273504257202 0.10758031209309896
0 0.3874862641096115 0.20436314476860895 0.017089372873306273 0.058049774169921874
3 0.49387490153312685 0.22508705986870658 0.06127344369888306 0.1536660936143663
0 0.18061365485191344 0.7878239949544271 0.02933453321456909 0.06927769978841146
1 0.5494850277900696 0.27742735544840497 0.06332495212554931 0.11617016262478298
1 0.3585722208023071 0.22874809900919596 0.03385167121887207 0.0830630620320638
1 0.37374124526977537 0.2952825016445584 0.051853609085083005 0.12458010779486763
0 0.4119422972202301 0.18179318110148113 0.01315169334411621 0.042853694491916235
3 0.549145781993866 0.20411925315856932 0.05443751811981201 0.11936604181925456
0 0.3569443941116333 0.22954509523179795 0.029502344131469727 0.07162626054551867
0 0.39860922992229464 0.17578516006469727 0.012778419256210326 0.04470534854465061
2 0.5494354069232941 0.25198412471347387 0.06583398580551147 0.16738706164889866
0 0.4204069167375565 0.16692173745897082 0.011549252271652221 0.03539306852552626
0 0.38182359337806704 0.26129901674058703 0.018168890476226808 0.05348279741075304
