0 0.6175709128379822 0.2845407168070475 0.02342725992202759 0.06265074412027995
0 0.379633803665638 0.24471577538384331 0.01885767877101898 0.05383436414930556
2 0.5745534420013427 0.23627580006917318 0.11089658737182617 0.13640882703993057
0 0.4010569930076599 0.2774003240797255 0.025723469257354737 0.062402704026963976
0 0.35929478853940966 0.23770707448323566 0.020886102318763734 0.054453404744466145
0 0.45326794385910035 0.26376738018459744 0.016848826408386232 0.05555121103922526
0 0.3652153044939041 0.3000258127848307 0.03252454400062561 0.08017896016438802
0 0.4094743520021439 0.1845326688554552 0.013630706071853637 0.04047424528333876
0 0.412223345041275 0.23327240414089626 0.016873872280120848 0.05224410163031684
0 0.43427465558052064 0.25940169228447807 0.019048964977264403 0.061548974778917104
0 0.39702028036117554 0.21924543380737305 0.015019559860229492 0.04803540971544054
1 0.07534525543451309 0.39590062035454643 0.057246848940849304 0.10416586134168837
1 0.3638608455657959 0.2934047593010796 0.03503580093383789 0.07433113521999783
0 0.06139807105064392 0.3859113057454427 0.029818904399871827 0.08889134724934895
0 0.3624021515250206 0.17578864097595215 0.016566506028175353 0.0440678596496582
