0 0.354830801486969 0.35678059260050454 0.03128716945648193 0.09581991831461588
1 0.4106582194566727 0.44056163363986545 0.07159549593925477 0.144091796875
0 0.2710803270339966 0.4616868548923069 0.034207916259765624 0.0977330101860894
0 0.1289491057395935 0.5107211642795139 0.05119619369506836 0.113677978515625
1 0.12786495685577393 0.5139933956993951 0.061638593673706055 0.13097384770711262
0 0.1993718147277832 0.5336669498019748 0.04848060607910156 0.13650775485568575
0 0.07854799032211304 0.4032573699951172 0.06890931129455566 0.08427725897894965
0 0.3639441549777985 0.27662196689181856 0.01963796615600586 0.06739472283257378
0 0.106631600856781 0.6130544026692708 0.06601412892341614 0.10987298753526475
0 0.3337698087096214 0.40887292226155597 0.026914617419242857 0.07995999654134114
0 0.0943997859954834 0.7583351135253906 0.07033061385154724 0.20041626824273004
0 0.5840366244316101 0.15261249542236327 0.013355612754821777 0.04266700744628906
0 0.2400186538696289 0.6061737060546875 0.051524567604064944 0.14924757215711806
1 0.10476289689540863 0.6117309040493435 0.07324143052101136 0.1290702184041341
0 0.3115465879440308 0.3505136595831977 0.02824239730834961 0.06698975033230252
0 0.5221779763698577 0.2438511742485894 0.01664210557937622 0.05425406561957465
1 0.4450331777334213 0.28526329464382594 0.05188036561012268 0.11347372266981337
0 0.3659289121627808 0.22369698418511286 0.01888275146484375 0.04875064425998264
1 0.19901068806648253 0.5311564339531792 0.06117666959762573 0.15265388488769532
0 0.33889528978616 0.5187358856201172 0.0298525121062994 0.08597513834635416
0 0.2537297964096069 0.41298260158962674 0.02993016242980957 0.09055163065592448
0 0.4123342543840408 0.18361155721876357 0.012066143751144408 0.04067831039428711
0 0.4227389991283417 0.20830284754435222 0.01435025930404663 0.05007945166693793
0 0.3898722529411316 0.21613748338487412 0.01776306629180908 0.05879711574978298
1 0.24078913927078247 0.6031024403042263 0.06642858982086182 0.17404685550265842
0 0.2878880500793457 0.34825657738579646 0.0246884822845459 0.06836136711968316
1 0.5253240704536438 0.13988100157843697 0.02022092342376709 0.03302651511298286
0 0.34558662176132204 0.254408507876926 0.01849801540374756 0.05318152109781901
1 0.5619675278663635 0.14277074601915146 0.022675061225891115 0.03488299051920573
0 0.40423581898212435 0.18654926088121201 0.011389309167861938 0.038583988613552514
0 0.02790089324116707 0.38052276770273846 0.02777743190526962 0.044671381844414604
0 0.5091504096984864 0.136199426651001 0.009445595741271972 0.03130417929755317
0 0.5545509934425354 0.14242023362053766 0.008691668510437012 0.030555650922987197
0 0.3626138210296631 0.1904991043938531 0.013530778884887695 0.03192301856146918
0 0.3483483552932739 0.22332032521565756 0.015328264236450196 0.04211599561903212
