0 0.18567058444023132 0.4332625495062934 0.03532720804214477 0.09761920505099826
0 0.6423727154731751 0.2681238916185167 0.03142282962799072 0.07438106536865234
1 0.1614331364631653 0.6080248938666449 0.06649434566497803 0.16374630398220485
0 0.6068090438842774 0.2058857070075141 0.018474721908569337 0.05615846845838759
0 0.40394442677497866 0.2569804933336046 0.023060834407806395 0.06486854553222657
0 0.3953157961368561 0.2219387690226237 0.01671711206436157 0.05023799472384983
0 0.2829747200012207 0.37279009289211695 0.033527278900146486 0.08088381025526259
0 0.07647155523300171 0.39854231940375434 0.05491428375244141 0.08859803941514757
0 0.3573900297284126 0.2538064532809787 0.02385372221469879 0.06107843187120226
0 0.3432223811745644 0.3924713134765625 0.031946584582328796 0.1025467766655816
0 0.22631232738494872 0.7826909171210394 0.03257861137390137 0.0547371334499783
0 0.33078775405883787 0.26309088601006403 0.024977970123291015 0.0487728754679362
0 0.37695975303649903 0.20000300937228732 0.01386122703552246 0.032690344916449655
0 0.16037046909332275 0.5980862087673611 0.06605764627456664 0.12956420050726997
0 0.45149665474891665 0.15949843724568685 0.013099920749664307 0.03734972212049696
0 0.2485489845275879 0.44685278998480904 0.03929948806762695 0.09975776672363282
0 0.40329140722751616 0.17903905444675022 0.012965911626815796 0.043536440531412764
0 0.34007237358018755 0.3162037213643392 0.03367013130337 0.07501409318712023
0 0.5616512179374695 0.12556157641940646 0.011081433296203614 0.036119164360894095
0 0.42032849192619326 0.1915644751654731 0.012651193141937255 0.041851170857747394
0 0.4900213420391083 0.9556398603651258 0.019900715351104735 0.06014489067925347
1 0.4548714756965637 0.20112504959106445 0.028950762748718262 0.06135179731580946
0 0.7110286951065063 0.3688995573255751 0.018567609786987304 0.09025179545084636
