0 0.579700231552124 0.5362103780110677 0.07076950073242187 0.11378072102864584
0 0.23759634494781495 0.5029798083835177 0.03182373046875 0.11050512525770399
0 0.3619090035557747 0.22195621066623264 0.013014540076255798 0.0490981207953559
0 0.6041601896286011 0.2815245628356934 0.014707040786743165 0.05902385711669922
0 0.3607753276824951 0.3337821536593967 0.01545252799987793 0.07004013061523437
1 0.5195614755153656 0.20237674713134765 0.02949753999710083 0.05266706678602431
0 0.8880385398864746 0.6877980550130208 0.04689655303955078 0.1569580078125
0 0.5736255764961242 0.24662709765964083 0.012621808052062988 0.052675819396972655
0 0.5477743148803711 0.35644448598225914 0.026226806640625 0.07969474792480469
0 0.34993216693401336 0.28872478273179797 0.01595560312271118 0.06600034501817491
0 0.5915420651435852 0.261307430267334 0.013022255897521973 0.054309908548990884
0 0.2992157816886902 0.39405412673950196 0.019930529594421386 0.07916503482394749
3 0.45055603981018066 0.25386806064181855 0.046286582946777344 0.1295373068915473
0 0.32452123165130614 0.3554381900363498 0.022483110427856445 0.09339184231228298
1 0.5078211069107056 0.1460465007358127 0.017020010948181154 0.03340708414713542
0 0.3118467092514038 0.3071541468302409 0.018580007553100585 0.06534097459581163
0 0.4022997349500656 0.3130834897359212 0.017907816171646117 0.06474297841389974
0 0.5127307951450348 0.32006349563598635 0.02057856321334839 0.07231536441379123
0 0.569158136844635 0.21863007015652128 0.012169384956359863 0.04376771714952257
0 0.38636823296546935 0.20943871604071723 0.012849092483520508 0.04489972856309679
0 0.5463987112045288 0.15025588141547308 0.007308053970336914 0.03253996107313368
0 0.529549777507782 0.15065432654486763 0.008025670051574707 0.03141104380289714
0 0.5593012571334839 0.18177018695407443 0.008422946929931641 0.0373715082804362
0 0.3850110411643982 0.29299193488227 0.01571744680404663 0.06237593756781684
0 0.33127118749544027 0.30646961000230577 0.01667220089584589 0.05892450544569228
0 0.3703939199447632 0.2578462388780382 0.013367831707000732 0.05048429701063368
0 0.9205896377563476 0.8497873094346788 0.06305456161499023 0.18039160834418402
0 0.40640152990818024 0.23487523396809895 0.012353914976119994 0.04519394768608941
1 0.46794907450675965 0.11270852088928222 0.012817037105560303 0.024736097123887805
0 0.42940801978111265 0.15611329078674316 0.00808337926864624 0.03352935579087999
0 0.08541246056556702 0.36825608147515193 0.055100095272064206 0.07302958170572917
1 0.4511309266090393 0.30314160763389536 0.04096834659576416 0.027731110403935114
0 0.2746385335922241 0.30765323638916015 0.01763925552368164 0.05652228461371528
0 0.4193010270595551 0.22083126703898112 0.01152275800704956 0.048446167839898004
1 0.08858933746814728 0.37183751000298393 0.05130121111869812 0.05755714840359158
0 0.4131293296813965 0.2754220538669162 0.013083672523498536 0.05720676845974392
0 0.38929874897003175 0.2423685391743978 0.01301494836807251 0.04828124576144748
0 0.8507005929946899 0.43566718101501467 0.022007560729980467 0.05428179634941949
0 0.29936219453811647 0.3504395802815755 0.011947321891784667 0.040919791327582465
0 0.45169284343719485 0.11577965418497721 0.005509281158447265 0.02358837127685547
0 0.624993983656168 0.21218625174628364 0.019275908172130585 0.043521690368652347
1 0.3241965889930725 0.3610161304473877 0.0206709623336792 0.06958752738104926
0 0.43377537131309507 0.13319221602545844 0.0067697644233703615 0.025557994842529297
0 0.37173483371734617 0.30763514869742925 0.007791900634765625 0.03377173145612081
1 0.6259576058480889 0.9601449542575412 0.05091829774901271 0.07971009148491753
