0 0.38356136083602904 0.32299295001559786 0.030699563026428223 0.07866382598876953
0 0.10435912609100342 0.6395972781711154 0.061262655258178714 0.14975102742513022
0 0.3232609033584595 0.282802857293023 0.02550816535949707 0.06703622606065539
0 0.35609874725341795 0.29631693098280165 0.030541229248046874 0.07267100016276042
0 0.6884268760681153 0.287348641289605 0.027246856689453126 0.07516507042778862
0 0.7340156555175781 0.39555384318033854 0.034509801864624025 0.0985603756374783
0 0.2589898228645325 0.3918551339043511 0.03701813220977783 0.09584600660536025
0 0.15957998037338256 0.48820970323350693 0.046133995056152344 0.11221822102864583
0 0.6181315451860427 0.18021104600694443 0.014074307680130006 0.04312909444173177
2 0.5660897254943847 0.28248358832465276 0.09397773742675782 0.1946168899536133
2 0.5947916388511658 0.504386650191413 0.13261401653289795 0.29558215141296384
0 0.2732436180114746 0.3312178611755371 0.029554033279418947 0.05332626766628689
0 0.2774914145469666 0.45224249098036023 0.027795815467834474 0.07362213134765624
0 0.41714695394039153 0.2833034621344672 0.0233830988407135 0.07120749155680338
0 0.5716021537780762 0.7708681742350261 0.050433349609375 0.17055820888943143
0 0.41159294843673705 0.22636982599894206 0.0176680326461792 0.053459019131130645
0 0.07656959295272828 0.3992467244466146 0.05639341473579407 0.06851772732204861
0 0.3437224332243204 0.3735411961873372 0.029980354756116868 0.09955702887641059
0 0.412247496843338 0.1714222855038113 0.01242917776107788 0.03964813020494249
0 0.39506086707115173 0.23123289744059244 0.017278778553009033 0.04786037868923611
0 0.6878787994384765 0.47754813300238713 0.0388582706451416 0.12117652893066407
1 0.5976487636566162 0.49992023044162326 0.12062835693359375 0.2416976081000434
0 0.38719107806682584 0.19438330862257217 0.016374486684799194 0.04903122584025065
0 0.35565759986639023 0.2319809913635254 0.017237600684165955 0.054686419169108075
1 0.15712369680404664 0.4912774191962348 0.05437235832214356 0.13594093322753906
1 0.10500720143318176 0.643676143222385 0.07112716436386109 0.16301451789008248
1 0.2995272994041443 0.39187809891170927 0.05486781597137451 0.09239683681064181
1 0.26337413787841796 0.39272200531429713 0.04327878952026367 0.09394244617886013
