1 0.5920308113098145 0.5304653591579861 0.09560570716857911 0.1743842230902778
1 0.5373259305953979 0.3568250318368276 0.051174068450927736 0.10107424391640557
0 0.5380210876464844 0.35827327304416234 0.04330315589904785 0.09577907986111112
0 0.7807097434997559 0.45275438096788195 0.046203088760375974 0.10914442274305555
2 0.6021878719329834 0.2174583011203342 0.07484512329101563 0.14619299570719402
0 0.3326317616738379 0.27676785786946617 0.022185097448527813 0.06872215270996093
1 0.7798682510852813 0.44742230309380426 0.0559048056602478 0.1238364749484592
3 0.28863292932510376 0.7005051930745443 0.21899063587188722 0.3949880811903212
1 0.41610186696052553 0.2030425919426812 0.0334168553352356 0.08503615061442057
0 0.07533764243125915 0.39961217244466146 0.05799320936203003 0.06804500155978732
2 0.30843868255615237 0.7706966824001736 0.22470686435699463 0.45625
0 0.6774714469909668 0.2835161632961697 0.026549291610717774 0.08676249186197917
0 0.21601202487945556 0.42156844668918186 0.030998420715332032 0.09362992180718316
0 0.5757951021194458 0.1653941578335232 0.012566566467285156 0.03395900726318359
0 0.4140669941902161 0.20904965400695802 0.02487325668334961 0.07482341130574545
