1 0.5830953121185303 0.5584235085381402 0.09029917716979981 0.17021302117241754
2 0.7447625637054444 0.5700906965467665 0.22011899948120117 0.43888354831271703
0 0.3730414152145386 0.626199467976888 0.03825087547302246 0.15404722425672743
0 0.3232927083969116 0.6946358150906033 0.04221477508544922 0.1601485358344184
0 0.3132303595542908 0.5808233578999837 0.03482840061187744 0.11476832495795355
1 0.5572384357452392 0.41780944400363496 0.05885171890258789 0.1099983639187283
0 0.3538539007306099 0.2955910682678223 0.01685977280139923 0.06319743262396918
0 0.6446895122528076 0.671738518608941 0.03558006286621094 0.15874985588921442
0 0.49584067463874815 0.36514768600463865 0.018004000186920166 0.0835153579711914
1 0.5293323636054993 0.14750893380906846 0.016331982612609864 0.030910735660129123
0 0.18906432390213013 0.7435636732313368 0.0355574369430542 0.17794757419162327
1 0.4361709117889404 0.42438396877712675 0.06117744445800781 0.14041754404703777
0 0.4475773811340332 0.24658674663967556 0.011881518363952636 0.05666929880777995
0 0.3700660988688469 0.3846604665120443 0.022233620285987854 0.08856014675564236
0 0.8950260162353516 0.6150266859266493 0.04373979568481445 0.1281882815890842
0 0.43303135633468626 0.22871579064263237 0.01137087345123291 0.051015811496310765
0 0.3227280855178833 0.3383806440565321 0.021747350692749023 0.07618959214952258
0 0.25223889350891116 0.5311023394266764 0.02776174545288086 0.09588714175754123
0 0.6069078207015991 0.22448916965060764 0.01297621726989746 0.0474350823296441
0 0.20035457611083984 0.6073044670952691 0.032779800891876223 0.1440360599093967
0 0.3815642476081848 0.23439585367838542 0.014444613456726074 0.05605714586046007
0 0.40525400042533877 0.3219386418660482 0.015814411640167236 0.07300673590766059
0 0.2769628524780273 0.4457532670762804 0.025387072563171388 0.11093046400282118
0 0.3122650384902954 0.40112777286105683 0.025878095626831056 0.08723021613226997
0 0.12288322448730468 0.7927719116210937 0.041805803775787354 0.180781979031033
0 0.4056389033794403 0.2561661932203505 0.012523245811462403 0.05592772165934245
0 0.2413639783859253 0.6690158420138889 0.035467910766601565 0.16064995659722223
0 0.2342505931854248 0.44085892571343316 0.029682850837707518 0.11174248589409722
3 0.46476963758468626 0.1306883070203993 0.019580602645874023 0.05264585283067491
0 0.06674027442932129 0.3858545939127604 0.05497163534164429 0.08565917544894748
1 0.5442857265472412 0.3182907740275065 0.03905396461486817 0.07472072177463107
0 0.4564992904663086 0.18365629514058432 0.009169769287109376 0.04003116819593641
0 0.41876534223556516 0.21647992663913304 0.010487246513366699 0.044913461473253036
0 0.34316288456320765 0.24122727711995443 0.013378985226154327 0.04938557942708333
0 0.5597585678100586 0.20124263763427735 0.009689426422119141 0.045853975084092884
1 0.6289924621582031 0.3044648912217882 0.052320241928100586 0.08232602013481988
0 0.39195145666599274 0.24314825269911025 0.01228974461555481 0.05135235256618924
0 0.5418863534927368 0.16190212037828233 0.008792304992675781 0.034963374667697486
0 0.3978293776512146 0.20955990685356987 0.0108556866645813 0.04390377468532986
0 0.3757200390100479 0.3062260097927517 0.013882452249526977 0.0671417236328125
2 0.9120060324668884 0.8402090708414713 0.17598793506622315 0.31958185831705727
0 0.5487125277519226 0.22118902206420898 0.012121367454528808 0.04500450558132595
0 0.43666626811027526 0.17249291208055284 0.008587539196014404 0.033579688602023657
0 0.4199474394321442 0.18576247427198622 0.0088525652885437 0.03633137808905707
1 0.5459316849708558 0.12374157375759548 0.016000962257385253 0.028034676445855035
3 0.6738746523857116 0.5115029758877224 0.09287569522857667 0.34637669457329645
0 0.5539921164512634 0.16444323857625326 0.008520007133483887 0.032990286085340714
0 0.5070637881755828 0.14676033125983345 0.007076370716094971 0.0298482788933648
3 0.5180413365364075 0.8185068872239855 0.22222402095794677 0.36235569847954646
3 0.7908141732215881 0.5985667970445421 0.17781693935394288 0.3843569861518012
3 0.43613108396530154 0.4067552222145928 0.0773470640182495 0.19074523184034559
0 0.40502455830574036 0.19426258934868706 0.009383797645568848 0.04130244784884983
1 0.6429377578198909 0.6500438902113173 0.04948770552873612 0.12172330220540364
3 0.9736465573310852 0.6281106524997287 0.05177714824676514 0.15266168382432727
2 0.5629372596740723 0.8423222859700521 0.2777446746826172 0.29790064493815105
0 0.12455594539642334 0.9418818155924479 0.06891045570373536 0.11623636881510417
0 0.810334712266922 0.41659552256266275 0.024982869625091553 0.07209960089789497
1 0.3260152339935303 0.7057242923312717 0.06350526809692383 0.15401755438910592
0 0.25388301610946656 0.478641939163208 0.019722390174865722 0.06257700390285915
0 0.6469054579734802 0.2739977518717448 0.017302107810974122 0.04322577582465278
0 0.6379136681556702 0.5068576494852702 0.016629016399383544 0.06461319393581814
0 0.49942259192466737 0.2957563082377116 0.014950621128082275 0.06648464202880859
0 0.45126513838768006 0.1641257127126058 0.0074511408805847164 0.03370773527357313
0 0.2460971474647522 0.44926993052164715 0.014585518836975097 0.06590254041883681
0 0.6827611684799194 0.6490403069390192 0.025737619400024413 0.11174452039930556
0 0.6229492656886577 0.2092037730746799 0.013767291605472565 0.04122227562798394
