0 0.8368432998657227 0.5691034528944228 0.06394834518432617 0.11520555284288195
1 0.5264550149440765 0.32885320451524525 0.08112565279006959 0.09328541225857205
0 0.10514472723007202 0.43321974012586806 0.054875689744949344 0.09092809889051649
1 0.5414677500724793 0.18376508818732368 0.023726391792297363 0.050276025136311846
0 0.533810842037201 0.22987925211588542 0.011163449287414551 0.051378758748372395
0 0.6337905764579773 0.3182636578877767 0.014225316047668458 0.06323312123616537
0 0.6364532589912415 0.25514418284098306 0.014092707633972168 0.056963348388671876
0 0.5228170394897461 0.1962965965270996 0.009639501571655273 0.04159323374430338
0 0.037863776087760925 0.4625413682725694 0.0640322983264923 0.09215787251790365
0 0.25980377197265625 0.4763008117675781 0.06932952404022216 0.09497930738661024
1 0.3776548560708761 0.37737293243408204 0.09460762813687325 0.08975995381673177
0 0.30036742687225343 0.36803020901150174 0.04995980262756348 0.08880992465549045
1 0.5569371581077576 0.276884651184082 0.03460948467254639 0.06688499450683594
0 0.9218110084533692 0.5495279947916667 0.054210472106933597 0.11016031901041666
0 0.39753312766551974 0.21412363052368164 0.009514504671096801 0.043847380744086374
0 0.13065675497055054 0.9370352851019965 0.0585211992263794 0.12181964450412326
0 0.3823932945728302 0.20688900417751735 0.010684525966644287 0.04471647474500868
0 0.40617485642433165 0.1928556442260742 0.009564411640167237 0.038795852661132814
0 0.43462706804275514 0.18795078595479328 0.00941329002380371 0.03958978652954102
0 0.569429588317871 0.17100440131293404 0.009928369522094726 0.03552504645453559
0 0.2712676405906677 0.36687519285413955 0.026645874977111815 0.05515172746446398
0 0.3821308553218842 0.30779192182752824 0.020687615871429442 0.037806065877278645
0 0.4250964254140854 0.20434406068589953 0.009765392541885376 0.04267279307047526
0 0.17967593669891357 0.43928371005588107 0.041641759872436526 0.09511337280273438
0 0.08417800664901734 0.3777307298448351 0.05689182281494141 0.08065831926133897
0 0.223119854927063 0.4466526084476047 0.031897115707397464 0.06115119722154405
1 0.4536034166812897 0.2086014535692003 0.029731547832489012 0.058743222554524736
0 0.41486386954784393 0.22476188871595595 0.011177188158035279 0.04462320539686415
0 0.5047963082790374 0.18976004918416342 0.00928407907485962 0.039930831061469184
0 0.393775549530983 0.18670632044474283 0.009985476732254028 0.039090834723578556
0 0.3330584168434143 0.3015038702223036 0.01860940456390381 0.05903835296630859
0 0.4827316105365753 0.23064757453070747 0.013294017314910889 0.047465472751193574
0 0.4408137798309326 0.3489799923366971 0.048735427856445315 0.08500681983100043
0 0.4030114531517029 0.2972182167900933 0.01525365114212036 0.05340792338053386
0 0.48985701203346255 0.29125663969251847 0.014918363094329834 0.058987914191352
3 0.45366918444633486 0.24662630293104384 0.03787907361984253 0.14072367350260417
0 0.5801600933074951 0.18989000850253634 0.008615827560424805 0.038530360327826606
0 0.5730475664138794 0.22999723222520616 0.01311497688293457 0.04804823133680555
0 0.42809184193611144 0.24479059643215603 0.012024939060211182 0.04820914798312717
0 0.354234391450882 0.29780218336317277 0.022379016876220702 0.055194727579752606
1 0.10268066823482513 0.4490624321831597 0.0533776581287384 0.05809190538194445
2 0.5291589140892029 0.33310052553812664 0.08823659420013427 0.08842327329847548
0 0.009389211982488632 0.4296919928656684 0.018778423964977264 0.08957265218098959
1 0.8876938462257385 0.505177190568712 0.05849254131317139 0.06951724158393012
1 0.45234435200691225 0.3046004046375553 0.044845402240753174 0.030511301880081495
0 0.5578466415405273 0.14527351591322157 0.008426523208618164 0.029295836554633248
0 0.24186224937438966 0.4001185523139106 0.033186483383178714 0.053827328152126735
0 0.7194550633430481 0.37794055938720705 0.01863260269165039 0.05213502248128255
0 0.3922646760940552 0.25378792021009655 0.01480245590209961 0.046382840474446616
0 0.5129720151424408 0.17193282975090873 0.008328711986541748 0.03543308046129015
0 0.4086567223072052 0.1616460747188992 0.00889427661895752 0.03320555157131619
0 0.37738207876682284 0.25333736207750107 0.012020140886306763 0.04413895077175564
0 0.45238434672355654 0.14294590420193143 0.006948745250701905 0.028757794698079427
0 0.30570780038833617 0.3336902379989624 0.01587550640106201 0.04192752308315701
0 0.5070778250694274 0.14502331415812175 0.006631326675415039 0.02813521491156684
0 0.7349847316741943 0.3675927056206597 0.04061965942382813 0.08773008982340495
0 0.7129353523254395 0.33294982579019333 0.014754295349121094 0.04580339458253649
0 0.36398153752088547 0.2138903511895074 0.012072315812110901 0.04518619113498264
1 0.23722429275512696 0.44797289106580945 0.05809025764465332 0.057423909505208336
3 0.46930893659591677 0.09301103750864664 0.013178300857543946 0.0368029965294732
0 0.3485748201608658 0.24967047373453777 0.012810319662094116 0.04981265597873264
1 0.03930111676454544 0.4791627248128255 0.05790513455867767 0.06011471218532986
0 0.4422068357467651 0.14640065299140081 0.007439112663269043 0.028800540500217013
0 0.34689544439315795 0.4087746885087755 0.03722941875457764 0.04927988052368164
3 0.9727349996566772 0.6308832168579102 0.054530000686645506 0.1604557885064019
0 0.5335519194602967 0.15086189905802408 0.006984210014343262 0.029482332865397136
0 0.42454486191272733 0.17719873322380914 0.008513540029525757 0.036495240529378255
1 0.5447505235671997 0.12524969312879775 0.017035531997680663 0.03038734859890408
0 0.813024926185608 0.4305900361802843 0.027082252502441406 0.06922416687011719
0 0.6576150357723236 0.2522213088141547 0.016093802452087403 0.0502560297648112
0 0.11504194140434265 0.4101884100172255 0.018700277805328368 0.04154665205213759
0 0.2762630820274353 0.30900997387038337 0.012386488914489745 0.03802519771787855
1 0.3051008701324463 0.38313415580325655 0.05028696060180664 0.04923228687710232
0 0.43064643144607545 0.14216686884562174 0.006717538833618164 0.027985933091905384
0 0.42047079205513 0.14775777922736275 0.006930744647979737 0.02890594270494249
1 0.8347496628761292 0.5750331242879232 0.06275060176849365 0.10774014790852865
