3 0.7372424125671386 0.6244263966878255 0.18941826820373536 0.3429450988769531
0 0.3741579711437225 0.4562704086303711 0.02703857421875 0.10617620680067275
1 0.5026155471801758 0.7076727125379775 0.13682990074157714 0.1896601782904731
0 0.6033947587013244 0.27108639611138236 0.015205788612365722 0.055606375800238715
3 0.6372539520263671 0.4173951890733507 0.10821456909179687 0.19224238925509982
0 0.24823689460754395 0.5911000145806207 0.0352006196975708 0.14307759602864584
0 0.5509154915809631 0.2177167574564616 0.010553097724914551 0.04517108069525825
0 0.39776216447353363 0.25611200332641604 0.014141947031021118 0.06039375729031033
0 0.24295191764831542 0.8242460462782119 0.05696470737457275 0.17452706231011283
1 0.5520203351974488 0.2833378897772895 0.04110484123229981 0.06587291293674045
0 0.08543047904968262 0.450251219007704 0.04656162261962891 0.09513320922851562
0 0.8266436576843261 0.4508939954969618 0.056873321533203125 0.09116596645779079
0 0.5945456862449646 0.24282503128051758 0.011959290504455567 0.048763974507649736
0 0.5759662032127381 0.24746700922648113 0.012440085411071777 0.05244998931884766
0 0.8508127212524415 0.6133666144476997 0.03990659713745117 0.13910386827256943
0 0.2716068267822266 0.489646487765842 0.02957961559295654 0.11385841369628906
0 0.3253735303878784 0.44614732530381945 0.023597335815429686 0.10898094177246094
0 0.748872947692871 0.4074761284722222 0.02898545265197754 0.09991645812988281
0 0.3615150094032288 0.3288978682623969 0.017116379737854005 0.07216735415988498
0 0.15013248920440675 0.5501315222846137 0.0352291464805603 0.12002936469184028
0 0.3236347198486328 0.6766277313232422 0.03186733722686767 0.16555133395724828
0 0.5294913053512573 0.19479949739244248 0.009494924545288086 0.04133052825927734
0 0.3768734663724899 0.2893422656589084 0.016307526826858522 0.06644138760036893
0 0.5656311750411988 0.20398593478732638 0.009972429275512696 0.04259601169162326
0 0.6263389833271503 0.29862062666151257 0.016955314576625823 0.047316360473632815
0 0.3805148810148239 0.22484738032023113 0.012688130140304565 0.051193216111924914
0 0.4078992366790771 0.3631728278266059 0.023148345947265624 0.0929602305094401
0 0.5000326633453369 0.42470588684082033 0.033550167083740236 0.10748375786675347
0 0.968010139465332 0.8136529710557726 0.05213470458984375 0.16542816162109375
0 0.30351982116699217 0.6026915656195746 0.033444976806640624 0.1396784888373481
0 0.514532071352005 0.1847126219007704 0.008465421199798585 0.03787172105577257
0 0.6047275185585022 0.21279415554470485 0.013586306571960449 0.042832268608940974
0 0.43367111682891846 0.15873083538479274 0.008039450645446778 0.03366559346516927
0 0.16162488460540772 0.4883147769504123 0.04108625650405884 0.10785352918836806
0 0.29504894018173217 0.4292936325073242 0.026335644721984863 0.08443090650770399
1 0.452576607465744 0.12979380819532607 0.016590726375579835 0.031235599517822267
3 0.5051414430141449 0.12672534518771703 0.02127009630203247 0.051198980543348524
0 0.36915144622325896 0.2108675003051758 0.012319356203079224 0.04744241502549913
0 0.5418480515480042 0.19396382967631023 0.009745287895202636 0.03821501202053494
0 0.1590527832508087 0.44081329239739314 0.021646010875701904 0.05308563444349501
0 0.306093168258667 0.5080408308241102 0.025364184379577638 0.11418863932291666
0 0.04379009604454041 0.5050058152940539 0.055910348892211914 0.11536615159776475
0 0.5109384894371033 0.1575403584374322 0.007371830940246582 0.029577498965793186
0 0.866920280456543 0.8971111721462673 0.06760597229003906 0.1936248779296875
1 0.8236005246639252 0.46332924630906847 0.05548206567764282 0.05867145326402452
0 0.5537306785583496 0.1752931382921007 0.00849609375 0.03548723856608073
0 0.57706778049469 0.2047148280673557 0.009906721115112305 0.044666057162814674
2 0.5049613416194916 0.6962765057881674 0.16749621629714967 0.2503608915540907
0 0.08415710926055908 0.362943606906467 0.05460631251335144 0.07803637186686198
0 0.9160779714584351 0.4920058462354872 0.03095216751098633 0.053285874260796444
0 0.018196968734264372 0.42206124199761286 0.03532631695270538 0.09249127705891927
0 0.6553330317139625 0.2473634507921007 0.017585501074790955 0.05169991387261285
0 0.6923782885074615 0.34446452458699545 0.02250765562057495 0.07369437747531467
1 0.6257893800735473 0.9597635693020291 0.05157876014709473 0.08047286139594184
1 0.3953845977783203 0.25667617585923935 0.008853864669799805 0.051023038228352864
0 0.4296511173248291 0.12594528198242189 0.005995535850524902 0.023462359110514322
3 0.9661009430885314 0.607854758368598 0.06416027545928955 0.197896236843533
1 0.46531665325164795 0.11280375586615668 0.0147003173828125 0.026735432942708335
3 0.4956568717956543 0.9572554270426432 0.05189046859741211 0.08548914591471354
0 0.5131971359252929 0.3886562347412109 0.023808860778808595 0.08346447414822049
