0 0.7411042809486389 0.3789218902587891 0.036837005615234376 0.09078716701931423
0 0.6360872268676758 0.3047210587395562 0.022324895858764647 0.07467004987928602
0 0.6030789375305176 0.30104426278008356 0.023293066024780273 0.08201986948649088
0 0.6689872741699219 0.24993971718682184 0.023250532150268555 0.06700399186876085
0 0.6171939492225647 0.2800188170539008 0.01949808597564697 0.06374263763427734
1 0.5587291121482849 0.44999063279893664 0.03841278553009033 0.12156541612413195
0 0.5577887535095215 0.4534634908040365 0.03617119789123535 0.11022020975748698
1 0.44232081770896914 0.15589641994900175 0.025025737285614014 0.05403887430826823
1 0.6151635968126357 0.29412463506062825 0.028068937174975873 0.104867066277398
0 0.46196323037147524 0.20095720291137695 0.012486064434051513 0.048231485154893665
0 0.710140860080719 0.3614343643188477 0.02015974521636963 0.07607977125379774
