1 0.5602719783782959 0.21920446819729275 0.035193586349487306 0.058765644497341576
0 0.5792620658874512 0.441082763671875 0.050100183486938475 0.12694617377387152
0 0.6409348204731942 0.24608576032850477 0.01900685727596283 0.05333569844563802
0 0.1969268202781677 0.4408392164442274 0.03930599689483642 0.11127794053819444
2 0.4096367597579956 0.37829697926839195 0.11839659214019775 0.2562133365207248
0 0.7083610534667969 0.32659734090169273 0.026189184188842772 0.07969701555040147
0 0.1399552345275879 0.5812896304660373 0.04916292428970337 0.14912117852105033
0 0.7819369316101075 0.43777262369791664 0.036401557922363284 0.09526846143934461
0 0.32590943574905396 0.303794797261556 0.027103734016418458 0.08153008355034722
0 0.25716590881347656 0.4060640970865885 0.03187515735626221 0.09807751973470052
1 0.5779316306114197 0.4393804046842787 0.057880949974060056 0.1430931250254313
0 0.520079505443573 0.258128113216824 0.01973545551300049 0.06281019846598307
0 0.24915790557861328 0.5514604356553819 0.04497482776641846 0.136935297648112
1 0.5909436583518982 0.19645011160108777 0.03800618648529053 0.05907854504055447
0 0.0786098599433899 0.3983736673990885 0.062205010652542116 0.07267782423231336
3 0.40384421348571775 0.3848170386420356 0.1114579439163208 0.25053185356987845
0 0.39642639756202697 0.2009748140970866 0.014292681217193603 0.0425662358601888
0 0.10443842113018036 0.2844175974527995 0.025051862001419067 0.052490234375
0 0.3758257329463959 0.2195314195421007 0.015541422367095947 0.047704823811848956
1 0.1403548777103424 0.5632759941948785 0.05715078115463257 0.13111241658528647
0 0.5581504344940186 0.11216706699795193 0.008048200607299804 0.02649386723836263
1 0.0820268526673317 0.39428757561577693 0.0702541083097458 0.0880093044704861
0 0.6051355681091082 0.20643755594889324 0.010060549026820808 0.05129386054144965
0 0.4464962840080261 0.14916952980889214 0.01078481674194336 0.035156567891438804
0 0.4005994200706482 0.17342797385321723 0.0126581072807312 0.041438357035319014
0 0.390914785861969 0.23681118223402237 0.016883254051208496 0.04311695098876953
0 0.06768865585327148 0.762069108751085 0.0696930468082428 0.1728453318277995
1 0.1975648283958435 0.4368795182969835 0.046658682823181155 0.12305992974175348
0 0.29073396921157835 0.742992549472385 0.012291359901428222 0.026610946655273436
