0 0.6748113632202148 0.30939271714952254 0.03520646095275879 0.08606126573350695
0 0.8238945007324219 0.7275033738878038 0.06787033081054687 0.16871698167588975
0 0.37476825416088105 0.25270859400431317 0.023823374509811403 0.0642732196384006
1 0.409932279586792 0.47605395846896703 0.10640156269073486 0.21802279154459636
0 0.1829686641693115 0.6589964972601996 0.07062245607376098 0.1631973690456814
0 0.05813152194023132 0.7712966918945312 0.07530292272567748 0.18744718763563367
1 0.3383689045906067 0.3465986145867242 0.07042276859283447 0.15602084265814886
0 0.7259583950042725 0.4504876878526476 0.04657745361328125 0.11312989128960503
0 0.2634237051010132 0.33190558751424154 0.025010967254638673 0.06262840694851346
0 0.2653297662734985 0.6880374484592013 0.07403388023376464 0.17163098653157552
0 0.6144698739051819 0.27029044893052845 0.02782418727874756 0.07115823957655165
0 0.3535642310976982 0.24442670610215927 0.02697000205516815 0.0659926520453559
1 0.7220905214548111 0.448623169793023 0.06003898978233337 0.1338019053141276
0 0.07744234800338745 0.39573372734917533 0.058899563550949094 0.08478991190592448
1 0.36168655157089236 0.25301237106323243 0.04807698726654053 0.08914059533013238
0 0.4071431905031204 0.23514463636610244 0.018719059228897095 0.06284857855902778
1 0.4499715745449066 0.18320565223693847 0.03164743185043335 0.06659841537475586
0 0.600737726688385 0.16834947268168132 0.013312697410583496 0.03703444798787435
0 0.3919477552175522 0.1921503702799479 0.020570427179336548 0.054145431518554686
0 0.3487268012017012 0.33699559105767146 0.03340216651558876 0.09294658237033421
0 0.4211860567331314 0.13383689986334907 0.009782809019088744 0.032024288177490236
3 0.8219099819660187 0.7231291982862684 0.07438763380050659 0.18363441891140408
2 0.0582283154129982 0.768265512254503 0.09662794768810272 0.21232660081651475
0 0.40363831222057345 0.1481127791934543 0.010846990346908569 0.032648287879096134
3 0.18192660808563232 0.6541164292229547 0.07890701293945312 0.20475330352783203
0 0.35120139867067335 0.15777893596225315 0.021195444464683532 0.0290620485941569
1 0.18089208006858826 0.6307899051242405 0.07744489908218384 0.16064241197374132
3 0.26634029150009153 0.6860802014668782 0.08704540729522706 0.19664639366997613
3 0.4232964783906937 0.4702028380499946 0.14844679236412048 0.2569828669230143
0 0.4448579967021942 0.1404834959242079 0.008977735042572021 0.029308827718098958
1 0.26935960054397584 0.6681324323018392 0.08670899868011475 0.16344725290934245
0 0.1663059949874878 0.9275171279907226 0.034588956832885744 0.0847752465142144
