0 0.7409809708595276 0.3786884519788954 0.03653879165649414 0.0922814687093099
0 0.6694152235984803 0.2495547506544325 0.02251107692718506 0.061789427863227
0 0.5576342582702637 0.4546608395046658 0.0365842342376709 0.11314798990885416
0 0.6186403036117554 0.27992159525553384 0.02079143524169922 0.0663659413655599
1 0.5581264615058898 0.45136158731248643 0.04013679027557373 0.11948247485690647
0 0.6351663112640381 0.30319897333780926 0.02119412422180176 0.06869674258761936
0 0.6006698250770569 0.3049078305562337 0.02043163776397705 0.07649313608805339
1 0.44231964349746705 0.15588617854648165 0.025028538703918458 0.054105218251546225
0 0.7101367712020874 0.3613534821404351 0.020189523696899414 0.07563533782958984
0 0.46196590065956117 0.20096485879686143 0.012494957447052002 0.048242113325330946
0 0.07542451620101928 0.399497561984592 0.057724404335021975 0.07327427334255643
