1 0.34053372144699096 0.34691187540690105 0.0783951997756958 0.1543306138780382
0 0.8239348411560059 0.7274804009331597 0.0681854248046875 0.16896964179144966
0 0.263437819480896 0.3305134879218207 0.02622823715209961 0.06347541809082032
1 0.40288507044315336 0.4534452438354492 0.08465675711631775 0.1745518578423394
0 0.6762402534484864 0.31375710169474286 0.03233051300048828 0.08483524322509765
0 0.7252534389495849 0.4508755154079861 0.04716796875 0.11547292073567708
0 0.18410826921463014 0.6603841145833333 0.06932227611541748 0.1656349605984158
0 0.6142413020133972 0.2685559272766113 0.026191973686218263 0.07159468332926432
0 0.35505109652876854 0.2425188700358073 0.026230426132678987 0.0600348154703776
0 0.3748237207531929 0.2527215321858724 0.021388337016105652 0.06160748799641927
1 0.7215959757566452 0.4485149754418267 0.05977626442909241 0.13355446921454536
0 0.07820897102355957 0.39631305270724826 0.06035537719726562 0.08808135986328125
0 0.058478671312332156 0.7699837578667534 0.0726685345172882 0.1743523915608724
1 0.4500172734260559 0.1833292113410102 0.03152170181274414 0.06694151560465494
0 0.6008530497550965 0.1683652400970459 0.012992405891418457 0.03705805672539605
0 0.2587262034416199 0.38951505025227867 0.02995798587799072 0.07680223253038194
0 0.3904831349849701 0.195558049943712 0.017484641075134276 0.04679334428575304
0 0.42119423151016233 0.13383771578470866 0.009921693801879882 0.03264421886867947
0 0.4064807564020157 0.22328033447265624 0.01919263005256653 0.051727549235026045
1 0.3565119385719299 0.25695598390367297 0.03899781703948975 0.10198819902208116
3 0.8219208061695099 0.7233155992296006 0.07445052862167359 0.18345243665907118
3 0.3403335213661194 0.35804601775275335 0.08175246715545655 0.13831425772772896
3 0.4255962289869785 0.5435811546113756 0.17564827650785447 0.3996163739098443
0 0.266501259803772 0.695657475789388 0.06948003768920899 0.16211997138129342
0 0.4036528646945953 0.14839505619472929 0.010786223411560058 0.03231219185723199
0 0.35106882601976397 0.1576624287499322 0.02101777493953705 0.028419229719373915
0 0.16625532507896423 0.9260069317287869 0.03446952104568481 0.08144560919867622
0 0.31589397192001345 0.3049663543701172 0.019652915000915528 0.05541538662380642
0 0.44486055374145506 0.1405233489142524 0.008941054344177246 0.029419581095377605
