2 0.7584187030792237 0.5818482716878255 0.19380598068237304 0.36796866522894967
3 0.6007096767425537 0.5151683807373046 0.12123842239379883 0.2917288038465712
0 0.4636251449584961 0.7606679280598958 0.0463958740234375 0.16838879055447048
0 0.2315459966659546 0.468013424343533 0.026502609252929688 0.11584489610460069
0 0.32493910789489744 0.2808456950717502 0.01769680976867676 0.06632976531982422
0 0.13170831203460692 0.744343736436632 0.03791799545288086 0.17470592922634548
0 0.37510981857776643 0.280014525519477 0.01651603579521179 0.06361842685275608
0 0.34677648469805716 0.4293405320909288 0.02400377541780472 0.10323571099175347
0 0.4229673475027084 0.19631126721700032 0.010547977685928345 0.0462803840637207
0 0.083778715133667 0.8635592142740885 0.04552516937255859 0.20993838840060763
0 0.22583917379379273 0.37827883826361763 0.03008768558502197 0.059386486477322045
0 0.3365652866661549 0.5313748253716363 0.026208226382732392 0.11356209648980034
1 0.5304022848606109 0.2687935087415907 0.035535800457000735 0.06975813971625434
0 0.22345046997070311 0.5991531372070312 0.029328322410583495 0.14004664950900608
0 0.4997585654258728 0.5421912299262153 0.026426029205322266 0.12025409274631077
0 0.20759782791137696 0.9031938340928819 0.05254306793212891 0.18336529201931423
0 0.5054136037826538 0.4642966588338216 0.024857687950134277 0.10391375223795572
0 0.39184784293174746 0.19044759008619522 0.011380183696746825 0.04576281441582574
3 0.5586227536201477 0.20494786898295084 0.05983612537384033 0.12733218934800888
0 0.3422800064086914 0.7473160637749566 0.04041092395782471 0.19683278401692708
0 0.18829717636108398 0.5540272182888455 0.03206768035888672 0.13475702073838974
0 0.2025665521621704 0.7372895982530382 0.0397132396697998 0.17238218519422743
0 0.2843818664550781 0.7247345818413629 0.038675999641418456 0.17422315809461805
0 0.41907033920288084 0.5172172546386719 0.04233977794647217 0.12922227647569445
2 0.624107825756073 0.32206185658772785 0.10009105205535888 0.193112309773763
0 0.930010986328125 0.7672926161024306 0.051508617401123044 0.1617785135904948
0 0.29693582057952883 0.3561468972100152 0.031298351287841794 0.07434137132432726
0 0.4054488927125931 0.1725553512573242 0.008762508630752563 0.03873350355360243
3 0.45698112845420835 0.2450388749440511 0.040554606914520265 0.134972349802653
0 0.6846120864152908 0.3353870709737142 0.01644185185432434 0.06568207210964627
0 0.2798897743225098 0.6114711337619357 0.03250129222869873 0.13919520907931857
0 0.08366955518722534 0.36322335137261286 0.05110938549041748 0.08019557529025607
3 0.46681753396987913 0.13758471806844075 0.019787192344665527 0.05595058865017361
0 0.4173362225294113 0.1537063757578532 0.007825118303298951 0.03550257152981228
1 0.5509180068969727 0.3648545265197754 0.056860828399658205 0.10441163380940756
1 0.5071129977703095 0.149884303410848 0.017182648181915283 0.03332192103068034
1 0.5460305333137512 0.12378014988369412 0.016704249382019042 0.027215777503119574
0 0.5650030136108398 0.2759723239474826 0.015152168273925782 0.05691405402289496
0 0.8088480114936829 0.40840252770317925 0.021460795402526857 0.06910404629177518
3 0.4432195365428925 0.13209627469380697 0.022047579288482666 0.04814462661743164
3 0.6399749523960054 0.36167937384711374 0.07542124856263399 0.14558096991644964
3 0.775192403793335 0.5741552035013835 0.16531338691711425 0.372170533074273
1 0.5082083642482758 0.17874077161153157 0.020385897159576415 0.04158995946248372
3 0.6807024359703064 0.8991989983452691 0.07825634479522706 0.19986962212456597
0 0.7278660774230957 0.35662337409125433 0.02132759094238281 0.09072765774197049
2 0.6850704312324524 0.4815431170993381 0.07048413753509522 0.20007972717285155
0 0.9321443557739257 0.6681555006239149 0.0475372314453125 0.11415494283040364
1 0.4560506284236908 0.1781882709927029 0.023860681056976318 0.04511038462320963
1 0.45660746693611143 0.3021168404155307 0.037413251399993894 0.026455903053283693
1 0.34152305126190186 0.7496547910902235 0.05519227981567383 0.17523612976074218
0 0.24705134630203246 0.3759573565589057 0.016990303993225098 0.048554113176133895
1 0.9336961269378662 0.6620735168457031 0.0650547981262207 0.09635119967990452
0 0.5282120823860168 0.18250526322258842 0.009615254402160645 0.038480514950222436
0 0.49971724152565 0.30903772115707395 0.016409909725189208 0.040297664536370174
0 0.4446051359176636 0.16690458721584744 0.007327651977539063 0.03164369795057509
3 0.9648911714553833 0.600004620022244 0.0662614345550537 0.2571384853786892
1 0.20328572988510132 0.7212404357062445 0.05454246997833252 0.1681895997789171
