1 0.8448785781860352 0.8587721082899306 0.18887104988098144 0.26186820136176214
3 0.5762604355812073 0.31222418679131403 0.06586506366729736 0.15199010637071397
1 0.5173800766468049 0.5462078942192925 0.09904617071151733 0.1682366265190972
3 0.6368296504020691 0.5168603473239475 0.10822694301605225 0.27083778381347656
1 0.5291347622871398 0.24951882892184787 0.03393223285675049 0.06211825476752387
1 0.7300204664468766 0.5703092575073242 0.08767260909080506 0.1552916208902995
1 0.4157430171966553 0.4218422359890408 0.06278152465820312 0.1335784912109375
0 0.2621170520782471 0.5906364440917968 0.03319530487060547 0.15567423502604166
1 0.45939027667045595 0.27337938944498696 0.037819159030914304 0.07135959201388889
0 0.5536217570304871 0.4770085864596897 0.023202109336853027 0.10245840284559461
0 0.37965587079524993 0.267227119869656 0.013965171575546265 0.05726490020751953
0 0.6247142754495144 0.2891369819641113 0.017570675909519197 0.059794383578830296
0 0.297319757938385 0.33551786210801865 0.019860339164733887 0.07296646965874566
0 0.4223927229642868 0.19801751772562662 0.010564571619033814 0.04642436769273546
1 0.3592295408248901 0.3164436764187283 0.04536423683166504 0.0913773430718316
1 0.4661553740501404 0.14184891912672254 0.01688232421875 0.03247785568237305
0 0.06231619119644165 0.3603821224636502 0.04518442451953888 0.08770039876302084
0 0.26671662330627444 0.36569812562730575 0.03249673843383789 0.06515093909369575
0 0.5905594110488892 0.22378430896335177 0.0128936767578125 0.04459798600938585
0 0.40278934240341185 0.2485557026333279 0.013745689392089843 0.05689182281494141
1 0.5197228610515594 0.1933442857530382 0.027922022342681884 0.047419442070855036
0 0.6397723987698555 0.279148440890842 0.016715648770332336 0.0530135260687934
0 0.582182765007019 0.1939692603217231 0.011613416671752929 0.03935754564073351
0 0.9005197525024414 0.5900168100992839 0.03283891677856445 0.13266101413302953
1 0.3756411552429199 0.6198637220594618 0.0844919204711914 0.20095829433865017
0 0.428536581993103 0.31408656438191734 0.013202691078186035 0.0662178251478407
3 0.36368608474731445 0.6058851877848307 0.07237057685852051 0.24933302137586805
0 0.5168292999267579 0.7506507025824652 0.043054819107055664 0.16884337531195748
0 0.012380443513393402 0.396943113538954 0.024760887026786804 0.09413036770290799
0 0.547054648399353 0.21884793175591363 0.012612104415893555 0.04607124328613281
0 0.57046480178833 0.22161024941338434 0.011591291427612305 0.04260137346055773
1 0.5105806350708008 0.16182848082648382 0.01976919174194336 0.03774457507663303
0 0.5625079512596131 0.21284218894110785 0.011240029335021972 0.04437499576144748
0 0.5719175577163697 0.18199129634433323 0.010085535049438477 0.03658651775783962
0 0.5555934548377991 0.18003145853678384 0.008616900444030762 0.0359366946750217
0 0.5407724380493164 0.17507170571221245 0.008019351959228515 0.03456062740749783
0 0.43981593251228335 0.15387013753255208 0.007700598239898682 0.032215309143066403
0 0.4164601147174835 0.15522451400756837 0.008228719234466553 0.03203926086425781
0 0.5293594360351562 0.8928798251681858 0.05865287780761719 0.17900814480251737
1 0.9525718688964844 0.8535958184136285 0.08886613845825195 0.23394529554578994
0 0.4129353791475296 0.3172077284918891 0.018787020444869997 0.0747606701321072
0 0.8137381076812744 0.43098038567437064 0.025810956954956055 0.06549097696940104
2 0.8456817030906677 0.8452475017971463 0.2007829427719116 0.30950499640570744
0 0.5312247633934021 0.15657955275641547 0.007853055000305175 0.030076673295762805
3 0.4928376734256744 0.12031759156121148 0.01392613649368286 0.03966584735446506
0 0.3891341209411621 0.442801030476888 0.021731758117675783 0.10135074191623264
1 0.4817948222160339 0.8988109800550673 0.058364367485046385 0.126056883070204
0 0.34663689509034157 0.2835918214586046 0.01662544459104538 0.05430755615234375
3 0.9428582072257996 0.5791012869940864 0.11428358554840087 0.2640196482340495
0 0.4123461753129959 0.2711570633782281 0.01285122036933899 0.05175084008110894
0 0.013435253512579948 0.34777983559502496 0.026148694730363787 0.04370805952284071
3 0.5159054040908814 0.5048003567589654 0.11090278625488281 0.26124614079793296
0 0.5193977355957031 0.6519695705837674 0.04122414588928223 0.12425202263726129
0 0.8496197104454041 0.4377955118815104 0.02250406742095947 0.049899588690863715
0 0.4985658645629883 0.2884664747450087 0.014566349983215331 0.07392226325141059
3 0.5206109642982483 0.11132890913221571 0.0212726354598999 0.04928654564751519
0 0.27464057207107545 0.3062734815809462 0.018206238746643066 0.05048959520128038
3 0.4135717451572418 0.3998990714550018 0.07365816831588745 0.19675849941041734
