0 0.699990963935852 0.37275177637736 0.035154199600219725 0.09301590389675564
1 0.6424186706542969 0.7094830830891927 0.13047690391540528 0.26095648871527777
1 0.5678879141807556 0.30984541575113933 0.06559393405914307 0.10947541130913628
0 0.05059220790863037 0.6886336008707682 0.08395066261291503 0.20864622328016494
2 0.4018938633613288 0.37134317821926544 0.1576891953125596 0.40376461876763237
0 0.6684549570083618 0.29248933792114257 0.02199697494506836 0.08144567277696398
3 0.40073585510253906 0.375527826944987 0.1478945016860962 0.38617833455403644
0 0.6461054548621178 0.3003262519836426 0.026053741574287415 0.07099238501654731
2 0.6394275784492492 0.703412225511339 0.1583728551864624 0.3192455291748047
0 0.18196648359298706 0.5016334533691407 0.04960277080535889 0.12442817687988281
0 0.46138990521430967 0.16092356575859917 0.012969267368316651 0.037996567620171444
0 0.5900339961051941 0.1987083911895752 0.018462014198303223 0.04276571273803711
0 0.6144869446754455 0.2092156728108724 0.016695618629455566 0.053197987874348956
1 0.6997925043106079 0.37665250036451553 0.040136098861694336 0.11364613638983832
1 0.18116819262504577 0.5017760170830621 0.06156259775161743 0.13771790398491754
0 0.2921196699142456 0.3258748584323459 0.02529287338256836 0.07454634772406685
0 0.5554136753082275 0.16461802058749728 0.01143951416015625 0.03239891264173719
0 0.43783127665519717 0.1622672610812717 0.013370692729949951 0.038681242201063365
1 0.22907838821411133 0.5210074742635091 0.06114187240600586 0.17001720004611545
0 0.8707796096801758 0.7382158067491319 0.05830955505371094 0.17091971503363715
0 0.07509765625 0.40148561265733507 0.05724605917930603 0.06842447916666666
3 0.05004896614700556 0.6927308824327257 0.09253543429076672 0.22096048990885417
0 0.5207968771457672 0.14237497647603353 0.011585080623626709 0.02795108159383138
1 0.04727457072585821 0.6496066623263889 0.08488314338028431 0.12300889756944444
0 0.457431697845459 0.4119196997748481 0.02476513385772705 0.08520236545138889
0 0.23098466396331788 0.5362277560763888 0.04396224021911621 0.12038146124945746
1 0.9102212429046631 0.6939059151543512 0.05854039192199707 0.16870435078938803
0 0.6355860695242882 0.2763581381903754 0.01857186257839203 0.05287793477376302
0 0.5428658843040466 0.14451153543260362 0.011601567268371582 0.03530800077650282
2 0.8697000741958618 0.7394794993930393 0.07843232154846191 0.19259158240424262
