1 0.5330382347106933 0.8743949890136719 0.18015670776367188 0.22524905734592013
0 0.8227476119995117 0.5546474032931857 0.03208856582641602 0.12496698167588975
1 0.7179227352142334 0.6775822533501519 0.12588300704956054 0.19651412963867188
0 0.3320208311080933 0.4974494934082031 0.025715112686157227 0.12796800401475694
0 0.6180922865867615 0.37265765931871203 0.02187988758087158 0.08617449866400825
1 0.4451264500617981 0.3696391529507107 0.047895288467407225 0.10306415557861329
0 0.19408397674560546 0.6930505964491103 0.04246686697006226 0.16896455552842882
0 0.2973569393157959 0.665547349717882 0.04744923114776611 0.1569451226128472
0 0.3641259431838989 0.28657093048095705 0.015451145172119141 0.06507559882269966
0 0.3813011795282364 0.35574911965264217 0.021923857927322387 0.08777061038547092
0 0.3568591073155403 0.2334011501736111 0.013142892718315124 0.05216670566134983
1 0.562792980670929 0.21884621514214408 0.030801892280578613 0.05458225674099392
0 0.9585686683654785 0.8230196634928385 0.052735519409179685 0.17213490804036458
0 0.8554119110107422 0.7561715020073785 0.0491363525390625 0.1768782721625434
3 0.5616054892539978 0.33119129604763453 0.06297891139984131 0.15289679633246528
0 0.3884671002626419 0.2300620608859592 0.013072723150253296 0.05228284200032552
3 0.4542351305484772 0.1710069073571099 0.026313555240631104 0.07268048392401802
0 0.7769488334655762 0.58361693488227 0.036258697509765625 0.13788697984483506
0 0.7095961570739746 0.4996824476453993 0.026338958740234376 0.11726888020833333
0 0.7521665096282959 0.5023063659667969 0.026312541961669923 0.114398193359375
0 0.5127065658569336 0.47619586520724827 0.028064727783203125 0.1239463382297092
0 0.3782316207885742 0.5301461113823784 0.029239535331726074 0.1343449486626519
0 0.405351459980011 0.24255463282267253 0.012893807888031007 0.05554578569200304
0 0.3416325569152832 0.2717398855421278 0.014989709854125977 0.06021828121609158
0 0.42741429805755615 0.23904302385118273 0.012589621543884277 0.05701370239257812
0 0.41082800924777985 0.31569497850206163 0.0159473717212677 0.0733506096733941
1 0.45596644282341003 0.25504226684570314 0.03629969358444214 0.08259396023220486
0 0.7878621578216553 0.9245794508192274 0.05388994216918945 0.15084109836154513
0 0.6181525111198425 0.284375 0.014687609672546387 0.06048507690429687
0 0.6160555124282837 0.23384405771891276 0.01312704086303711 0.04741825527615017
0 0.39254569113254545 0.1712475617726644 0.009673231840133667 0.040002197689480254
0 0.6462810516357422 0.4550053490532769 0.02593536376953125 0.10981479220920139
1 0.5232383787631989 0.13354294035169814 0.015992629528045654 0.03111930423312717
0 0.37554397583007815 0.22472525702582466 0.012753963470458984 0.05277769300672743
0 0.6049112558364869 0.29302686055501304 0.0141021728515625 0.06147643195258246
0 0.5918234825134278 0.25566624535454646 0.013707685470581054 0.05440923902723524
1 0.5385068416595459 0.24709493849012587 0.035585546493530275 0.05891918606228298
0 0.6568325519561767 0.33489311006334094 0.019785356521606446 0.06964876386854384
0 0.2709353804588318 0.3653148015340169 0.024912524223327636 0.06389588250054254
1 0.43641194701194763 0.13447628021240235 0.016450297832489014 0.02738416459825304
0 0.3149558544158936 0.3509911431206597 0.023681640625 0.09573805067274306
0 0.7181560516357421 0.43061434427897133 0.024408721923828126 0.09624913533528646
0 0.22005209922790528 0.9225047641330295 0.05065251588821411 0.15499047173394098
0 0.4222929537296295 0.18191351890563964 0.009248626232147217 0.042016993628607856
0 0.4102132827043533 0.17410954899258083 0.008792799711227418 0.040061431460910374
0 0.29079815149307253 0.3739541901482476 0.024611401557922363 0.07099581824408638
0 0.5468476057052613 0.15873877737257217 0.008019304275512696 0.03296045727199978
2 0.5277634859085083 0.8499431398179796 0.21007332801818848 0.3001137203640408
0 0.5858015060424805 0.1839490572611491 0.010442447662353516 0.03634196387396919
1 0.9573551535606384 0.8319978713989258 0.06943771839141846 0.152782228257921
0 0.054523319005966187 0.3763611369662815 0.02772786617279053 0.04868272145589193
0 0.5382232189178466 0.1422717571258545 0.0063078880310058595 0.028452417585584852
1 0.21916306614875794 0.9095351325141059 0.07228587865829468 0.14638519287109375
0 0.6548149794340133 0.38875295850965713 0.023339945077896117 0.05697996351453993
0 0.4761966526508331 0.2131681866115994 0.00974971055984497 0.04512803819444444
1 0.9231676697731018 0.9613480461968316 0.07610867023468018 0.07726635403103299
0 0.6490852698683739 0.3597784227795071 0.011583581566810608 0.04320552084181044
1 0.5106747567653656 0.10751384099324544 0.011825764179229736 0.023235130310058593
2 0.7153312116861343 0.6636009640163846 0.13431333899497985 0.21614261203342014
0 0.8112044334411621 0.42893689473470054 0.03047332763671875 0.10053041246202257
0 0.9219547271728515 0.9485504150390625 0.06630792617797851 0.09831093682183159
1 0.9354025006294251 0.6599013010660807 0.05628082752227783 0.09571380615234375
0 0.6025386214256286 0.2507516437106662 0.011414217948913574 0.05070927937825521
1 0.8564021944999695 0.7548474841647678 0.0591850996017456 0.14909773932562934
3 0.9600019931793213 0.6285631073845758 0.07603750228881836 0.27761058807373046
0 0.5800346851348877 0.20573835372924804 0.011452436447143555 0.041284370422363284
0 0.09592903256416321 0.37914899190266926 0.06251782178878784 0.08472586737738716
1 0.6196279741823674 0.36535266240437825 0.03073139637708664 0.07717378404405383
0 0.2887624740600586 0.34385484721925524 0.014288568496704101 0.036921371353997125
0 0.6648803800344467 0.36221109496222603 0.01095682978630066 0.038147491878933376
0 0.626164136081934 0.31756870614157784 0.009985767304897308 0.026319570011562772
3 0.4922074735164642 0.10437845389048259 0.012182867527008057 0.03335262404547797
1 0.8228985905647278 0.548958216773139 0.033066821098327634 0.10531792110866971
