0 0.6661308526992797 0.29488900502522786 0.03219766616821289 0.08321872287326389
0 0.3615961790084839 0.267994933658176 0.024309539794921876 0.05800609588623047
0 0.34241130352020266 0.5186216566297743 0.04392905235290527 0.13804715474446613
0 0.4202557474374771 0.25986849466959633 0.021332210302352904 0.05888209872775608
0 0.5888411521911621 0.22054992251925998 0.01773672103881836 0.06197230021158854
0 0.7249278545379638 0.40623652140299477 0.04047670364379883 0.10779217614067925
0 0.28622758388519287 0.3359699461195204 0.0328484058380127 0.08514442443847656
0 0.07616806626319886 0.39557571411132814 0.05584064722061157 0.08324214087592231
0 0.32397984266281127 0.28400977452596027 0.026088404655456542 0.06379205915662978
0 0.2892459869384766 0.44813563028971354 0.035560989379882814 0.11260922749837239
0 0.6313778758049011 0.23603912989298503 0.02665979862213135 0.06725499894883898
0 0.34417790845036506 0.31078407499525285 0.02237156480550766 0.06247776879204644
0 0.39437560737133026 0.3006628354390462 0.021449166536331176 0.06484381357828777
0 0.36405374109745026 0.2158679750230577 0.013313192129135131 0.044919331868489586
0 0.4250767409801483 0.3259339438544379 0.02874969244003296 0.08158709208170573
0 0.603792941570282 0.1671826680501302 0.01227242946624756 0.03379855685763889
0 0.03031250536441803 0.4524345291985406 0.018156492710113527 0.040033446417914495
1 0.33989132642745973 0.5159546905093723 0.056281542778015135 0.14129724502563476
0 0.31224880218505857 0.34774848090277777 0.029139328002929687 0.08279927571614583
0 0.40994461476802824 0.1778014130062527 0.010625964403152466 0.042756896548801
0 0.39382843375205995 0.18911661042107475 0.01370396614074707 0.041176764170328777
0 0.42919850945472715 0.16936642328898113 0.011317646503448487 0.04280211130777995
1 0.6290298439562321 0.23456652959187826 0.028816770017147064 0.0677538341946072
0 0.5731332063674927 0.17580939928690592 0.01594843864440918 0.04511569341023763
0 0.41693354845047 0.14436442587110732 0.009192466735839844 0.03127041922675239
0 0.3716692805290222 0.39083614349365237 0.024408793449401854 0.06762207878960504
0 0.3769042730331421 0.24569581349690756 0.01589711904525757 0.05046857198079427
0 0.4068124949932098 0.34502117368910046 0.019950664043426512 0.060040389166937935
1 0.8153344810009002 0.46997498406304256 0.05295320749282837 0.12672610812717014
0 0.20696120262145995 0.28727840847439234 0.04273380041122436 0.050078328450520834
0 0.5934200882911682 0.16765278710259332 0.015163016319274903 0.03708097669813368
0 0.3632211208343506 0.1776656945546468 0.014355611801147462 0.04122118420071072
