0 0.11602280139923096 0.7096365186903212 0.06287422776222229 0.15008023579915364
1 0.5382642447948456 0.2288096851772732 0.05286046266555786 0.08718289269341363
1 0.6170162916183471 0.2660697513156467 0.05356078147888184 0.0850449456108941
0 0.591997492313385 0.45574959648980035 0.04771740436553955 0.11582438151041667
1 0.5928938388824463 0.4558818499247233 0.0522308349609375 0.11835286882188585
1 0.26660823822021484 0.6424783706665039 0.06375365257263184 0.13267080518934463
1 0.5368111371994019 0.1359489917755127 0.022995805740356444 0.038405089908175996
0 0.40270712971687317 0.36267561382717556 0.022519874572753906 0.06676387786865234
0 0.22013258934020996 0.4161778767903646 0.03040950298309326 0.10192803276909722
0 0.2527891159057617 0.4640056610107422 0.04738729000091553 0.12599258422851561
0 0.3647405743598938 0.36285991668701173 0.029843354225158693 0.08094893561469184
0 0.2878749489784241 0.32691190507676865 0.027827525138854982 0.07473886277940538
0 0.1513889789581299 0.5327646891276042 0.04973913431167602 0.1369228786892361
1 0.25251145362854005 0.4658541997273763 0.05896921157836914 0.14304813808865016
0 0.34533205032348635 0.3100469907124837 0.03315215110778809 0.06833307478162977
0 0.32526307106018065 0.46032799614800346 0.03766946792602539 0.0996675279405382
3 0.08986370116472245 0.8778903113471137 0.11331959664821625 0.23024198744032118
0 0.2677329063415527 0.673378414577908 0.050264620780944826 0.16140272352430557
0 0.5672142148017884 0.14375778304206 0.010884594917297364 0.03244248496161567
0 0.3392199585214257 0.3800044271681044 0.025797424837946892 0.0863437016805013
0 0.3071909785270691 0.35338798231548735 0.017888903617858887 0.051554613643222384
0 0.07854689359664917 0.3957170698377821 0.06251395344734192 0.0698971218532986
0 0.39085052311420443 0.18090941111246744 0.014984363317489624 0.044931920369466145
0 0.35390155389904976 0.2211416138543023 0.01829652041196823 0.05356820424397787
0 0.402771332859993 0.21322732501559788 0.012248510122299194 0.04537876976860894
0 0.40077273547649384 0.15505761040581598 0.011230772733688355 0.033556726243760854
0 0.41321559250354767 0.2211857689751519 0.01482648253440857 0.04935862223307292
0 0.4097738146781921 0.27763697306315105 0.02073380947113037 0.07236934238009983
0 0.10515501797199249 0.28454937405056424 0.028679627180099487 0.056085289849175345
1 0.22207956314086913 0.4157534943686591 0.035947418212890624 0.09651134808858236
0 0.37550570964813235 0.2794547822740343 0.02045745849609375 0.07009188334147136
0 0.4376599431037903 0.29108765920003254 0.02525942325592041 0.06867713928222656
0 0.423040047287941 0.33989960617489284 0.0138821542263031 0.03795169724358453
