0 0.10981966257095337 0.4678465101453993 0.04732260704040527 0.09853494432237413
1 0.4629496693611145 0.4156937493218316 0.05620651245117188 0.15837656656901042
0 0.299716055393219 0.4259300655788846 0.029166913032531737 0.09110132853190105
0 0.6797259688377381 0.3999745051066081 0.020989346504211425 0.08532244364420573
1 0.331817626953125 0.5232866075303819 0.14911365509033203 0.13203904893663193
0 0.2016216039657593 0.5990342034233941 0.056174850463867186 0.13885430230034723
0 0.6164943814277649 0.304104561275906 0.016713404655456544 0.06490196651882596
0 0.6822034358978272 0.6325362735324436 0.03332977294921875 0.15258560180664063
0 0.3357410907745361 0.3092497613694933 0.02017974853515625 0.07237771352132162
0 0.6472632423043251 0.3623498704698351 0.021712645888328552 0.07744700113932292
0 0.635992705821991 0.2549504174126519 0.013078808784484863 0.05575069851345486
1 0.6396842122077941 0.4855992211235894 0.09352395534515381 0.1662149217393663
0 0.71005779504776 0.48064121670193144 0.019837594032287596 0.09528698391384549
0 0.551458215713501 0.25519327587551544 0.013978528976440429 0.05917657216389974
0 0.5931453108787537 0.2749941613939073 0.014607691764831543 0.06093311309814453
0 0.5762702107429505 0.30389953189426 0.02202932834625244 0.06773529052734376
0 0.4070306420326233 0.20465783013237848 0.00988922119140625 0.044069459703233504
0 0.5751038193702698 0.20674403508504233 0.011943459510803223 0.04499734242757161
0 0.4714988946914673 0.2116598235236274 0.01130530834197998 0.04737381405300564
0 0.4464083433151245 0.24203994539048937 0.011338043212890624 0.05636365678575304
0 0.9010171890258789 0.5956707000732422 0.033611202239990236 0.13722627427842882
0 0.36493138074874876 0.31541748046875 0.018805336952209473 0.08125339084201388
0 0.34626426696777346 0.3895565032958984 0.02524728775024414 0.0953080071343316
1 0.6081979513168335 0.39227064980400933 0.06782917976379395 0.09576170179578992
0 0.019854737818241118 0.46359820895724824 0.038305267691612244 0.096563720703125
0 0.6075823903083801 0.2259278827243381 0.014202380180358886 0.04610044691297743
0 0.08328313827514648 0.36359100341796874 0.05356121063232422 0.08003065321180555
0 0.4227403551340103 0.1850044674343533 0.009403866529464722 0.040443208482530385
0 0.4411449730396271 0.15226001739501954 0.008187615871429443 0.030830807156032987
2 0.6445560751482844 0.4865903854370117 0.08762519396841525 0.1764768812391493
0 0.6149642586708068 0.2449798478020562 0.012482380867004395 0.04627034929063585
0 0.7412138223648072 0.36978833940294054 0.02386209964752197 0.06414443122016059
0 0.4318291127681732 0.16412158012390138 0.008067405223846436 0.03530134624905056
0 0.1420407176017761 0.42883615493774413 0.02053990364074707 0.05663252936469184
3 0.4635110914707184 0.40528478887346053 0.07619785070419312 0.19578875965542264
2 0.8877232015132904 0.8007025188869901 0.21408296823501588 0.3962669796413846
1 0.5458392977714539 0.12364947001139323 0.016486859321594237 0.027657720777723525
1 0.5022431313991547 0.14101433753967285 0.015604245662689208 0.034481949276394315
0 0.05104358047246933 0.4613147046830919 0.033891358971595766 0.056262471940782335
0 0.3997498542070389 0.1923762692345513 0.010185867547988892 0.04060294893052843
0 0.392938157916069 0.1743919955359565 0.010631459951400756 0.037570921579996745
0 0.7007841110229492 0.3715947045220269 0.021757888793945312 0.08476799858940973
2 0.5395753085613251 0.18113413916693794 0.042105114459991454 0.09761132134331597
0 0.7107928276062012 0.8871924506293403 0.061846160888671876 0.1923465304904514
0 0.7295700132846832 0.44006167517768013 0.01710001230239868 0.06548597547743056
3 0.5395812511444091 0.18592830234103733 0.03765954971313477 0.09807045194837782
0 0.33338236808776855 0.42526575724283855 0.02564404010772705 0.08943884107801649
0 0.1795119285583496 0.35294342041015625 0.0383109450340271 0.07831681569417318
0 0.42173607349395753 0.1529254913330078 0.007803177833557129 0.030246861775716147
3 0.4651977360248566 0.13950343132019044 0.020154011249542237 0.06273162629869249
2 0.33096630573272706 0.5132442156473795 0.13585987091064453 0.163760863410102
0 0.814311408996582 0.4317594740125868 0.026092720031738282 0.0679155985514323
3 0.8924758911132813 0.8217803107367622 0.20471434593200682 0.3407869127061632
1 0.46414164900779725 0.15464957555135092 0.017631185054779053 0.03534848954942491
3 0.9657147407531739 0.6161048253377278 0.06775054931640626 0.18759532504611545
0 0.659626179933548 0.2548688146803114 0.018543028831481935 0.04993589189317491
0 0.8504088759422302 0.43477971818712025 0.02234833240509033 0.0556282467312283
0 0.7972805023193359 0.7707721286349827 0.04109344482421875 0.1839315202501085
0 0.12861445546150208 0.4083723545074463 0.03192280530929566 0.051806163787841794
1 0.8044924557209014 0.7245467291937934 0.04834350347518921 0.1261416965060764
0 0.2739261507987976 0.30867623223198787 0.018978381156921388 0.057273313734266494
0 0.4998855173587799 0.2957189136081272 0.015625059604644775 0.06808747185601129
0 0.695513379573822 0.30555360449684993 0.019804167747497558 0.03332943121592204
1 0.5180152297019959 0.12545243369208442 0.013395190238952637 0.02921310000949436
