0 0.6861233711242676 0.4680598153008355 0.026348876953125 0.10357738071017795
1 0.3694887638092041 0.3335364447699653 0.051493263244628905 0.087371826171875
1 0.6853123664855957 0.7303316752115886 0.11472091674804688 0.21703648037380643
0 0.6231143355369568 0.40988519456651473 0.01931021213531494 0.08781212700737848
0 0.6440713167190552 0.4806245803833008 0.025107812881469727 0.09793773227267795
0 0.5903776407241821 0.2702678044637044 0.01384720802307129 0.0597031487358941
0 0.3482032507658005 0.4157993740505642 0.02217411994934082 0.09987513224283855
0 0.6183085799217224 0.295159117380778 0.014856219291687012 0.06096825069851346
0 0.7788490295410156 0.7245780944824218 0.039322519302368165 0.16583239237467448
0 0.8944287300109863 0.7675034417046441 0.04829845428466797 0.1667717827690972
0 0.4296277165412903 0.5635365592108832 0.03448002338409424 0.11919949849446615
0 0.39254512786865237 0.7496351453993055 0.038005280494689944 0.17633099026150173
0 0.3179027199745178 0.34717706044514973 0.01708800792694092 0.061227205064561634
0 0.7460397243499756 0.6072811550564237 0.03788948059082031 0.13279486762152778
0 0.6066124200820923 0.346218819088406 0.01876373291015625 0.07465296851264105
0 0.5732133626937866 0.2776881323920356 0.014159631729125977 0.06154441833496094
0 0.2155378818511963 0.8635998196072049 0.042321979999542236 0.20594796074761285
0 0.5673396348953247 0.3338818126254611 0.017476749420166016 0.07345248328314888
0 0.5443652510643006 0.28083824581570094 0.013733315467834472 0.06343922085232205
0 0.6901628017425537 0.5849398295084636 0.03340559005737305 0.11721034579806858
0 0.128159761428833 0.7339525858561198 0.04268542528152466 0.17460564507378473
0 0.6757360339164734 0.37573991351657443 0.019561409950256348 0.07858761681450738
3 0.4507254511117935 0.3727479564232959 0.06161934733390808 0.16520416463414828
0 0.21653480529785157 0.7026457044813368 0.03378293514251709 0.157501220703125
0 0.16536896228790282 0.6185470581054687 0.03205553293228149 0.15107400682237412
0 0.03235505521297455 0.9197185940212673 0.05296667218208313 0.16044404771592882
0 0.8421972274780274 0.6007258945041233 0.039041900634765626 0.13751470777723523
0 0.2304060459136963 0.5991164737277561 0.032311415672302245 0.1443081325954861
1 0.45270915031433107 0.3954437255859375 0.0485748291015625 0.11177967919243706
0 0.2888390064239502 0.3755897416008843 0.018146610260009764 0.06788010067409939
1 0.4000601679086685 0.26867084503173827 0.034643203020095825 0.06714002821180555
0 0.13311656713485717 0.9131070454915364 0.05573539733886719 0.16832394070095485
0 0.2686558723449707 0.5290045314364963 0.023074960708618163 0.09350155724419487
0 0.6459493994712829 0.3727203369140625 0.018443036079406738 0.07612135145399306
0 0.5524470090866089 0.24555862214830187 0.013560676574707031 0.0520922131008572
0 0.5555760145187378 0.21834100087483724 0.013072919845581055 0.04270015292697483
0 0.6136824607849121 0.2593581729465061 0.01583700180053711 0.050816387600368926
0 0.654682171344757 0.41655203501383464 0.021271872520446777 0.08019421895345052
0 0.7798844516277313 0.4815652847290039 0.01906822919845581 0.07993634541829427
0 0.31041808128356935 0.4844367980957031 0.024414706230163574 0.11208517286512587
0 0.3824560821056366 0.23801564110649956 0.011566948890686036 0.04726092020670573
0 0.17557165622711182 0.4821020338270399 0.028076648712158203 0.0849270290798611
1 0.455220890045166 0.3008461422390408 0.037758255004882814 0.08594642215304904
0 0.3366966247558594 0.30473541683620875 0.017784976959228517 0.0599029541015625
0 0.72614586353302 0.4801280763414171 0.0248852014541626 0.0820686764187283
1 0.5462792873382568 0.12466511726379395 0.016045379638671874 0.028448920779758028
0 0.2567410469055176 0.41726904975043405 0.024129772186279298 0.09505208333333333
0 0.9386542320251465 0.4675445556640625 0.055967521667480466 0.09764794243706597
1 0.6887718260288238 0.5862131436665853 0.04239324331283569 0.10802707672119141
0 0.3729505315423012 0.26404655244615344 0.013106641173362733 0.054119385613335506
1 0.418258535861969 0.200619019402398 0.026996922492980958 0.04981558057996962
3 0.6843787707388401 0.7250446955362956 0.12990957945585252 0.22529589335123698
0 0.3485362410545349 0.278300846947564 0.013741201162338257 0.04852051205105252
0 0.537243914604187 0.14649747212727865 0.008731269836425781 0.03279478285047743
0 0.6466918468475342 0.3341058611869812 0.010888803005218505 0.035347814030117455
0 0.7400407254695892 0.45104172494676376 0.013168179988861084 0.05238317913479275
1 0.21483861804008483 0.8369622760348849 0.06124106645584106 0.18787998623318142
1 0.3337863922119141 0.6106668472290039 0.07645649909973144 0.1683736589219835
1 0.033520206809043884 0.9095462799072266 0.06704041361808777 0.18090744018554689
2 0.45719075202941895 0.14058886104159884 0.03048241138458252 0.06264992819892036
3 0.3482621073722839 0.5932093514336481 0.05589921474456787 0.2268318600124783
1 0.6085337661206722 0.34309904972712196 0.01706753224134445 0.0736284335454305
1 0.6855887651443482 0.46921231481764053 0.029674839973449708 0.1024539205763075
3 0.4616446137428284 0.24715696970621745 0.04970395565032959 0.16490554809570312
0 0.25799658298492434 0.3808660268783569 0.013400125503540038 0.045641353395250106
0 0.1707995653152466 0.5355567402309842 0.030373382568359374 0.08555257585313585
0 0.3045957565307617 0.42234022352430556 0.022214770317077637 0.10358662075466579
1 0.4992145121097565 0.12365727424621582 0.01524277925491333 0.028474076588948568
0 0.7333694577217102 0.4159852557712131 0.023928022384643553 0.06138326856825087
0 0.3632953613996506 0.263132275475396 0.012980931997299194 0.05780997806125217
3 0.39210602194070815 0.7374065399169922 0.05245277583599091 0.18001514010959202
3 0.9753490924835205 0.6288421630859375 0.04857950210571289 0.14796023898654515
1 0.13289352059364318 0.8695246802435981 0.05670372247695923 0.1261747572157118
0 0.5263488411903381 0.11583564546373155 0.005700325965881348 0.024042786492241754
0 0.499124014377594 0.2909038755628798 0.016064667701721193 0.07091852823893229
0 0.6693501472473145 0.3062268747223748 0.016798973083496094 0.034675971666971846
0 0.7630225598812104 0.5212129592895508 0.024931585788726805 0.06621513366699219
2 0.3473782271146774 0.608323499891493 0.05413145422935486 0.18044942220052082
0 0.7296905636787414 0.5336275312635633 0.024407196044921874 0.07585847642686631
0 0.7142717838287354 0.3506072560946147 0.012081432342529296 0.04815964433881972
0 0.7156121015548706 0.48589919408162435 0.008979368209838866 0.06664108700222439
1 0.3930154725909233 0.7361185497707791 0.05411507189273834 0.1724967532687717
3 0.5612351417541503 0.9606955846150717 0.05139765739440918 0.07860883076985677
0 0.40084652304649354 0.22122862074110244 0.009912490844726562 0.04250742594401042
3 0.6255105471238493 0.9627824783325195 0.04388157613575459 0.07443504333496094
