0 0.284158194065094 0.36264934539794924 0.035576272010803225 0.09428537156846788
1 0.1952126145362854 0.6721115112304688 0.14634864330291747 0.2955732981363932
0 0.37490952014923096 0.2792594485812717 0.023163270950317384 0.07303602430555556
2 0.7044341087341308 0.6522967868381077 0.30784053802490235 0.683285903930664
0 0.3291679032146931 0.2896340688069661 0.01771080642938614 0.06740930345323351
0 0.35893418192863463 0.23952438566419815 0.02125283479690552 0.05961538950602214
0 0.07564571499824524 0.3955521053738064 0.056669414043426514 0.08373186323377821
0 0.1327601194381714 0.5855001661512587 0.055242490768432614 0.12947239345974393
3 0.1979130268096924 0.6621111128065321 0.16074090003967284 0.3360362582736545
1 0.2832879304885864 0.3645538184377882 0.039666032791137694 0.09470717906951905
0 0.8993468284606934 0.7217803107367622 0.10288753509521484 0.23817850748697916
0 0.4295337736606598 0.19730388853285047 0.01626666784286499 0.0458468755086263
0 0.6015763998031616 0.16866001023186578 0.012271833419799805 0.03543320761786567
0 0.33960012067109346 0.3689247555202908 0.03374582789838314 0.10252956814236111
0 0.6215619564056396 0.22263437906901043 0.022513675689697265 0.054148695203993055
0 0.6432850599288941 0.24320960574679903 0.024976158142089845 0.059783257378472225
0 0.375329427421093 0.2204556041293674 0.019548824429512023 0.05593505435519748
0 0.5779868245124817 0.19214820861816406 0.011859393119812012 0.042312833997938365
0 0.24621849060058593 0.4590546502007378 0.042458748817443846 0.13234965006510416
1 0.24443936347961426 0.4499767091539171 0.04519267082214355 0.12102504306369358
