3 0.4380418360233307 0.4213899768061108 0.09183360338211059 0.2574545231130388
0 0.6781068801879883 0.8840716891818576 0.06652922630310058 0.19216554429796007
0 0.7265346348285675 0.44287418789333766 0.028430640697479248 0.08726272583007813
0 0.9018598556518554 0.9056654188368055 0.06917810440063477 0.17874789767795138
0 0.6801368713378906 0.5533109452989367 0.03108978271484375 0.1320468478732639
0 0.5922374129295349 0.3852146466573079 0.018729853630065917 0.07472595638699002
1 0.2902883529663086 0.7250509474012586 0.10671765804290771 0.24557821485731338
1 0.3807679772377014 0.27918854819403754 0.035998082160949706 0.10145693884955512
0 0.33598647117614744 0.4276461707221137 0.023976397514343262 0.10915459526909722
1 0.44679043889045716 0.1650420135921902 0.01915181875228882 0.033544529808892144
1 0.5502719819545746 0.6037120607164171 0.11878367662429809 0.1772623274061415
0 0.06049084663391113 0.8130675421820747 0.04641869962215424 0.19266035291883682
0 0.10704424381256103 0.9152416229248047 0.05214197039604187 0.16951675415039064
0 0.5827036499977112 0.22285885281032985 0.011394190788269042 0.04888216654459635
0 0.602422559261322 0.2716138203938802 0.014382529258728027 0.060129038492838544
0 0.6024802684783935 0.801654052734375 0.04288969039916992 0.1650557623969184
0 0.5156979441642762 0.36516105863783094 0.020819640159606932 0.08355108896891277
0 0.6055917263031005 0.5040528615315755 0.04579496383666992 0.12061801486545139
0 0.5656244039535523 0.23236908382839627 0.012431526184082031 0.05175416734483507
0 0.6511471986770629 0.2807976722717285 0.015080547332763672 0.04921076032850477
0 0.7966681003570557 0.5088045756022136 0.0315211296081543 0.11335856119791667
0 0.6274938583374023 0.9121656205919054 0.06038336753845215 0.17566875881618924
0 0.6680502206087112 0.3919761233859592 0.02412155270576477 0.07150353325737847
0 0.7283741295337677 0.3843835618760851 0.021940314769744874 0.06536983913845486
0 0.6692540526390076 0.3404293378194173 0.01783539056777954 0.05714266035291884
0 0.6279705286026 0.41020067003038196 0.020283603668212892 0.08593597412109374
0 0.8488679885864258 0.7615169101291233 0.047605133056640624 0.1660556369357639
0 0.3496202230453491 0.3588823225763109 0.02045140266418457 0.051277687814500594
0 0.607719898223877 0.21465795305040147 0.01118621826171875 0.04396493699815538
0 0.7382291793823242 0.5336865743001302 0.02972273826599121 0.12681816948784722
0 0.85224609375 0.6457596672905817 0.04214134216308594 0.13107367621527777
3 0.2896085739135742 0.7292729165818956 0.12697134017944336 0.270701535542806
0 0.770438289642334 0.5310366312662761 0.029559850692749023 0.12211392720540365
1 0.5383277893066406 0.2489461686876085 0.03685073852539063 0.07398726145426432
0 0.7075692147016526 0.36147033903333875 0.01796584725379944 0.0674118677775065
0 0.618419298902154 0.3652403937445747 0.019368516653776167 0.06509780883789062
0 0.6505025863647461 0.3660613589816623 0.01608133316040039 0.048237080044216576
0 0.36010970920324326 0.259626833597819 0.013756057620048523 0.054827838473849824
0 0.5550866603851319 0.9159750620524089 0.05461206436157227 0.1680498758951823
0 0.6705844283103943 0.4459327909681532 0.025287699699401856 0.0874245113796658
0 0.5217936992645263 0.18029871516757542 0.008699798583984375 0.036016390058729385
3 0.5697234272956848 0.3350311438242594 0.04536073207855225 0.0922845098707411
0 0.15259097814559935 0.7710722181532118 0.04669637680053711 0.20466512044270832
0 0.6038685321807862 0.4283976660834418 0.019228315353393553 0.07681876288519965
0 0.3270289808511734 0.318477725982666 0.013432961702346802 0.06891248491075304
0 0.5563138961791992 0.20769204033745658 0.012041521072387696 0.04128468831380208
0 0.5680487751960754 0.180742613474528 0.010484099388122559 0.03838151295979818
0 0.5869497060775757 0.26935209698147244 0.013535165786743164 0.05039920806884766
0 0.36493389010429383 0.2258870972527398 0.012630021572113037 0.047954750061035153
0 0.5945502877235412 0.19578746159871419 0.010040688514709472 0.042283354865180124
0 0.6146538734436036 0.31503401862250435 0.02095494270324707 0.05752271016438802
0 0.6397738814353943 0.4074196020762126 0.017422175407409667 0.058110650380452475
0 0.5035429477691651 0.15391303698221842 0.007566976547241211 0.028574805789523653
0 0.6450504302978516 0.3241331524319119 0.017026567459106447 0.06413366529676649
3 0.4488487601280212 0.22749012841118707 0.04076299667358398 0.09718225267198351
1 0.8539089083671569 0.6350919087727864 0.05473606586456299 0.1355939229329427
1 0.9359707593917846 0.6628166834513346 0.05862360000610352 0.09432038201226128
0 0.6938944816589355 0.38911446465386285 0.021528863906860353 0.08752986060248481
0 0.3152799367904663 0.30786360634697807 0.019617366790771484 0.07071370018853082
0 0.5024445950984955 0.3034418635898166 0.018078315258026122 0.06123345692952474
0 0.512621420621872 0.16209842893812393 0.008423006534576416 0.031790139940049915
0 0.3428546905517578 0.2715516620212131 0.01664419174194336 0.050141228569878474
0 0.05112136751413345 0.8867361492580838 0.023652872443199156 0.08032849629720053
0 0.5501508474349975 0.182162348429362 0.009352731704711913 0.035276836819118924
0 0.849340808391571 0.43437637752956815 0.021821999549865724 0.05482495625813802
0 0.4799916923046112 0.29965249167548286 0.01496373414993286 0.06989099714491102
0 0.813603401184082 0.43417239718967016 0.031442689895629886 0.09775204128689235
0 0.6376903593540192 0.22642552057902018 0.015456080436706543 0.04505426618787978
3 0.4039593696594238 0.2021744622124566 0.04126572608947754 0.09461359447903103
0 0.31960526704788206 0.2707429673936632 0.018393874168395996 0.05247849358452691
0 0.5466962814331054 0.7552825927734375 0.04305291175842285 0.1499478234185113
1 0.6699477046728134 0.33956671158472695 0.017066651582717897 0.048285073704189725
0 0.6733889281749725 0.49652031792534723 0.027332472801208495 0.06825820075141059
1 0.546280026435852 0.12410595152113173 0.01526784896850586 0.02727794647216797
0 0.536787462234497 0.2012497584025065 0.011209726333618164 0.038883336385091144
0 0.5824583292007446 0.17487186325920953 0.009323644638061523 0.0356466187371148
0 0.4325921177864075 0.1508206844329834 0.008287906646728516 0.030766561296251084
0 0.5234838664531708 0.14637312889099122 0.007555687427520752 0.028248182932535806
0 0.46857686042785646 0.2781246609157986 0.01511843204498291 0.05671115451388889
0 0.5236377358436585 0.21289789411756727 0.009886384010314941 0.040113745795355905
3 0.9667894244194031 0.5957542843288846 0.06435058116912842 0.2244194878472222
1 0.8529512405395507 0.7487407048543294 0.06601920127868652 0.15109630160861545
1 0.5678491353988647 0.3235033459133572 0.044028711318969724 0.1079687754313151
