1 0.3448109865188599 0.35124871995713974 0.051669883728027347 0.1090315924750434
0 0.6669694185256958 0.2989664501614041 0.03672475814819336 0.08593813578287761
0 0.16905287504196168 0.5062667422824436 0.045501303672790525 0.11446558634440104
0 0.07607952952384948 0.39939948187934027 0.05704420804977417 0.08942701551649306
0 0.3540900506079197 0.2733126322428385 0.023273126780986787 0.06530825297037761
0 0.30797523260116577 0.30053698221842445 0.027171730995178223 0.06744863722059462
0 0.4243645161390305 0.3147247738308377 0.024728828668594362 0.08579703436957466
0 0.342825888004154 0.3518273671468099 0.04112005550414324 0.10222269694010416
1 0.16738702058792115 0.5048434893290202 0.06491460800170898 0.13922413720024956
2 0.49162099957466127 0.20427392853630913 0.05455988645553589 0.1174912240770128
1 0.07554808855056763 0.3954150199890137 0.057680916786193845 0.10318724314371745
0 0.7232822418212891 0.3373639000786675 0.03662772178649902 0.09141048855251736
1 0.7243071973323822 0.33795735041300456 0.04346145391464233 0.10267213185628256
0 0.4410474240779877 0.13763222694396973 0.00844823122024536 0.03163732952541775
