0 0.1322986125946045 0.5630335066053602 0.072575843334198 0.10970331827799479
0 0.6640983670949936 0.36646110746595595 0.02653277516365051 0.08897669050428603
0 0.8403727531433105 0.5091495090060764 0.05809040069580078 0.10158284505208333
0 0.39976972341537476 0.21179002126057941 0.01162315607070923 0.04708243476019965
0 0.3795246809720993 0.29606818093193904 0.014368492364883422 0.0630183113945855
0 0.42347095608711244 0.29191552268134224 0.016609418392181396 0.06242783864339193
0 0.36512216329574587 0.2867115762498644 0.01762568950653076 0.0750446531507704
0 0.8788164138793946 0.5967384762234158 0.03441543579101562 0.12434870402018229
1 0.44663295745849607 0.540341313680013 0.17380080223083497 0.13507393731011286
0 0.38331029415130613 0.37422110239664713 0.031587839126586914 0.081059816148546
0 0.4094235450029373 0.3737950325012207 0.02758292555809021 0.07790381113688151
0 0.4243480831384659 0.20223396089341905 0.01106988787651062 0.04339300791422526
0 0.41438031792640684 0.23852240244547526 0.013579618930816651 0.05252825419108073
1 0.1693907380104065 0.4758452945285373 0.16236159801483155 0.11767722235785591
0 0.47676725387573243 0.3331064860026042 0.020569157600402833 0.06534813774956597
0 0.5218131899833679 0.18825989299350315 0.0116410493850708 0.0424425654941135
0 0.37785260677337645 0.19933016035291884 0.011611223220825195 0.05101932949490017
0 0.5374237418174743 0.18218705919053818 0.010958552360534668 0.04110293918185764
0 0.5516453385353088 0.18184851010640463 0.010632681846618652 0.041643555959065756
0 0.3999571532011032 0.29064639409383136 0.015853410959243773 0.06604383256700304
1 0.4424656629562378 0.25114666620890297 0.03454015254974365 0.07568259769015842
3 0.5558902144432067 0.3381264103783502 0.05472424030303955 0.09847504297892253
0 0.32272177934646606 0.2940964380900065 0.021860146522521974 0.06840277777777778
0 0.41533921360969545 0.17673174010382758 0.009790730476379395 0.038393836551242407
0 0.5177635610103607 0.3198197576734755 0.016690218448638917 0.06803281572129992
0 0.08287731409072877 0.36411141289605037 0.04947054386138916 0.07609310150146484
0 0.4868337154388428 0.40540089077419705 0.045874404907226565 0.0896130879720052
0 0.507824569940567 0.372072704633077 0.02892388105392456 0.05656673113505046
0 0.9238636493682861 0.5585785971747504 0.02825307846069336 0.06575152079264322
1 0.5457274913787842 0.1235337840186225 0.016996049880981447 0.028956296708848743
0 0.4435100555419922 0.40115780300564235 0.04161491394042969 0.0873938242594401
1 0.5715848445892334 0.2546620262993707 0.04363241195678711 0.06616641150580513
0 0.6562007173895836 0.29117574691772463 0.015863648056983946 0.05588067372639974
3 0.9649475336074829 0.6067033131917318 0.06650524139404297 0.2038789537217882
0 0.44902884364128115 0.15750931104024252 0.0083685040473938 0.033358563317192926
0 0.4259901404380798 0.1548938751220703 0.008306884765625 0.03236295912000868
0 0.3153607487678528 0.21499648623996312 0.015681815147399903 0.044953876071506076
1 0.8376724123954773 0.5179175588819716 0.05789172649383545 0.09360056983100043
1 0.4589245438575745 0.2251347647772895 0.027994060516357423 0.06024572584364149
0 0.33267635442316534 0.32427549759546914 0.011670663207769393 0.04318276776207818
1 0.39697044193744657 0.37019383112589516 0.05259167551994324 0.0895956039428711
0 0.9449563026428223 0.4641953786214193 0.05001621246337891 0.09813944498697917
0 0.4400586783885956 0.14098296695285373 0.006758415699005127 0.02831181420220269
0 0.9774492263793946 0.7201499938964844 0.040345382690429685 0.14642808702256943
1 0.13256102204322814 0.5705382029215494 0.07611027956008912 0.09432165357801649
0 0.9481621503829956 0.514179441663954 0.01895151138305664 0.0517061021592882
1 0.9370572328567505 0.6614980697631836 0.05978937149047851 0.09850586785210504
0 0.5174407124519348 0.1223496331108941 0.007028937339782715 0.02433526780870226
3 0.16609848141670228 0.4680116229587131 0.16630524396896362 0.18880280388726128
0 0.46421692371368406 0.31080342398749455 0.016428756713867187 0.05507043202718099
0 0.8156926274299622 0.433739259507921 0.023518013954162597 0.05967992146809896
0 0.8511396884918213 0.43743960592481823 0.02222433090209961 0.05056043201022678
