1 0.6934618949890137 0.46028433905707467 0.09231948852539062 0.12923181321885852
1 0.7618265151977539 0.756512705485026 0.1457131862640381 0.2247275882297092
0 0.40309906005859375 0.29275182088216145 0.016095340251922607 0.06429901123046874
1 0.45838751792907717 0.7742413838704427 0.22608671188354493 0.1816921657986111
1 0.5521686434745788 0.19761253462897407 0.028849577903747557 0.04795700709025065
0 0.3586870551109314 0.4359760602315267 0.018828225135803223 0.08469104766845703
0 0.9232404708862305 0.7833277384440104 0.04923171997070312 0.17136302524142796
0 0.21908135414123536 0.507491217719184 0.06003048419952393 0.10641187032063802
0 0.09178298711776733 0.4406075371636285 0.05477283000946045 0.09788703918457031
0 0.40976362228393554 0.5077913920084636 0.02692389488220215 0.11987215677897135
0 0.6127187728881835 0.262576060824924 0.01437983512878418 0.05609113905164931
1 0.5281439304351807 0.14769065115186902 0.017362356185913086 0.030754693349202476
0 0.5866841316223145 0.2938129954867893 0.017093801498413087 0.06758933597140843
0 0.5944611191749573 0.21425917943318684 0.013447165489196777 0.04443675147162544
0 0.32127989530563356 0.3130652003818088 0.018187546730041505 0.06867249806722005
0 0.40714811682701113 0.22764382892184787 0.011148619651794433 0.048489782545301646
0 0.3668046727776527 0.2631597836812337 0.014604458212852478 0.057151773240831164
0 0.578143572807312 0.2501836140950521 0.01300668716430664 0.05470631917317708
0 0.5264853000640869 0.20934152603149414 0.011671352386474609 0.0467518064710829
0 0.5123818874359131 0.47326537238226996 0.027413654327392577 0.12682859632703994
0 0.4010627895593643 0.4452209260728624 0.023611146211624145 0.09550056457519532
0 0.026134675741195677 0.4795816633436415 0.052269351482391355 0.09771058824327257
0 0.4339434504508972 0.205097230275472 0.011118626594543457 0.04340585072835287
0 0.398010116815567 0.20883445739746093 0.011843466758728027 0.04594845241970486
0 0.38554091453552247 0.20534995396931965 0.010263371467590331 0.0438458972507053
0 0.21396801471710206 0.38819743262396916 0.02229757308959961 0.04822856055365669
0 0.2617668628692627 0.359041256374783 0.04087257385253906 0.09101710849338107
0 0.32564433813095095 0.4108737521701389 0.02654392719268799 0.08826734754774306
0 0.40702524185180666 0.170077027214898 0.010072708129882812 0.03636601765950521
0 0.3396406531333923 0.34863459269205727 0.021190190315246583 0.07759585910373264
1 0.4603682518005371 0.1813918643527561 0.020908093452453612 0.044433508978949654
0 0.3248593807220459 0.4808692084418403 0.05213661193847656 0.10008065965440538
0 0.5865510702133179 0.1841346475813124 0.011090326309204101 0.03786020278930664
0 0.41593952775001525 0.15842276679144965 0.008171594142913819 0.03306785159640842
0 0.5662910342216492 0.1800966739654541 0.009766983985900878 0.03472797605726454
0 0.049579930305480954 0.4020679897732205 0.05080935955047607 0.0859824710422092
0 0.9780711174011231 0.9338292439778646 0.041206741333007814 0.13234151204427083
0 0.36757132709026336 0.2265483538309733 0.012255305051803589 0.04696487850613064
1 0.5166957974433899 0.13371849589877657 0.01568024158477783 0.02869683371649848
0 0.2738539695739746 0.30931868023342557 0.021706438064575194 0.05384163326687283
1 0.7760467886924743 0.9530793931749132 0.09434149265289307 0.09384121365017362
0 0.03208070620894432 0.42119179831610787 0.021156974136829376 0.04757506052652995
2 0.761249765753746 0.7552121586269802 0.1554969608783722 0.2533180872599284
0 0.8125747680664063 0.4304072909884983 0.03078742027282715 0.10027105543348525
0 0.9879694938659668 0.8290499369303386 0.024061012268066406 0.14706386990017362
0 0.18860631585121154 0.4033165401882596 0.03250797986984253 0.06513375176323785
0 0.43167169094085694 0.17139202223883734 0.0086639404296875 0.03397936291164822
0 0.18497395515441895 0.47110616895887586 0.05635614395141601 0.10205510457356771
1 0.46386042833328245 0.15014496909247504 0.02038304805755615 0.03261951870388455
0 0.26074082851409913 0.3410129096772936 0.017345094680786134 0.03583443429734972
3 0.4678154021501541 0.7927692625257704 0.22792114615440368 0.3288411882188585
1 0.936597466468811 0.6621190388997396 0.05996174812316894 0.09703648885091146
0 0.091278076171875 0.36186739603678386 0.04609212875366211 0.0758726331922743
0 0.39512779712677004 0.4171032216813829 0.009744405746459961 0.050307814280192056
1 0.3294308000811725 0.4074785894817776 0.018194199798745102 0.07816759215460883
0 0.36954057216644287 0.357879638671875 0.015178537368774414 0.04367911020914714
1 0.3275328755378723 0.48435131708780926 0.05253989696502685 0.08136276668972439
1 0.6259163062088191 0.9618152618408203 0.048654047586023805 0.07636947631835937
0 0.013548415899276734 0.33551144070095484 0.027096831798553468 0.07861497667100695
3 0.4656330168247223 0.11340063942803277 0.016260588169097902 0.039989195929633244
0 0.4390918552875519 0.17906655735439725 0.008381211757659912 0.03581372367011176
1 0.7232997596263886 0.6725776036580403 0.07388688325881958 0.07673394944932725
0 0.627189290523529 0.21251068115234376 0.018484854698181154 0.03554322984483507
