1 0.5261453151702881 0.2416585922241211 0.04667577743530273 0.07930700514051649
1 0.6334219217300415 0.44915534125434026 0.08130950927734375 0.13726145426432293
0 0.865673828125 0.7346190558539496 0.05359601974487305 0.1724946763780382
0 0.3654823437333107 0.32649243672688805 0.026934203505516053 0.07858132256401909
0 0.32945632487535476 0.3135902510748969 0.018287649750709532 0.08769893646240234
0 0.35966804027557375 0.4120376163058811 0.03462653160095215 0.10406061808268229
0 0.6289674282073975 0.2384770711263021 0.020528316497802734 0.05737207200792101
0 0.38211908340454104 0.25885056389702693 0.023943090438842775 0.06973843044704861
0 0.07657712697982788 0.39691399468315974 0.055994099378585814 0.08471031188964843
0 0.4095520079135895 0.18788496123419868 0.012514054775238037 0.04153799480862087
0 0.6060985565185547 0.22843393749660915 0.022536420822143556 0.0631792492336697
1 0.35965237244963644 0.4160263088014391 0.04024407416582108 0.1251550833384196
0 0.3645570993423462 0.2192784203423394 0.018030846118927003 0.05439393785264757
0 0.36251272857189176 0.26911767323811847 0.02370792031288147 0.04730974833170573
0 0.42268342673778536 0.20541145536634658 0.016267448663711548 0.05134720272488064
0 0.1436918020248413 0.8955474853515625 0.06329797506332398 0.208905029296875
0 0.41356146037578584 0.21962263319227432 0.013531500101089477 0.04559915330674913
0 0.3904025435447693 0.2192479027642144 0.014932477474212646 0.04408615960015191
1 0.6086602519470035 0.2273741404215495 0.017173905071103945 0.06668506198459201
0 0.36032129526138307 0.17845478587680394 0.014336848258972168 0.04016226662529839
0 0.44078356623649595 0.1314439614613851 0.00982574224472046 0.0331151008605957
1 0.3644621729850769 0.3121382024553087 0.02878305912017822 0.04649862713283963
0 0.29025126695632936 0.2331049813164605 0.023896384239196777 0.04658249749077691
0 0.4114947825670242 0.1521071434020996 0.01145598292350769 0.03726914723714193
0 0.2769343852996826 0.5944173177083333 0.04352083206176758 0.15330187479654947
0 0.2796284556388855 0.4912141799926758 0.03101847171783447 0.09481900533040365
