0 0.6345621258020401 0.2965616120232476 0.023822849988937377 0.069963010152181
1 0.4116175651550293 0.5125419616699218 0.08753778934478759 0.18969798617892794
0 0.32566946744918823 0.27879150178697376 0.02530086040496826 0.06255804697672526
0 0.2597851276397705 0.5322599199083117 0.043354225158691403 0.11969646877712674
0 0.36011156290769575 0.28785089916653106 0.02217088043689728 0.06312652164035373
0 0.14750261306762696 0.5401836819118924 0.04606825113296509 0.14378729926215278
1 0.08471242636442185 0.39722409778171114 0.0857232004404068 0.09896984100341796
0 0.0767912209033966 0.3952913920084635 0.059809958934783934 0.08625967237684462
1 0.2594004511833191 0.5287436538272434 0.05437042713165283 0.1328771061367459
3 0.4142135262489319 0.5147511694166396 0.09872691631317139 0.22185501522488063
0 0.6183927297592163 0.2020264254675971 0.01774754524230957 0.048551697201199
1 0.1483822226524353 0.5393518659803602 0.059807443618774415 0.16449779934353298
0 0.3353597640991211 0.4185320536295573 0.0358353853225708 0.1047271728515625
0 0.43097548484802245 0.2844217194451226 0.018765592575073244 0.06695711347791884
0 0.3065034866333008 0.33237005869547526 0.02537868022918701 0.08560481601291232
0 0.45195979475975034 0.16998964945475262 0.01260005235671997 0.03825751410590278
0 0.35177173614501955 0.3364191691080729 0.02491416931152344 0.07583370208740234
1 0.46652814745903015 0.23296954896714953 0.030482184886932374 0.08079064687093099
0 0.43456352949142457 0.14601260291205512 0.009118962287902831 0.02982408735487196
2 0.4125238716602325 0.5143328189849854 0.09953392744064331 0.2215971522861057
0 0.40078805685043334 0.19781224462721084 0.012780582904815674 0.04518734614054362
0 0.5814278364181519 0.15750069088406032 0.013867998123168945 0.04074660407172309
0 0.40111851692199707 0.2486016591389974 0.019042205810546876 0.06486843956841362
0 0.4128711879253387 0.15294258329603408 0.012628889083862305 0.03765864902072483
0 0.3376209259033203 0.48858376608954535 0.03270416259765625 0.07771867116292318
0 0.3851404219865799 0.200027683046129 0.013292795419692994 0.047669506072998045
0 0.2618359804153442 0.6831066131591796 0.03201217651367187 0.056008995903862845
0 0.32757089138031004 0.33531667921278213 0.03181381225585937 0.06127497355143229
