3 0.5970891952514649 0.37571936713324655 0.14390206336975098 0.3337961832682292
0 0.6742862105369568 0.26708383560180665 0.023733115196228026 0.06199779510498047
0 0.7013187557458878 0.31319776111178926 0.023639219999313354 0.0818537606133355
1 0.5470327138900757 0.18352529737684461 0.0341130256652832 0.07054676479763455
0 0.3861629098653793 0.2677530606587728 0.025478392839431763 0.08112188975016275
0 0.5183292090892792 0.24059662289089626 0.01519075632095337 0.055152808295355904
0 0.6808378845453262 0.33482225206163196 0.020156723260879517 0.07679545084635417
0 0.46995519399642943 0.17815080218844945 0.011066436767578125 0.04217972225613064
0 0.44745090007781985 0.15114973386128744 0.011405229568481445 0.038553015391031904
0 0.07590775489807129 0.39403610229492186 0.054303604364395144 0.08022242652045355
0 0.3911910653114319 0.19964066611395942 0.017498230934143065 0.055951372782389326
