0 0.18773298263549804 0.45738419426812066 0.06331666707992553 0.08967920939127604
0 0.288533878326416 0.4366458892822266 0.05959851741790771 0.09006839328342015
1 0.7057085990905761 0.4691652086046007 0.15561423301696778 0.11751831902398004
0 0.6363681793212891 0.2550556712680393 0.015023088455200196 0.056322330898708764
0 0.6024381875991821 0.248180177476671 0.013511133193969727 0.05290192498101128
0 0.5236026287078858 0.3841111501057943 0.03841705322265625 0.08102766672770183
1 0.5061873733997345 0.34740480846828886 0.07761276960372925 0.08718399471706814
0 0.2574849367141724 0.3694222556220161 0.03667149543762207 0.05824470520019531
1 0.5370244264602662 0.22968707614474826 0.03169636726379395 0.051302125718858504
0 0.5633054733276367 0.20425533718532987 0.011238193511962891 0.046737586127387154
0 0.4255573511123657 0.207053279876709 0.01058058738708496 0.04128475189208984
0 0.9458710670471191 0.4788343641493056 0.06180648803710938 0.09981575012207031
0 0.29324177503585813 0.34191855324639214 0.02063872814178467 0.062184079488118486
1 0.5297761917114258 0.16237366994222005 0.021519994735717772 0.04379365709092882
0 0.3143332600593567 0.29547731611463757 0.016057944297790526 0.06259693569607205
1 0.565574586391449 0.2835468504163954 0.04196755886077881 0.07811537848578559
0 0.380497133731842 0.29312607447306316 0.01638427972793579 0.06217806074354384
0 0.33279191255569457 0.3044152047899034 0.01774728298187256 0.05798456403944227
0 0.5313009262084961 0.19224022759331597 0.008984613418579101 0.03738589816623264
0 0.0855992317199707 0.41672685411241317 0.06297416090965272 0.09877251519097222
3 0.4673968493938446 0.09837262895372179 0.015254032611846925 0.037479209899902347
0 0.5083777964115143 0.15082393752204049 0.008306586742401123 0.03434349695841472
0 0.4542781412601471 0.16168826421101887 0.008266294002532959 0.032765176561143666
0 0.3753620505332947 0.21662289301554363 0.013253331184387207 0.049299897087944876
1 0.1382497727870941 0.3918860117594401 0.05922459363937378 0.058337571885850696
0 0.3554203435778618 0.295646603902181 0.01900956332683563 0.06003693474663629
0 0.55024733543396 0.31846785015530055 0.023716497421264648 0.06469364166259765
0 0.13979506492614746 0.3846441480848524 0.061259138584136966 0.07419819302029079
0 0.45023651123046876 0.3419078826904297 0.03039374351501465 0.07200554741753472
0 0.5571669101715088 0.14369103113810222 0.008627080917358398 0.029614935980902778
1 0.936600923538208 0.6613665050930447 0.05989217758178711 0.09797935485839844
0 0.3814491510391235 0.1799808767106798 0.012510871887207032 0.04518567191229926
0 0.44605219960212705 0.1767999490102132 0.008763349056243897 0.03336333168877496
0 0.40445862114429476 0.22240429984198676 0.0120602548122406 0.0428042729695638
1 0.45352543592453004 0.2150824122958713 0.030909013748168946 0.05939612918429905
3 0.4541569471359253 0.2485251956515842 0.03464961051940918 0.12323926289876302
0 0.38342629969120023 0.23219017452663845 0.012281161546707154 0.040945646497938366
1 0.45694692730903624 0.2785182423061795 0.034110414981842044 0.06626669565836589
0 0.4845885157585144 0.25559684965345597 0.014487862586975098 0.04707266489664714
0 0.40475758612155915 0.30720010333591036 0.022143417596817018 0.03662242889404297
0 0.42402436435222624 0.157321744494968 0.007734566926956177 0.03127961688571506
1 0.18871959447860717 0.46252104971143937 0.061919760704040525 0.07274762259589301
0 0.5679189085960388 0.17221596505906847 0.010878300666809082 0.034011427561442056
0 0.42662073969841 0.2980251418219672 0.01623646020889282 0.06384991539849175
0 0.6586220592260361 0.25476452509562175 0.017214864492416382 0.04684691958957248
0 0.4884006083011627 0.30344784524705676 0.028783977031707764 0.02911791271633572
1 0.5441376328468323 0.12425912751091851 0.018760943412780763 0.02851001951429579
0 0.4021651685237885 0.18090492884318035 0.009808921813964843 0.036644596523708765
0 0.4366701066493988 0.19623672697279188 0.009912312030792236 0.03983932071261936
0 0.39456031322479246 0.21066969765557184 0.010394573211669922 0.04626424577501085
0 0.39463057518005373 0.2833334392971463 0.010738849639892578 0.05741310119628906
0 0.39113240838050845 0.2543896145290799 0.0134820818901062 0.04389190673828125
0 0.41871277391910555 0.1895751158396403 0.009724658727645875 0.03455186420016819
0 0.36217179149389267 0.21430723402235244 0.012554612755775452 0.04252306620279948
2 0.7065786346793175 0.4568854914771186 0.1544789582490921 0.14071569442749024
0 0.7209073185920716 0.36812737782796223 0.017344117164611816 0.07196235656738281
0 0.5103824198246002 0.30463487572140163 0.024167573451995848 0.0314919736650255
0 0.17729517221450805 0.4295451588100857 0.025304412841796874 0.04602716233995226
0 0.37813748717308043 0.2539110925462511 0.013205647468566895 0.045398309495713975
0 0.8490553975105286 0.43825793796115453 0.02147696018218994 0.04713270399305555
1 0.8213331758975982 0.47508780691358776 0.06580108404159546 0.05027456283569336
0 0.41292899250984194 0.16449047724405924 0.00860811471939087 0.033605469597710505
