0 0.2190943479537964 0.4257825427585178 0.03577513694763183 0.09061885409884983
0 0.6736402869224548 0.3674572626749674 0.031265664100646975 0.09454748365614149
0 0.3683749705553055 0.2206839879353841 0.019135624170303345 0.05256046719021267
1 0.8444630026817321 0.6581511709425184 0.0652700662612915 0.16671861012776693
0 0.8437602043151855 0.6620368109809027 0.056392478942871097 0.16280314127604167
0 0.4272816240787506 0.16379777060614692 0.011878812313079834 0.029870584275987412
3 0.41750168800354004 0.21987147861056858 0.08191628456115722 0.193869145711263
0 0.3822388887405396 0.278134822845459 0.018850421905517577 0.061848682827419704
1 0.21896170377731322 0.4262203640407986 0.041143488883972165 0.09685601128472222
0 0.0949894517660141 0.4064623991648356 0.026214295625686647 0.0617730352613661
0 0.40811904072761535 0.17039985656738282 0.012133133411407471 0.03771345350477431
0 0.4899323105812073 0.9588550991482205 0.016316747665405272 0.04862450493706597
0 0.5470819115638733 0.11271059778001573 0.007818198204040528 0.02639788521660699
