0 0.7714770317077637 0.5212886386447483 0.06486611366271973 0.10333930121527778
0 0.6322016716003418 0.40264790852864585 0.027036285400390624 0.08938350677490234
0 0.25518720149993895 0.45862863328721787 0.052214622497558594 0.09823650783962673
0 0.8563928604125977 0.5115060594346789 0.06063432693481445 0.09604784647623697
0 0.14268758296966552 0.6163360171847874 0.08796894550323486 0.13135452270507814
0 0.04006487727165222 0.3884291754828559 0.04797792434692383 0.08627524905734592
0 0.05936188697814941 0.5570833841959636 0.07964996099472046 0.11174498664008246
1 0.37740079164505 0.3200984001159668 0.04358327388763428 0.09764024946424696
0 0.6796212196350098 0.8465460035536024 0.0819488525390625 0.17942318386501735
0 0.5955690145492554 0.31368224885728624 0.01952953338623047 0.06899920569525825
0 0.11223495006561279 0.37222201029459634 0.052740824222564694 0.08292925092909072
0 0.17695651054382325 0.4244313557942708 0.05947666168212891 0.09999796549479166
1 0.7687657415866852 0.5285165256924099 0.06549419164657592 0.08445250193277995
1 0.546321165561676 0.12407777574327257 0.01692068576812744 0.028002696567111546
0 0.7005138397216797 0.5621944427490234 0.044351959228515626 0.13397530449761286
0 0.9305058479309082 0.7791079203287761 0.05813407897949219 0.1510409884982639
0 0.40472806692123414 0.24575221803453234 0.012377750873565675 0.05309073130289713
0 0.5563193917274475 0.21315975189208985 0.012474465370178222 0.04979438781738281
0 0.4466263473033905 0.1839851909213596 0.009104311466217041 0.03642279307047526
0 0.33434582948684693 0.34853300518459746 0.022977805137634276 0.07312789493136936
0 0.42799967527389526 0.2166131019592285 0.011358952522277832 0.045569589402940536
0 0.3854795336723328 0.24984864128960504 0.0136133074760437 0.05373382568359375
0 0.4162971407175064 0.16802242596944172 0.008808082342147827 0.034823237525092234
0 0.9206504464149475 0.557835578918457 0.02404606342315674 0.07039205763075086
1 0.9354657649993896 0.6646786583794488 0.06089305877685547 0.11308330959743923
0 0.5634616255760193 0.1693865140279134 0.010288500785827636 0.035718939039442274
0 0.3373411424458027 0.2732267485724555 0.01584707647562027 0.05664026472303602
0 0.576013708114624 0.2165810055202908 0.011355781555175781 0.045367262098524305
0 0.5850194931030274 0.20193261040581598 0.011220502853393554 0.04240197075737847
0 0.023233401775360107 0.4547810448540582 0.04646680355072021 0.0968399895562066
0 0.32511968091130256 0.23137506908840602 0.009614361822605133 0.047590616014268665
0 0.4069059520959854 0.16125636100769042 0.009467798471450805 0.03562902874416775
0 0.9445189833641052 0.5511842727661133 0.02214791774749756 0.06653175354003907
0 0.5346257090568542 0.16453781127929687 0.007890677452087403 0.03187361823187934
0 0.4578590214252472 0.16707018216451008 0.008294785022735595 0.03354147805107965
0 0.44025399088859557 0.16816358036465115 0.007704770565032959 0.03134417004055447
0 0.42827787399291994 0.1862062719133165 0.009032893180847167 0.03703391816880968
3 0.5231681346893311 0.2205511728922526 0.03202009201049805 0.08137141333685981
0 0.8113642692565918 0.4336785210503472 0.0330413818359375 0.09599232143825955
0 0.18095006942749023 0.3833835283915202 0.0162506103515625 0.044665951199001734
0 0.4451152145862579 0.14679627418518065 0.006913220882415772 0.026485602060953777
0 0.5390420198440552 0.1848582320743137 0.00928502082824707 0.037136512332492405
0 0.3940973460674286 0.22301035987006293 0.011738407611846923 0.04630610148111979
0 0.4224950224161148 0.13702456686231826 0.0072294890880584715 0.025814702775743274
1 0.8535533308982849 0.524730756547716 0.059338164329528806 0.06837202707926432
0 0.6566486120223999 0.2519757376776801 0.02277984619140625 0.05623770819769965
0 0.27401047945022583 0.30788982179429797 0.01903970241546631 0.05439832475450304
3 0.9609885334968566 0.5854641808403863 0.07541821002960206 0.2474839104546441
0 0.9318087577819825 0.4641947004530165 0.05879688262939453 0.09453667534722222
0 0.3413499355316162 0.30640818058616587 0.012162303924560547 0.03424772595365842
0 0.5157259225845336 0.12775004704793294 0.006459808349609375 0.025108464558919272
0 0.7806056141853333 0.4431531111399333 0.01867063045501709 0.047899489932590064
1 0.14576136469841003 0.6240824381510417 0.09048458337783813 0.10607613457573785
0 0.42726566791534426 0.1543710708618164 0.006961178779602051 0.031176376342773437
0 0.3891757994890213 0.19355984793768988 0.010776835680007934 0.03565133412679036
1 0.1774696171283722 0.43200605710347495 0.0555418848991394 0.07879095077514649
