0 0.885321044921875 0.7303296407063802 0.06837396621704102 0.17678854200575086
0 0.6274767756462097 0.31117483774820964 0.025641798973083496 0.09069811503092448
0 0.3429483652114868 0.29998547236124673 0.02479950785636902 0.06946854061550564
0 0.05405173897743225 0.720302242702908 0.07581264972686767 0.18818291558159722
0 0.38535155951976774 0.18875829378763834 0.013835352659225465 0.04394528071085612
0 0.14124224185943604 0.5612817976209853 0.05132383108139038 0.1426617940266927
1 0.3943493366241455 0.5171428680419922 0.09473953247070313 0.21168187459309895
0 0.3230704069137573 0.48442535400390624 0.036214590072631836 0.12702691819932727
0 0.7576968193054199 0.49163089328342013 0.037119054794311525 0.12607417636447482
0 0.37913595139980316 0.3163198153177897 0.025848084688186647 0.09414251115587023
0 0.6383241072297097 0.2738725556267632 0.019397863745689393 0.05333338843451606
1 0.142462557554245 0.5573428683810764 0.05932596921920776 0.1691769070095486
0 0.5927675008773804 0.48344407081604 0.03358454704284668 0.10461568832397461
0 0.23905789852142334 0.6406729804144965 0.05430469512939453 0.14431978861490885
0 0.4180847704410553 0.24173124101426866 0.017010343074798585 0.05618019104003906
1 0.24767333269119263 0.5394341468811035 0.05597550868988037 0.11097982194688585
0 0.5591029286384582 0.17293706999884711 0.014808154106140137 0.045360533396402995
1 0.23972712755203246 0.6463241259256999 0.07010843753814697 0.1477071762084961
0 0.32297563552856445 0.29311646355523 0.0251434326171875 0.07485813564724392
0 0.3962671309709549 0.21672305001152886 0.01590723395347595 0.059895557827419704
0 0.07803775668144226 0.4076157463921441 0.06462622880935669 0.0722159915500217
0 0.6589088171720505 0.24009868833753797 0.016101700067520142 0.04162205590142144
0 0.6426740542054177 0.22999705208672416 0.017171964049339294 0.04103777143690321
0 0.3716956987977028 0.24955526987711588 0.01400960385799408 0.051504431830512155
0 0.5819572806358337 0.1770875718858507 0.016241812705993654 0.04542761908637153
0 0.5721306562423706 0.16774189207288953 0.012302350997924805 0.04629137251112196
1 0.8899210691452026 0.6712627622816297 0.08107972145080566 0.07969669765896267
0 0.5484674215316773 0.17305098639594185 0.012502050399780274 0.04215104844835069
3 0.40163288861513136 0.508174016740587 0.0961753934621811 0.2089639663696289
0 0.5110061466693878 0.2662072923448351 0.017979180812835692 0.06121419270833333
0 0.23093154430389404 0.4480118645562066 0.038434600830078124 0.10380825466579861
1 0.23196109533309936 0.44934522840711805 0.04843275547027588 0.12623375786675348
1 0.75952228307724 0.49970207214355467 0.05157248973846436 0.1321005079481337
0 0.4074013948440552 0.1914484182993571 0.010866045951843262 0.0418445693122016
0 0.36164572536945344 0.5665203730265299 0.025718611478805543 0.08772659301757812
3 0.053675819747149946 0.718997679816352 0.10084178186953068 0.23561185201009113
1 0.3518547177314758 0.23751867082383898 0.03960754871368408 0.07752405802408854
0 0.2454310178756714 0.5371781243218317 0.04414277076721192 0.10557501051161024
