1 0.45029338598251345 0.16661470731099445 0.021736907958984374 0.039654276106092665
1 0.669990062713623 0.7510974460177952 0.11564507484436035 0.22077543470594618
0 0.3437330722808838 0.5723939259847005 0.04468414783477783 0.1329151577419705
0 0.41239143908023834 0.2806612120734321 0.014229613542556762 0.06259441375732422
0 0.8832429885864258 0.7028702629937066 0.04328222274780273 0.156344477335612
0 0.34625581502914426 0.3721666653951009 0.022188687324523927 0.07883146074083117
0 0.7743767738342285 0.5452670627170139 0.032332229614257815 0.1296520233154297
0 0.24363378286361695 0.5117228296067979 0.030730700492858885 0.10324522654215494
0 0.37098383605480195 0.2638871404859755 0.013768702745437622 0.05862242380777995
0 0.31928019523620604 0.4940072801378038 0.03295929431915283 0.11184137132432725
0 0.4555122435092926 0.22366357379489474 0.011417853832244872 0.050635041130913626
0 0.39990768432617185 0.5015519036187066 0.028274798393249513 0.1327582465277778
0 0.15821268558502197 0.8316942003038195 0.0403725266456604 0.20686408148871527
0 0.8366216421127319 0.49693230523003473 0.0287656307220459 0.06600596110026041
0 0.6803827524185181 0.4150824228922526 0.022475290298461913 0.08914947509765625
0 0.4027961254119873 0.1804379834069146 0.009708642959594727 0.041656610700819226
0 0.2001657485961914 0.3743299272325304 0.05335819721221924 0.08682886759440105
1 0.47977239489555357 0.3321922196282281 0.0859749436378479 0.11181117163764107
1 0.46563695669174193 0.1467795689900716 0.016590523719787597 0.03183937072753906
0 0.5956611514091492 0.21250633663601345 0.013537955284118653 0.040441343519422746
0 0.19784810543060302 0.5844491746690538 0.03389421701431274 0.14703572591145833
0 0.10022019147872925 0.38327619764539933 0.06036291122436523 0.0826424068874783
0 0.4211344629526138 0.21523569954766167 0.010794800519943238 0.046838569641113284
0 0.5726016879081726 0.3433706495496962 0.0167252779006958 0.07647281222873265
0 0.5765439987182617 0.2010507689581977 0.010738039016723632 0.04331434037950304
0 0.39278630912303925 0.26799602508544923 0.01413375735282898 0.0595344967312283
0 0.7121394634246826 0.5616602579752604 0.026546573638916014 0.12775709364149307
0 0.5354638576507569 0.17159933514065212 0.009320974349975586 0.03721192677815755
0 0.5933843135833741 0.36467764112684464 0.018377685546875 0.07285334269205729
0 0.6492174863815308 0.44813662634955514 0.02206721305847168 0.09105025397406684
0 0.03671446740627289 0.5267058902316624 0.037031310796737674 0.12172080145941841
0 0.6719397187232972 0.32569232516818575 0.017108464241027833 0.06565365261501736
0 0.6606523513793945 0.2929522196451823 0.015770649909973143 0.05358467102050781
0 0.5163105249404907 0.1761764473385281 0.008021736145019531 0.036390103234185116
0 0.35648119151592256 0.22239905463324652 0.014678764343261718 0.049955791897243924
0 0.29840085506439207 0.4409656100802951 0.03595967292785644 0.09670626322428386
0 0.553339147567749 0.19677738083733454 0.009362936019897461 0.042291312747531465
0 0.8427901864051819 0.4553847630818685 0.023209547996520995 0.05092667473687066
0 0.6316853106021881 0.39232984913720026 0.016839420795440672 0.05209490987989637
0 0.6423558235168457 0.3240198877122667 0.016427087783813476 0.0665573755900065
1 0.5342578887939453 0.2985649532741971 0.043287038803100586 0.07618927425808376
0 0.543671190738678 0.15180693202548556 0.007668709754943848 0.031539503733317056
0 0.5609095335006714 0.18746280670166016 0.009979438781738282 0.03906355963812934
0 0.33251237869262695 0.3325634426540799 0.018495464324951173 0.07684766981336806
0 0.5061811029911041 0.17291961246066623 0.008629858493804932 0.034411578708224824
0 0.44413829445838926 0.19071552488538954 0.008914816379547118 0.03905340830485026
1 0.19976508021354675 0.38504074414571127 0.04997483491897583 0.05457239151000977
0 0.55492182970047 0.15338067478603787 0.007919621467590333 0.031156592898898654
0 0.41390415728092195 0.1584044615427653 0.007960456609725951 0.03327754338582357
0 0.6237732648849488 0.28003016577826606 0.019646501541137694 0.05535689459906684
1 0.34631790816783903 0.5611305236816406 0.0520108163356781 0.14305665757921007
0 0.6516840487718583 0.39408975707160104 0.013832837343215942 0.0494508425394694
0 0.7169466197490693 0.4742547141181098 0.027780354022979736 0.07939474317762586
0 0.6921120256185531 0.41354975170559355 0.015604454278945922 0.053680674235026045
0 0.3854233264923096 0.21795282363891602 0.011629974842071534 0.04847320980495877
0 0.42592933177948 0.18502465883890787 0.009026479721069337 0.04000499513414171
3 0.6610321044921875 0.7417062865363226 0.1182973861694336 0.25372833675808376
3 0.5949103832244873 0.28107713063557943 0.052496337890625 0.10882839626736111
0 0.5743664145469666 0.1696482711368137 0.010481047630310058 0.03341065512763129
0 0.9449748039245606 0.9436360677083333 0.066961669921875 0.10561760796440972
1 0.0986912190914154 0.3916707754135132 0.049986422061920166 0.05623845524258084
0 0.5236826658248901 0.1562953101264106 0.006957292556762695 0.02985668182373047
0 0.8109893798828125 0.42765685187445746 0.030849456787109375 0.09515821668836806
2 0.4785952687263489 0.34055696063571506 0.09358890056610107 0.10333614349365235
1 0.4941676914691925 0.11969463030497234 0.0138649582862854 0.027907848358154297
0 0.6252397894859314 0.3482326931423611 0.01603124141693115 0.07004326714409723
0 0.39518533945083617 0.4603293736775716 0.009123539924621582 0.061739137437608504
3 0.9673807978630066 0.6004055235120985 0.062328553199768065 0.21396107143825954
0 0.2882420539855957 0.2987344635857476 0.023545169830322267 0.06108476850721571
0 0.5125300586223602 0.14431130091349284 0.0072751641273498535 0.026407178243001303
2 0.6696052484214305 0.744806268480089 0.1289173498749733 0.23518265618218315
0 0.6260950803756714 0.2110354635450575 0.02197122573852539 0.038263765970865886
