3 0.4077753975987434 0.4196281393369039 0.08950971066951752 0.25017641650305855
0 0.6451158046722412 0.33674307929144964 0.019171690940856932 0.07188780042860243
1 0.6180744051933289 0.5886554506089953 0.09462158679962158 0.17160809834798177
0 0.22845809459686278 0.49509184095594616 0.027326583862304688 0.12024718390570746
0 0.3013588905334473 0.3924955791897244 0.023915624618530272 0.08934211730957031
0 0.5134707450866699 0.5162237379286024 0.031877899169921876 0.1328968048095703
0 0.16241891384124757 0.8800404866536459 0.04880155324935913 0.20846489800347223
0 0.3295881986618042 0.4029465357462565 0.023822832107543945 0.08883950975206163
0 0.36189875602722166 0.23723493152194552 0.01388806700706482 0.054544681972927514
0 0.6948476314544678 0.5727813296847873 0.030638885498046876 0.13605016072591145
1 0.4405586063861847 0.14194293551974826 0.017811834812164307 0.031110848320855033
0 0.08104550838470459 0.4169498019748264 0.05305123925209045 0.08975851270887587
0 0.27208642959594725 0.5762196858723958 0.029006314277648926 0.13921487596299914
0 0.5407773971557617 0.2570405748155382 0.012393808364868164 0.05511673821343316
0 0.31424866914749144 0.48055150773790145 0.027637124061584473 0.10415797763400608
0 0.6726973116397857 0.3694085439046224 0.0216015100479126 0.07340681287977431
0 0.5872192502021789 0.2697056452433268 0.015078902244567871 0.05567889743381076
0 0.34492968320846557 0.30378198623657227 0.019017118215560912 0.07092312706841362
0 0.5592040061950684 0.19732086393568252 0.009743642807006837 0.04124245113796658
0 0.5331226706504821 0.20475612216525607 0.011002469062805175 0.045138380262586805
0 0.7364023208618165 0.491131846110026 0.058356618881225585 0.11594645182291667
0 0.6779743194580078 0.4469774034288194 0.042715835571289065 0.10569356282552084
0 0.2727647304534912 0.49014816284179685 0.02424774169921875 0.10132764180501302
3 0.4027398109436035 0.24826037089029948 0.04540362358093262 0.12709793514675563
0 0.8916718482971191 0.48941463894314235 0.06443672180175782 0.10635274251302083
0 0.5569112181663514 0.31439185672336156 0.03446319103240967 0.06419898139105903
1 0.4394474387168884 0.30264946619669597 0.03710691928863526 0.07467335595024957
0 0.5754036545753479 0.21178820927937825 0.011375689506530761 0.042428482903374566
0 0.5367517232894897 0.16803570323520237 0.00867619514465332 0.03563379711574978
0 0.36770169734954833 0.3180181821187337 0.018424272537231445 0.0796357684665256
0 0.5476199507713317 0.22874730428059895 0.012201952934265136 0.045683330959743924
1 0.7366115391254425 0.5104879803127713 0.06336451768875122 0.07536972893608941
0 0.11044800281524658 0.3706954108344184 0.05555201172828674 0.08438981374104818
0 0.5217247903347015 0.31370170381334095 0.02802802324295044 0.06545514000786676
0 0.42244274616241456 0.16354344685872396 0.009143781661987305 0.03222766452365451
0 0.4964610874652863 0.3049887127346463 0.01936253309249878 0.06035830179850261
0 0.6599193930625915 0.2976277669270833 0.02454497814178467 0.05590010748969184
0 0.4457026839256287 0.16312021679348415 0.008394598960876465 0.032730081346299914
1 0.23448851108551025 0.37917777167426214 0.04272618293762207 0.05091177622477214
0 0.025779443979263305 0.9519343905978732 0.050488519668579104 0.09499087863498264
1 0.545547091960907 0.12478253046671549 0.01656782627105713 0.029140281677246093
0 0.4331914961338043 0.20938859515719943 0.010748016834259033 0.04549070994059245
0 0.527541434764862 0.14024959670172799 0.00697629451751709 0.027918656667073567
0 0.5025520563125611 0.1628049373626709 0.008704042434692383 0.03398714065551758
0 0.5395038366317749 0.14116919305589465 0.0072059154510498045 0.027401807573106556
0 0.2329169750213623 0.3707392374674479 0.04047527313232422 0.08877349429660374
0 0.27343608140945436 0.30896038479275173 0.018854165077209474 0.05598191155327691
0 0.7115997076034546 0.5060684521993001 0.017098379135131837 0.06544568803575304
0 0.3856423616409302 0.18577505747477213 0.010029780864715575 0.04047673543294271
1 0.39058234691619875 0.2673693974812826 0.01825571060180664 0.08096046447753906
3 0.9613160371780396 0.57169066535102 0.07515573501586914 0.27364493476019963
0 0.8149476647377014 0.429948616027832 0.02457549571990967 0.0635215335422092
0 0.5158897876739502 0.12027564578586154 0.005437088012695312 0.023928070068359376
0 0.5821017384529114 0.24252842797173393 0.013270115852355957 0.0490242428249783
3 0.16293678879737855 0.8753272586398655 0.07466248273849488 0.1943111843532986
0 0.5529397964477539 0.18124756813049317 0.008960819244384766 0.03569936752319336
1 0.8915792226791381 0.5007045798831515 0.06426701545715333 0.0785859743754069
0 0.4245661497116089 0.13655118412441677 0.007988286018371583 0.02595133251614041
0 0.5225826621055603 0.12265485657585992 0.006278014183044434 0.022990640004475912
1 0.645325681567192 0.3462684896257189 0.019075721502304077 0.0500067498948839
0 0.09326545894145966 0.34494712617662215 0.022857242822647096 0.03788827260335286
0 0.4465629100799561 0.30648174285888674 0.02313261032104492 0.07853936089409722
0 0.8513540267944336 0.4370411396026611 0.026516008377075195 0.05463944541083442
0 0.3299477219581604 0.36611893706851534 0.012926840782165527 0.0427653259701199
