0 0.8252150535583496 0.5484962887234158 0.06226158142089844 0.1098343743218316
0 0.3775291681289673 0.5418546040852864 0.04966444969177246 0.12376153733995225
0 0.4465723991394043 0.41741006639268663 0.057276153564453126 0.08655192057291666
0 0.33495845794677737 0.44801127115885414 0.06037948131561279 0.08756171332465278
1 0.5432837247848511 0.2863180160522461 0.03704767227172852 0.07102665371365018
0 0.5190710961818695 0.21919326782226561 0.012590229511260986 0.048208194308810765
0 0.5736006498336792 0.19209622277153862 0.010981941223144531 0.04079555935329861
0 0.5811472773551941 0.2316033787197537 0.01297323703765869 0.05365276336669922
1 0.6720987319946289 0.5045721266004775 0.13014883995056153 0.112841796875
0 0.41952289640903473 0.17815554936726888 0.009359806776046753 0.039963383144802515
3 0.4513303279876709 0.2545239554511176 0.044632339477539064 0.1265037112765842
0 0.9709680557250977 0.7120690239800347 0.05141611099243164 0.14006034003363715
0 0.5490243673324585 0.2229922506544325 0.011401987075805664 0.045092201232910155
0 0.40513189136981964 0.18004026412963867 0.01139732003211975 0.04095384809705946
0 0.5541536092758179 0.18620011541578504 0.009354352951049805 0.035087172190348306
0 0.5257203698158264 0.18612826665242513 0.009258103370666505 0.03853210873074002
0 0.32397971153259275 0.2999728202819824 0.016357612609863282 0.06666817135281033
0 0.30853278636932374 0.36710213555230037 0.043131113052368164 0.08499249352349175
0 0.5066279947757721 0.31077779134114586 0.022943413257598876 0.06224365234375
0 0.2819899320602417 0.36115876303778754 0.023741865158081056 0.059049627516004774
0 0.5455222964286804 0.15555126931932237 0.008032393455505372 0.03167698118421766
0 0.545713460445404 0.19295551511976455 0.009669041633605957 0.037909846835666235
0 0.46951577067375183 0.14016302426656088 0.007419383525848389 0.02907590866088867
0 0.4564978122711182 0.13613260587056478 0.007394742965698242 0.028307692209879557
0 0.4266903579235077 0.2359927389356825 0.012146294116973877 0.049804708692762586
0 0.08477935791015626 0.3660442352294922 0.052086788415908816 0.0741618898179796
0 0.5100087225437164 0.13951670328776042 0.0073079228401184086 0.027960840861002603
0 0.4453893303871155 0.1405720869700114 0.0071259021759033205 0.02969840367635091
0 0.5307590126991272 0.16065041224161783 0.007273411750793457 0.031364589267306855
0 0.42766618728637695 0.14220968352423774 0.008034181594848634 0.031283770667182076
1 0.45468921661376954 0.36589554680718317 0.10894198417663574 0.08213579389784072
0 0.35178227350115776 0.24300823211669922 0.014329536259174347 0.04760309855143229
0 0.40185976922512057 0.2948831770155165 0.016836649179458617 0.06069602966308594
0 0.41331792771816256 0.25453483793470594 0.012610727548599243 0.04990333980984158
0 0.37712542116642 0.21239566802978516 0.012377196550369262 0.04381230672200521
0 0.5217672884464264 0.1470122708214654 0.007450664043426513 0.02933710945977105
0 0.3991208612918854 0.23115800221761068 0.012958848476409912 0.045602035522460935
0 0.8128511428833007 0.43044603135850695 0.030855083465576173 0.0931640625
1 0.8262441754341125 0.5465998755560981 0.06500751972198486 0.11632741292317708
1 0.4473717451095581 0.4237778345743815 0.05573463439941406 0.07416581047905815
3 0.9533366084098815 0.5671877966986762 0.08943331241607666 0.27876722547743055
0 0.37658870220184326 0.29543609619140626 0.020573234558105467 0.07087459564208984
0 0.35503296852111815 0.29743855794270835 0.022423052787780763 0.07113410101996528
1 0.9373173594474793 0.6619017918904623 0.06038930416107178 0.0964456770155165
0 0.47106814980506895 0.17435434659322102 0.009059441089630128 0.036147424909803605
0 0.3287323254393414 0.3881220287746853 0.01597216962836683 0.06570574442545572
0 0.28084114789962766 0.32264889611138237 0.017189431190490722 0.04005758497450087
3 0.49060527682304383 0.10300338533189561 0.012238085269927979 0.02802696228027344
1 0.4517471671104431 0.3033916133145491 0.037167716026306155 0.025134355988767412
0 0.34413514509797094 0.2703920152452257 0.016928355395793914 0.04726901584201389
