3 0.5862484455108643 0.39769820902082653 0.07434539794921875 0.1809924708472358
0 0.7201152563095092 0.444773186577691 0.025152945518493654 0.09025310940212673
1 0.7188464164733886 0.6318328433566623 0.114630126953125 0.18881556193033855
1 0.6498053550720215 0.8974000718858507 0.16251144409179688 0.19737523396809895
0 0.39613147974014284 0.5289383782280817 0.028963851928710937 0.10773145887586806
1 0.4477109581232071 0.4332228342692057 0.05878559947013855 0.12747251722547742
0 0.6703141212463379 0.4112229029337565 0.02210836410522461 0.08681178622775608
0 0.33201117515563966 0.6184095170762803 0.027887845039367677 0.14826999240451388
0 0.4316832900047302 0.2543296708001031 0.01362299919128418 0.058682823181152345
0 0.6403239011764527 0.4222585890028212 0.02045140266418457 0.0883530510796441
0 0.3827823162078857 0.43854874504937064 0.02400054931640625 0.10986845228407117
0 0.2913407802581787 0.5482097625732422 0.02885754108428955 0.13477986653645832
0 0.20369460582733154 0.6309899224175347 0.03366047143936157 0.16153882344563802
1 0.45052221417427063 0.32268287870619033 0.045883023738861085 0.10039017995198568
0 0.33964277394115927 0.4100513034396701 0.023419954627752305 0.09546432495117188
0 0.8317930221557617 0.6990178426106771 0.037424755096435544 0.15266592237684462
0 0.6891882300376893 0.47490993075900606 0.023723196983337403 0.09501792060004341
0 0.3826925367116928 0.2508157094319661 0.01396060585975647 0.058365249633789064
0 0.35265388041734697 0.2638142161899143 0.014820799231529236 0.05948268042670356
0 0.9119234085083008 0.784775627983941 0.054888916015625 0.17331042819552953
0 0.23652976751327515 0.5407449298434788 0.02698018550872803 0.10059119330512153
0 0.39992195963859556 0.317990599738227 0.015115714073181153 0.07257609897189671
0 0.033814600110054015 0.3967942555745443 0.052143269777297975 0.08729621039496528
0 0.5490986704826355 0.24092946582370334 0.012802624702453613 0.05180221133761936
0 0.15879254341125487 0.8141971164279513 0.04047359228134155 0.19789047241210939
0 0.7571980953216553 0.4432830386691623 0.02609739303588867 0.10544747246636285
1 0.45914473533630373 0.8091072082519531 0.10083999633789062 0.2840425703260634
1 0.8870784759521484 0.9156702677408854 0.20803022384643555 0.16201612684461805
0 0.8530572891235352 0.593249766031901 0.03509368896484375 0.1273554907904731
0 0.7019437909126282 0.3817326439751519 0.01768991947174072 0.07923066880967881
0 0.411788335442543 0.25613061057196723 0.014170175790786744 0.05893183814154731
0 0.27242507934570315 0.4382729000515408 0.02522404193878174 0.10510194566514756
3 0.6355490684509277 0.8707317564222548 0.15969605445861818 0.25853648715549044
0 0.3200101375579834 0.8579358418782552 0.045607495307922366 0.2156129625108507
0 0.510087513923645 0.38257985644870335 0.02440047264099121 0.0803837882147895
0 0.6362337350845337 0.2532903565300835 0.013928842544555665 0.05144693586561415
0 0.3579100608825684 0.7244193183051215 0.03261973857879639 0.17892498440212673
2 0.41192212104797366 0.17188081741333008 0.03992326259613037 0.08913614484998915
0 0.3670027136802673 0.3338429133097331 0.01681783199310303 0.07070859273274739
0 0.19602683782577515 0.878125254313151 0.04427125453948975 0.2045350816514757
0 0.36487633138895037 0.23846269183688693 0.013501867651939392 0.053156640794542104
3 0.46257761418819426 0.7799130545722114 0.14664214253425598 0.3918872833251953
0 0.5644469261169434 0.21960679160224067 0.011159563064575195 0.046869256761338976
0 0.14234884977340698 0.6843198564317491 0.038603472709655764 0.17545191446940103
0 0.5319457530975342 0.22042883767022026 0.011479949951171875 0.047811232672797306
0 0.5899282455444336 0.22498961554633246 0.014580297470092773 0.046460130479600695
1 0.030946981720626356 0.4063803990681966 0.05386518277227879 0.06291177537706164
0 0.6051319003105163 0.2669428401523166 0.015208220481872559 0.05752730899386936
0 0.13296364545822142 0.3834637535942925 0.05313055515289307 0.08482049306233724
0 0.6436810493469238 0.30030366049872503 0.015702295303344726 0.05984533098008898
3 0.4629658341407776 0.19172974162631565 0.033114266395568845 0.10948108037312826
3 0.43941335678100585 0.14574590259128148 0.019895291328430174 0.054539426167805986
0 0.6234156250953674 0.37370032204522025 0.016526436805725096 0.07304893069797092
0 0.7921427726745606 0.5729749043782552 0.03224968910217285 0.1324673122829861
3 0.44918173253536225 0.3967095905707942 0.06933797001838685 0.2120382943087154
0 0.5420088291168212 0.20731527540418837 0.010398340225219727 0.042723125881618924
0 0.6202801942825318 0.31990203857421873 0.017897891998291015 0.0670755598280165
0 0.5719866752624512 0.3030573672718472 0.013656711578369141 0.02833695676591661
1 0.1338084638118744 0.3968155331081814 0.051847660541534425 0.05612932840983073
0 0.5617050528526306 0.1799046198527018 0.0089768648147583 0.034987089369032116
0 0.08971558213233947 0.9521455552842882 0.052880704402923584 0.09326214260525173
0 0.30604674816131594 0.3409772025214301 0.021461105346679686 0.08576647440592448
0 0.3900806218385696 0.18759817017449273 0.010793966054916383 0.04042196273803711
0 0.6548302412033081 0.32025121053059896 0.022112417221069335 0.060119713677300346
0 0.591027843952179 0.2931886778937446 0.0140608549118042 0.05239827897813585
0 0.5335810542106628 0.17105792893303765 0.009429478645324707 0.03684773974948459
0 0.596861457824707 0.24553985595703126 0.012577629089355469 0.04971194797092014
1 0.5459481954574585 0.1240673753950331 0.015968179702758788 0.02819530698988173
0 0.32574039734899995 0.32066144943237307 0.010855794697999955 0.06328161027696398
0 0.5782078742980957 0.25035800933837893 0.0131866455078125 0.05156114366319445
0 0.39643656015396117 0.20201407538519967 0.0067645788192749025 0.04193844265407986
0 0.27448559999465943 0.39902505874633787 0.013211464881896973 0.046544117397732204
2 0.6849073648452759 0.6271125051710341 0.06946182250976562 0.21295935312906902
0 0.6773743122816086 0.39106775919596354 0.01094922423362732 0.038720321655273435
0 0.6583007723093033 0.2732978820800781 0.0142422616481781 0.05095498826768663
0 0.6583465605974197 0.39490970770517986 0.012255054712295533 0.04088913069831
1 0.33841465776786206 0.40396645069122317 0.030589901097118854 0.10958365864223904
0 0.3311312010511756 0.35145251088672214 0.012140782549977303 0.040266341633266874
0 0.7232322216033935 0.39569737646314834 0.010898947715759277 0.037135707007514104
0 0.39403624534606935 0.28797195222642685 0.01175675392150879 0.05738260481092665
0 0.6712889820337296 0.37075119813283286 0.01008099913597107 0.03497259881761339
0 0.6461007699370385 0.36870445675320096 0.016195991635322572 0.06278224521213108
0 0.6311557114124298 0.3923513544930352 0.011594736576080322 0.03919085926479764
0 0.5260382056236267 0.393109138806661 0.01846754550933838 0.0598105165693495
2 0.8714157700538635 0.8999931547376845 0.20127909183502196 0.19884927537706162
0 0.31915955543518065 0.295725048912896 0.017037153244018555 0.046601125929090714
1 0.16153498888015747 0.7963419384426541 0.054442095756530764 0.15731213887532552
0 0.5495651841163636 0.14347480667961968 0.008505845069885254 0.027897633446587456
0 0.08219642043113709 0.36167789035373266 0.05072556734085083 0.08278018103705512
3 0.4108876705169678 0.17908560434977214 0.041878128051757814 0.0896636962890625
1 0.5043262362480163 0.09856256908840604 0.010079598426818848 0.01983848147922092
0 0.5003193020820618 0.30968874428007337 0.013978934288024903 0.04159971078236898
0 0.6629079431295395 0.3485243797302246 0.014216500520706176 0.05415414174397786
