0 0.6091325640678406 0.28160509533352324 0.016686606407165527 0.06501564449734158
1 0.5209921896457672 0.19810857243008084 0.02618306875228882 0.04221118291219075
0 0.2179331064224243 0.6615310668945312 0.06167141199111938 0.1409573025173611
0 0.8274581909179688 0.524960454305013 0.05764493942260742 0.10287068684895834
0 0.3610906109213829 0.3680985450744629 0.017989656329154967 0.08062945471869574
0 0.584521210193634 0.215108150906033 0.011765599250793457 0.046585464477539064
1 0.48745169639587405 0.3612311469184028 0.09266738891601563 0.08991305033365886
0 0.6077651977539062 0.6711367289225261 0.03896689414978027 0.16308004591200087
0 0.9564016342163086 0.8302461412217882 0.076910400390625 0.154425048828125
0 0.7401227474212646 0.40783157348632815 0.02761869430541992 0.09925524393717448
0 0.7654727935791016 0.5585506015353733 0.035232925415039064 0.1168357425265842
1 0.5715764164924622 0.30281440946790905 0.03964884281158447 0.07894450293646918
1 0.54159517288208 0.26190817091200086 0.036858129501342776 0.06665287017822266
0 0.5636896133422852 0.1771189530690511 0.009683036804199218 0.03938714133368598
0 0.30644042491912843 0.39419915941026473 0.0275543212890625 0.10263078477647569
0 0.7691495418548584 0.6719184027777778 0.04713287353515625 0.15269889831542968
1 0.5459545016288757 0.12406623628404405 0.017082524299621583 0.029222191704644098
0 0.409689736366272 0.30358257293701174 0.01666691303253174 0.06401167975531684
0 0.28961892127990724 0.3631106906467014 0.01971583366394043 0.05979521009657118
0 0.8862834930419922 0.7102736155192058 0.05913362503051758 0.1450211418999566
0 0.253989577293396 0.5598659091525607 0.08169255256652833 0.1258087158203125
0 0.5378890037536621 0.15743847423129612 0.007950448989868164 0.034946600596110024
0 0.11114972829818726 0.3584326426188151 0.050879836082458496 0.0766371832953559
1 0.4207842409610748 0.22682152854071724 0.03167704343795776 0.06735587649875217
1 0.6061738729476929 0.6704572359720866 0.05218038558959961 0.1504018359714084
1 0.5047482132911683 0.13902809884813097 0.01565098762512207 0.03151828977796767
0 0.43277055621147154 0.30129053327772354 0.016603243350982667 0.0650037129720052
0 0.5739751815795898 0.16470518642001683 0.009893369674682618 0.033915466732449
0 0.33111455477774143 0.3302726321750217 0.01889178976416588 0.06411387125651041
0 0.6578684389591217 0.2520477294921875 0.02006208896636963 0.054071002536349826
0 0.38191650807857513 0.3069726745287577 0.015297728776931762 0.03616757127973769
1 0.4662473380565643 0.14204096794128418 0.01874300241470337 0.035698286692301434
0 0.4384387254714966 0.15633147557576496 0.007922768592834473 0.03071049584282769
1 0.8849449872970581 0.7294875250922309 0.07478871345520019 0.12962765163845485
1 0.7719083070755005 0.6731023258633084 0.06328263282775878 0.13380692799886068
0 0.4161790758371353 0.18179389635721843 0.008505862951278687 0.03500212563408746
0 0.421641594171524 0.2754651069641113 0.0133142352104187 0.05056786007351345
1 0.8681673407554626 0.6220378875732422 0.06563293933868408 0.11073760986328125
1 0.44328293800354 0.1294236977895101 0.013189339637756347 0.027803770701090493
0 0.431123948097229 0.1862947146097819 0.009103751182556153 0.03551760779486762
0 0.4472292423248291 0.15441892941792806 0.007018947601318359 0.03268139097425673
0 0.867276382446289 0.6191778394911024 0.05509614944458008 0.11387757195366753
3 0.4663390278816223 0.13281591733296713 0.019423198699951173 0.05342827902899848
0 0.42754256129264834 0.157752964231703 0.00790499448776245 0.02953269746568468
0 0.43961685299873354 0.20255683263142904 0.010102283954620362 0.03969410790337457
0 0.4659537196159363 0.3035175323486328 0.018776559829711915 0.029257286919487847
0 0.5307364583015441 0.12829581366644965 0.0065296411514282225 0.024986033969455295
0 0.3505507245659828 0.3028118345472548 0.019412943720817567 0.05746659172905816
3 0.9623116254806519 0.605325444539388 0.07128682136535644 0.20456127590603299
3 0.6063648104667664 0.6521934297349717 0.05095918178558349 0.11783536275227864
0 0.8123835563659668 0.43167101542154945 0.0313112735748291 0.09516864352756077
0 0.484749436378479 0.29471256468031143 0.013498687744140625 0.054883215162489146
0 0.3928683757781982 0.2847245428297255 0.010726070404052735 0.04215123918321398
0 0.3969180822372437 0.2466302341885037 0.014107513427734374 0.048270225524902344
