1 0.5716721534729003 0.724691179063585 0.12687935829162597 0.22985805935329862
0 0.35470033884048463 0.390945922003852 0.01774609088897705 0.07573424445258246
1 0.3715901136398315 0.8306471082899306 0.13234467506408693 0.32892434861924913
0 0.5700823664665222 0.4648816638522678 0.03775198459625244 0.10459310743543837
1 0.647774875164032 0.39784698486328124 0.06572988033294677 0.0888045416937934
0 0.5902075409889221 0.31360136667887367 0.016287732124328613 0.06915897793240017
0 0.34629523754119873 0.5455092536078558 0.031217432022094725 0.1387881808810764
1 0.667570948600769 0.49947467380099825 0.07526669502258301 0.1568628946940104
0 0.4843581199645996 0.7334245469835069 0.03748297691345215 0.1793161180284288
0 0.28371394872665406 0.5261434025234646 0.02362082004547119 0.09390892452663846
1 0.5393883407115936 0.28948358959621856 0.0382787823677063 0.06943111419677735
0 0.5718303084373474 0.26921768188476564 0.013103127479553223 0.058419884575737845
0 0.643436598777771 0.31827964782714846 0.015104913711547851 0.06577962239583333
1 0.37035916149616244 0.32535134421454537 0.043633514642715455 0.08618958791097005
0 0.23529608249664308 0.5302086724175348 0.02636885643005371 0.09390428331163195
0 0.8293626785278321 0.660702641805013 0.03955488204956055 0.14698986477322049
0 0.6287454962730408 0.27887262768215604 0.014520716667175294 0.057471148173014325
0 0.8656036376953125 0.6263659583197699 0.03645925521850586 0.1389508565266927
0 0.5825867891311646 0.2006328264872233 0.010011816024780273 0.042832035488552515
0 0.5971073627471923 0.24037631352742514 0.012752437591552734 0.05332872602674696
1 0.4370585918426514 0.1458355320824517 0.019994020462036133 0.03574241002400716
0 0.6696751594543457 0.29738628599378797 0.015652561187744142 0.061795531378852
0 0.5388226985931397 0.42393728892008464 0.03190937042236328 0.093004396226671
0 0.5652402877807617 0.21860621770222982 0.010391950607299805 0.046880488925509986
0 0.5094961643218994 0.18200583457946778 0.00914454460144043 0.0394474983215332
3 0.43178386688232423 0.3514614741007487 0.08012785911560058 0.2126961178249783
0 0.578076958656311 0.24364928139580622 0.01111602783203125 0.051043934292263456
0 0.7871197700500489 0.5502159118652343 0.028722572326660156 0.12223014831542969
0 0.5257628917694092 0.1982861942715115 0.009578752517700195 0.0421711179945204
0 0.5426560878753662 0.9287516276041666 0.058589839935302736 0.13582755194769966
3 0.3893339725676924 0.8226826773749457 0.13644590927287936 0.3546346452501085
0 0.4198752284049988 0.2024235831366645 0.01010599136352539 0.042704942491319446
0 0.6191596865653992 0.2379592047797309 0.012480044364929199 0.047713216145833334
0 0.325231671333313 0.38094633950127493 0.017264461517333983 0.0738947762383355
0 0.5563343405723572 0.20643322202894424 0.009325051307678222 0.04234383900960286
0 0.5323397517204285 0.17680279943678115 0.008638358116149903 0.03671558168199327
0 0.29534746408462526 0.40422307650248207 0.014502263069152832 0.055056561364067926
0 0.22680191993713378 0.4516467624240451 0.024570345878601074 0.10044093661838108
2 0.6598878353834152 0.4651667700873481 0.09453545212745666 0.2299748314751519
0 0.7424908518791199 0.48105225563049314 0.026737666130065917 0.06818295584784614
0 0.5170447885990143 0.14244884914822048 0.006647956371307373 0.030617268880208333
0 0.7438222408294678 0.5550250159369574 0.0314976692199707 0.12870008680555556
0 0.3430349104106426 0.3105462286207411 0.013787950575351714 0.06258915795220268
0 0.3316699031740427 0.2794493463304308 0.016182976216077803 0.06273157331678603
1 0.5457075119018555 0.12474180327521431 0.016375017166137696 0.029073174794514975
0 0.5395395994186402 0.22444174024793836 0.011327314376831054 0.04477339850531684
1 0.7911577224731445 0.9403345743815105 0.14963078498840332 0.110107421875
2 0.5688070237636567 0.715490648481581 0.14723268747329712 0.2510905583699544
0 0.7737756729125976 0.488119633992513 0.03033280372619629 0.09289033677842883
0 0.5448409676551819 0.20138080384996201 0.010095524787902831 0.04242123497856988
0 0.25206432342529295 0.36773859659830727 0.026940083503723143 0.09116088019476996
0 0.30851452350616454 0.32412445280287 0.015673732757568358 0.05479140811496311
0 0.4983601450920105 0.2774963590833876 0.01428217887878418 0.057817840576171876
0 0.544990622997284 0.24420398076375324 0.011740565299987793 0.042219522264268665
0 0.48376659154891966 0.2736962848239475 0.014595341682434083 0.05778660244411892
1 0.40453290939331055 0.24752339257134331 0.030952978134155273 0.06380153232150608
0 0.8502848982810974 0.43719001346164277 0.02018606662750244 0.05047298007541233
3 0.4599803626537323 0.14758480389912923 0.029586875438690187 0.0653204705980089
0 0.2773545503616333 0.412042580710517 0.016420698165893553 0.05044126510620117
0 0.405158543586731 0.2052737659878201 0.009874510765075683 0.04044581519232856
0 0.8132353067398072 0.43346727159288195 0.024984455108642577 0.07550150553385417
0 0.5636892080307007 0.17740995089213055 0.00987415313720703 0.03628939522637261
3 0.4841402530670166 0.7276204639010959 0.04894058704376221 0.14928694831000433
3 0.84391770362854 0.6244731267293294 0.07826862335205079 0.16238661872016058
0 0.286215341091156 0.45820573170979817 0.01652791500091553 0.06309479607476129
2 0.36789838075637815 0.3274899403254191 0.03907573223114014 0.07720210287306044
0 0.42709546685218813 0.1620717896355523 0.006840240955352783 0.02956451839870877
1 0.8474985837936402 0.6210116068522136 0.07769389152526855 0.14959496392144098
0 0.4231183618307114 0.17232021225823296 0.008357483148574828 0.036180845896403
0 0.41536528766155245 0.16265198389689128 0.007934576272964478 0.03345699310302734
0 0.3212508797645569 0.30547448123494786 0.0075237035751342775 0.03155392822292116
0 0.5043678879737854 0.12374361356099446 0.006332039833068848 0.027428658803304036
0 0.31568561792373656 0.3595980485280355 0.008394789695739747 0.04705097410413954
3 0.36862210035324094 0.32715862856970895 0.038506484031677245 0.07653947936164009
