0 0.6674436569213867 0.4100503921508789 0.02442941665649414 0.09060037400987413
1 0.4829124927520752 0.39670287238227 0.0524632453918457 0.10601764255099827
0 0.7265558183193207 0.4413711971706814 0.0280741810798645 0.09229312472873263
0 0.5981028795242309 0.2698450724283854 0.017487382888793944 0.0589461432562934
0 0.30935503244400026 0.40232831107245554 0.024165654182434083 0.0948772218492296
0 0.2279723882675171 0.6965053982204861 0.03648085594177246 0.1702202690972222
0 0.3003343105316162 0.5061722649468317 0.02550811767578125 0.12673305935329862
0 0.5533479690551758 0.31195800569322374 0.031492757797241214 0.06870699988471138
0 0.8285110473632813 0.8704123602973091 0.05348119735717773 0.1989230685763889
0 0.2723105430603027 0.4727176666259766 0.024689435958862305 0.10264087253146702
3 0.39113192558288573 0.5049159579806858 0.129449200630188 0.3861302269829644
0 0.41098185777664187 0.2401131100124783 0.012934720516204834 0.055195914374457464
1 0.458087158203125 0.28634429507785375 0.03916468620300293 0.08094923231336805
0 0.3504005767405033 0.2724612447950575 0.014336834847927093 0.060329204135470924
3 0.5132366597652436 0.15495538711547852 0.027430784702301026 0.06567020416259765
0 0.27092623710632324 0.8742920769585504 0.04911293983459473 0.2150663587782118
0 0.2763397216796875 0.6390404595269097 0.03346531391143799 0.1424812740749783
0 0.22831392288208008 0.46545003255208334 0.02612602710723877 0.11498921712239583
3 0.45113561749458314 0.18710000779893662 0.032551586627960205 0.08069572448730469
0 0.5827041268348694 0.2791236559549967 0.013497424125671387 0.06372848086886936
0 0.35993658304214476 0.3322249094645182 0.021663308143615723 0.07458877563476562
0 0.18507306575775145 0.551752217610677 0.029218614101409912 0.14401842753092448
0 0.41141633689403534 0.1935317940182156 0.010713297128677367 0.04277293947007921
0 0.39521667659282683 0.20270635816786026 0.01116892695426941 0.046236080593532985
1 0.0865328073501587 0.601656256781684 0.14780733585357667 0.18196512858072916
0 0.6691824704408645 0.2980335553487142 0.0194168746471405 0.0652769512600369
0 0.41857910752296446 0.1646680408053928 0.008360826969146728 0.034530554877387154
0 0.36895380169153214 0.25542802810668946 0.013166603446006776 0.049302228291829425
3 0.4604638397693634 0.1263477749294705 0.02107592821121216 0.06019558376736111
0 0.22171313762664796 0.5941541883680556 0.03288722038269043 0.14108140733506944
1 0.5456527590751648 0.12405053244696723 0.01695683002471924 0.028674274020724828
0 0.09774174094200135 0.369677734375 0.0572224497795105 0.0817037582397461
0 0.2597050666809082 0.7406358506944445 0.04344596862792969 0.1663241916232639
3 0.3747585415840149 0.37381410565641193 0.05048291683197022 0.16850903895166186
3 0.08585275541990996 0.5427400165134006 0.1654123280197382 0.31677987840440536
0 0.43102419972419737 0.15432077513800727 0.00698782205581665 0.029917897118462457
0 0.4763173282146454 0.2656299697028266 0.014901983737945556 0.06014838748508029
1 0.6253122194670141 0.9605582343207465 0.0494343550875783 0.07888353135850694
3 0.4615656852722168 0.8451485527886284 0.11845793724060058 0.307704586452908
3 0.48459044098854065 0.38477781746122575 0.06058553457260132 0.12523030969831678
0 0.2768962264060974 0.3113127064787679 0.01027209758758545 0.043161420275767644
0 0.27103768587112426 0.5552465968661838 0.029724431037902833 0.07423534393310546
0 0.4142316937446594 0.14279469384087456 0.007455837726593017 0.0291148927476671
0 0.811523574590683 0.4181624518500434 0.027427923679351807 0.07684733072916666
0 0.6379372641444206 0.22729043960571288 0.014932116866111756 0.0440203136867947
