2 0.42741681039333346 0.24801249504089357 0.09323998093605042 0.24950308269924587
0 0.5930643320083618 0.24302082061767577 0.02995128631591797 0.07760484483506945
0 0.33380186511203647 0.2976531982421875 0.02520135138183832 0.06474537319607204
3 0.142984014749527 0.7643950992160373 0.09023841619491577 0.20536151462131078
0 0.3549617648124695 0.2351835250854492 0.023552346229553222 0.06889656914605034
3 0.045891077537089583 0.7529375712076823 0.08878696914762259 0.21581149631076388
0 0.04610626995563507 0.746539052327474 0.0799264132976532 0.19922281901041666
0 0.14453988075256347 0.7624276055230035 0.08345125913619995 0.2142152150472005
0 0.37828333824872973 0.2202396074930827 0.01898997128009796 0.05457371605767144
0 0.3645592346787453 0.2958029217190213 0.031334003806114195 0.06988644070095486
0 0.5584876656532287 0.12462746832105849 0.01440136432647705 0.03209142684936524
3 0.42188034653663636 0.3311336914698283 0.05380803346633911 0.0844896051618788
0 0.6173907399177552 0.17471122211880155 0.015468096733093262 0.043694527943929036
3 0.49449085593223574 0.24622831874423556 0.08619390726089478 0.23372447755601672
