0 0.7124948501586914 0.5430526309543185 0.06710410118103027 0.10711169772677952
0 0.4369236946105957 0.4354045867919922 0.05531668663024902 0.08910861545138889
0 0.6360105037689209 0.4499745686848958 0.06283903121948242 0.08922750684950087
0 0.6903567522764206 0.3906903054979112 0.036734873056411745 0.08378772735595703
0 0.19639670848846436 0.6576933119032118 0.08302866220474243 0.1151604970296224
0 0.5675227999687195 0.2947494930691189 0.017012858390808107 0.06608407762315538
0 0.44264256954193115 0.2528217845492893 0.013426613807678223 0.059403716193305124
0 0.8842117309570312 0.5497262742784288 0.06272048950195312 0.10839640299479167
0 0.02718455493450165 0.4392640007866753 0.0543691098690033 0.0916015625
0 0.49429616928100584 0.4602457682291667 0.06420555114746093 0.08873744540744358
0 0.5521942138671875 0.9072277492947048 0.056505870819091794 0.17640965779622395
0 0.4570783793926239 0.23109333250257705 0.011810457706451416 0.052529419793023
0 0.3183643460273743 0.3058135986328125 0.017727971076965332 0.06754277547200521
0 0.4653861105442047 0.35986576080322263 0.030137789249420167 0.07971755133734809
0 0.3822404831647873 0.3079659673902724 0.018643504381179808 0.03815415700276693
0 0.41605285108089446 0.286219851175944 0.016001206636428834 0.06748373243543837
0 0.533933448791504 0.41909232669406465 0.024965524673461914 0.0956428951687283
0 0.657220983505249 0.7216693454318577 0.04300203323364258 0.1618058098687066
0 0.4351793467998505 0.2084553082784017 0.010139524936676025 0.04348905351426866
0 0.5512018442153931 0.3522665129767524 0.019942235946655274 0.07270399729410808
0 0.2927858352661133 0.35059120390150283 0.028037405014038085 0.06925267113579645
0 0.5308626413345336 0.3140139579772949 0.020460033416748048 0.07240106794569227
0 0.7593605041503906 0.5167600843641493 0.0502072811126709 0.10297423468695746
0 0.3832442879676819 0.39672140545315215 0.032112622261047365 0.08856690724690755
0 0.30404133796691896 0.49668629964192706 0.06129543781280518 0.10176243252224393
0 0.41528106331825254 0.22281662623087564 0.013915002346038818 0.04810949961344401
0 0.37277570813894273 0.23200468487209744 0.013230255246162415 0.0477405760023329
1 0.5460772275924682 0.12394878599378797 0.017411565780639647 0.029464742872450086
0 0.27079246044158933 0.38601180712382 0.02203984260559082 0.046079688602023654
0 0.451088011264801 0.16855424245198566 0.009077858924865723 0.03513336181640625
0 0.5495739340782165 0.1620440536075168 0.009139609336853028 0.03496349122789171
1 0.038975927513092756 0.5775922139485677 0.0741846377030015 0.12722320556640626
0 0.4341020405292511 0.16676342222425672 0.00814429521560669 0.035792096455891924
1 0.16450403928756713 0.39651578267415366 0.12737061977386474 0.09090991550021701
0 0.8018850326538086 0.45802103678385414 0.04504585266113281 0.0947593265109592
1 0.6363222272135317 0.4615912013583713 0.06760180573910475 0.07753929562038846
0 0.11588876247406006 0.6245642768012153 0.09235615730285644 0.12694545321994358
0 0.03832612633705139 0.6827054341634115 0.07665225267410278 0.11044807434082031
0 0.35655502378940584 0.2974437501695421 0.022096025943756103 0.06407763163248698
0 0.40343748927116396 0.2073330455356174 0.010741984844207764 0.04106146494547526
0 0.657065498828888 0.25290167066786023 0.026123642921447754 0.05140902201334636
1 0.49448111057281496 0.46138252152336967 0.06620769500732422 0.09455380969577365
0 0.5219489216804505 0.1466060373518202 0.007285284996032715 0.0316590944925944
0 0.31888370513916015 0.6140651279025607 0.08789889812469483 0.12759263780381944
0 0.3998241603374481 0.2348313331604004 0.012804770469665527 0.04925077226426866
0 0.605763566493988 0.425789753595988 0.04159934520721435 0.07206674151950412
0 0.2698977589607239 0.4264294995201959 0.029738402366638182 0.06494122611151801
0 0.5328041911125183 0.13815397686428493 0.007091212272644043 0.02882325914171007
0 0.45614464282989503 0.14270639949374728 0.006495761871337891 0.02780803044637044
0 0.19313793182373046 0.5362826877170139 0.05476722717285156 0.10617133246527778
0 0.847058117389679 0.48895930184258357 0.02590343952178955 0.06118407779269748
0 0.407816943526268 0.2705556763543023 0.013253635168075562 0.054096455044216576
0 0.3493874378502369 0.24939067628648545 0.014472047984600066 0.050069533454047306
2 0.9347370743751526 0.6989037301805284 0.090820574760437 0.22934335072835285
3 0.5496925175189972 0.9022080103556315 0.0788159728050232 0.19222145080566405
0 0.49925847053527833 0.29598405626085067 0.01770029067993164 0.07440094417995877
3 0.5022395133972168 0.14410719871520997 0.017641758918762206 0.043450514475504555
0 0.3292952999472618 0.505128616756863 0.01796559989452362 0.069686402214898
0 0.8525418519973755 0.4375565316942003 0.026355600357055663 0.051578712463378903
2 0.18238033056259156 0.38870630264282224 0.09960119724273682 0.09469517601860894
1 0.4651071786880493 0.11214359601338704 0.014755582809448243 0.02942414813571506
0 0.3726086139678955 0.28366701338026257 0.018744611740112306 0.06905716790093316
0 0.9381488800048828 0.7497228834364149 0.05892477035522461 0.13500230577256944
0 0.6216849446296692 0.3849086867438422 0.021489167213439943 0.07571163177490234
0 0.7819697380065918 0.928745354546441 0.04055275917053223 0.14240044487847223
0 0.1789265275001526 0.6126058472527398 0.04094018936157227 0.07108804914686415
0 0.7141629457473755 0.3521504627333747 0.012299108505249023 0.052424428198072644
0 0.22121450901031495 0.6001835293240018 0.03630914688110352 0.07236637539333768
3 0.9326425909996032 0.6992654164632162 0.08695323467254638 0.23425530327690972
0 0.6432931810617447 0.42323072221544056 0.021532124280929564 0.05999785529242622
1 0.4357915073633194 0.43916141192118324 0.05859922766685486 0.09471807479858399
0 0.40569168627262114 0.4081688404083252 0.020140868425369263 0.0497126579284668
0 0.7090311527252198 0.5134910689459906 0.022562694549560548 0.060623147752549914
0 0.27371964454650877 0.30801948971218535 0.019504594802856445 0.054703776041666666
1 0.9367988586425782 0.6492840237087674 0.08900599479675293 0.12155363294813368
1 0.30364460945129396 0.49846856858995225 0.06224136352539063 0.11075820922851562
