2 0.8219120025634765 0.6762033038669162 0.34304099082946776 0.6475933922661675
0 0.17397902011871338 0.6782957288953994 0.07086691856384278 0.17717874315049914
1 0.39153132438659666 0.5569182501898872 0.08452825546264649 0.18598564995659722
1 0.23340380191802979 0.8802632649739583 0.21618685722351075 0.23863008287217882
0 0.3421980500221252 0.3535967720879449 0.03859283924102783 0.08944757249620226
0 0.30603005886077883 0.3103965123494466 0.028612709045410155 0.07475641038682726
1 0.17573602199554444 0.6756181399027507 0.07972087860107421 0.19302751753065323
0 0.3528043866157532 0.28058540556165906 0.03077056407928467 0.06561450958251953
0 0.5632960557937622 0.17524480289883085 0.013716936111450195 0.04362024731106228
0 0.5864073753356933 0.1820591555701362 0.013991498947143554 0.036118539174397786
0 0.6565057277679444 0.27013473510742186 0.026164722442626954 0.06036201053195529
0 0.6542780071496963 0.479240353902181 0.02124987244606018 0.047378751966688365
3 0.17494800090789794 0.6734277407328287 0.07800674438476562 0.18630610571967232
0 0.2674166202545166 0.6151074727376302 0.04500267505645752 0.16265881856282552
0 0.47417925000190736 0.19904284477233886 0.013725721836090088 0.04608286751641168
0 0.07721827030181885 0.3981082068549262 0.05850852131843567 0.0683270772298177
0 0.5568510532379151 0.1458331796858046 0.010350227355957031 0.03339556588066949
0 0.5867912888526916 0.15328977902730306 0.014864706993103027 0.03648013008965386
1 0.2310263395309448 0.5704871813456217 0.050652265548706055 0.15063262515597872
0 0.3567440152168274 0.229435306125217 0.02521122694015503 0.05186025831434462
0 0.2352524995803833 0.5978828536139594 0.03555364608764648 0.09869721730550131
3 0.369094181060791 0.5649110370212131 0.05911097526550293 0.2316491444905599
0 0.6411885738372802 0.2213834762573242 0.02042112350463867 0.05381304423014323
0 0.3207347869873047 0.24983607398139107 0.01685786247253418 0.05139270358615451
0 0.39693685472011564 0.1530841138627794 0.01328532099723816 0.03713045120239258
