1 0.4369494944810867 0.3080322265625 0.05233628153800964 0.13483530680338543
0 0.5812759399414062 0.46494920518663196 0.04110846519470215 0.11010899013943143
0 0.3822512090206146 0.28297186957465276 0.025145745277404784 0.07763324313693576
1 0.23896327018737792 0.6415938483344183 0.14224622249603272 0.3248428768581814
0 0.12920095920562744 0.7231838650173611 0.05141042470932007 0.18054508633083768
0 0.3119737386703491 0.31613327662150065 0.03108530044555664 0.0796460681491428
0 0.5101051986217499 0.1840192159016927 0.011435091495513916 0.041278076171875
1 0.37110923528671264 0.2835958374871148 0.054593014717102054 0.10681786007351346
0 0.3460097245872021 0.3016852484809028 0.017099137604236602 0.06801897684733073
0 0.5559522151947022 0.14252636697557236 0.010231208801269532 0.027376461029052734
1 0.5826667904853821 0.46656375461154515 0.04961793422698975 0.1264051225450304
0 0.3661115974187851 0.22570757336086697 0.01702548861503601 0.0502002927992079
0 0.4295261800289154 0.17006360159979927 0.01405583620071411 0.03584762149386936
0 0.5215412497520446 0.2053261227077908 0.011591553688049316 0.036481221516927086
3 0.22767215371131896 0.5631157133314345 0.13527344465255736 0.2322668711344401
0 0.4438763499259949 0.16505736774868435 0.012205195426940919 0.03986762364705403
0 0.07662694454193116 0.395148934258355 0.05562121272087097 0.07468643188476562
