3 0.7474953174591065 0.5722994486490885 0.14538373947143554 0.27323248121473526
0 0.07346931695938111 0.5246544731987848 0.043522804975509644 0.11731385125054253
0 0.25341191291809084 0.7206718444824218 0.0441857099533081 0.16955973307291666
1 0.46211479902267455 0.17294143040974935 0.021457314491271973 0.03867206573486328
1 0.602961254119873 0.9009450276692709 0.18689899444580077 0.1827078077528212
0 0.8779130935668945 0.8991685655381945 0.04861574172973633 0.18307537502712673
0 0.34622294902801515 0.3807106124030219 0.023419189453125 0.08420204586452908
1 0.575816023349762 0.3619637383355035 0.06520559787750244 0.13029488457573785
0 0.47348825335502626 0.2554637697007921 0.012756121158599854 0.05872442457411024
0 0.3045498847961426 0.3897594134012858 0.023991489410400392 0.08599842919243707
1 0.4606900453567505 0.4847126219007704 0.07521553039550781 0.16715028550889757
1 0.1551443099975586 0.4642055511474609 0.13629598617553712 0.11800138685438367
0 0.6326803758740425 0.3167071978251139 0.01741224229335785 0.07060239579942491
0 0.5769299983978271 0.2702473640441895 0.015154314041137696 0.05735785166422526
0 0.8682384490966797 0.6674838595920138 0.04419126510620117 0.14293212890625
0 0.41537309288978574 0.2127150429619683 0.011072385311126708 0.04449933369954427
0 0.6068544149398803 0.21921957863701713 0.0113372802734375 0.04503065745035807
0 0.3549943186342716 0.45832237667507597 0.031188838183879852 0.09961056179470486
2 0.5748689889907836 0.36358605987495846 0.07392120361328125 0.14546573493215773
0 0.656959593296051 0.45028702947828503 0.02494547367095947 0.08489592870076497
0 0.5137898087501526 0.20817554261949328 0.011025500297546387 0.04673014746771918
0 0.8410667419433594 0.5960643768310547 0.03391685485839844 0.13006795247395833
0 0.392579984664917 0.24216508865356445 0.013436508178710938 0.051380390591091576
0 0.9008603096008301 0.5910191006130643 0.030133438110351563 0.1297393798828125
0 0.3789283990859985 0.18971981472439237 0.012889719009399414 0.047706349690755205
0 0.6357533633708954 0.2542995982699924 0.012985509634017945 0.05303304460313585
0 0.43226454854011537 0.33307998445298936 0.0156610369682312 0.07801439497205946
0 0.5519908785820007 0.16953725814819337 0.009024643898010254 0.036193868849012586
0 0.2952669858932495 0.4748410966661241 0.026016378402709962 0.12100567287868924
0 0.3210263967514038 0.5014988581339518 0.028031253814697267 0.09562611050075955
0 0.08359628319740295 0.36396213107638886 0.05302985906600952 0.078759765625
0 0.5776524424552918 0.22836089664035372 0.011868643760681152 0.04853108723958333
0 0.5636123776435852 0.234068849351671 0.013033652305603027 0.049546898735894095
0 0.4328286051750183 0.17965878380669487 0.009652447700500489 0.03667187160915798
0 0.40925215780735014 0.1685305807325575 0.009705477952957153 0.03645644717746311
0 0.6467682361602783 0.3777933226691352 0.022207021713256836 0.07685396406385633
1 0.4654777109622955 0.12565641933017307 0.01355992555618286 0.027012581295437283
0 0.39656417071819305 0.2128854857550727 0.011217230558395385 0.04381881290011936
0 0.5955312252044678 0.21899728775024413 0.011287927627563477 0.04685688018798828
0 0.42037993371486665 0.1887847582499186 0.008747225999832154 0.03575810326470269
2 0.5246276140213013 0.15237171914842393 0.030770111083984374 0.07859459982977973
1 0.5461994051933289 0.1237645149230957 0.015705275535583495 0.02811410692003038
0 0.43986338973045347 0.14181598557366265 0.006663763523101806 0.027009508344862196
2 0.15217829942703248 0.4453276104397244 0.1399090051651001 0.15922762552897135
0 0.5581325650215149 0.14477856424119737 0.007886719703674317 0.029649745093451606
3 0.5918643355369568 0.8733812967936198 0.19385225772857667 0.2528535630967882
1 0.6501609444618225 0.37406840589311385 0.037643253803253174 0.08194065623813206
0 0.6675894916057586 0.32774776882595485 0.01968550682067871 0.06557498508029513
0 0.7598308563232422 0.868471188015408 0.04517669677734375 0.17700720893012153
0 0.6606352686882019 0.375700667169359 0.018441605567932128 0.053998306062486436
2 0.5992700159549713 0.8739434348212348 0.2082781672477722 0.2514650556776259
0 0.45299647450447084 0.1377034452226427 0.0063642382621765135 0.02594183815850152
3 0.5246086776256561 0.15282101101345485 0.03091369867324829 0.07837706671820746
0 0.5667140364646912 0.20605501598782008 0.015373730659484863 0.03884402381049262
1 0.49356685280799867 0.12455476654900445 0.013388168811798096 0.030500719282362195
0 0.6742376744747162 0.3064248688519001 0.011425530910491944 0.031253995994726815
2 0.689216959476471 0.5574286354912652 0.05687878131866455 0.25117886861165367
0 0.6279504880309105 0.28400722079806856 0.015105685591697693 0.046612252129448785
0 0.7393923759460449 0.3624616410997179 0.026054525375366212 0.0881755616929796
0 0.18113629817962645 0.348370615641276 0.03731231689453125 0.07472434573703342
3 0.9607219934463501 0.6002215491400824 0.07446346282958985 0.21517308553059897
0 0.7170845031738281 0.8910607231987847 0.052544164657592776 0.15935355292426215
