0 0.579241955280304 0.1600710497962104 0.011757493019104004 0.03874144024319119
0 0.3582643374800682 0.21955518722534179 0.020630219578742982 0.06417200300428602
1 0.601715874671936 0.37658631006876625 0.068414306640625 0.11313232845730252
0 0.6041758683102672 0.16635398864746093 0.00817868922604248 0.035491265190972225
1 0.0763732522726059 0.39463850657145183 0.059217602014541626 0.1068458980984158
0 0.5677631735801697 0.14552644623650446 0.010509896278381347 0.03275359471638997
0 0.6481086373329162 0.2575055758158366 0.03252542018890381 0.07901901668972439
0 0.4278968244791031 0.17762475543551975 0.015505403280258179 0.049542342291937935
0 0.4089926451444626 0.1494738048977322 0.01076614260673523 0.03584793938530816
0 0.3940953493118286 0.1751279248131646 0.012385308742523193 0.04369777043660482
