1 0.5659642577171325 0.2980778800116645 0.05195119380950928 0.09478903876410591
1 0.6168888092041016 0.5210185156928169 0.1084747314453125 0.19132122463650172
1 0.8853212714195251 0.6443197568257649 0.06261546611785888 0.15541456010606552
0 0.884644603729248 0.6405680338541667 0.05094223022460938 0.152874755859375
0 0.6279149532318116 0.2219981935289171 0.017782878875732423 0.05406553480360243
0 0.7536251068115234 0.4172481960720486 0.0323453426361084 0.09484897189670138
0 0.6486787557601928 0.3041185802883572 0.023242092132568358 0.07100168863932292
0 0.6509633108973503 0.24952027002970378 0.02116617262363434 0.05324543846978082
0 0.6702678978443146 0.2516139242384169 0.01507413387298584 0.04947736528184679
1 0.5733098745346069 0.37463742362128366 0.07980504035949706 0.1714970694647895
0 0.5967528700828553 0.16606499354044596 0.013245177268981934 0.029919539557562935
0 0.07747244834899902 0.4018895043267144 0.06291037201881408 0.09964836968315972
0 0.6966760993003845 0.31792275110880536 0.022288298606872557 0.08089474572075737
2 0.5737702250480652 0.3739819261762831 0.07890875339508056 0.1701860745747884
0 0.6040820956230164 0.22346020804511177 0.0138596773147583 0.045261107550726994
0 0.6011980652809144 0.190286742316352 0.012153935432434083 0.03475138346354167
1 0.087132428586483 0.40279883278740775 0.07953424751758575 0.12048621707492405
2 0.6142470002174377 0.5184254169464111 0.13022735118865966 0.21561108695136177
