0 0.6277222491800785 0.34511377546522354 0.021683184802532195 0.07978680928548178
0 0.3820960074663162 0.35714959038628474 0.017795222997665405 0.08034913804796007
0 0.44895038604736326 0.5367632548014323 0.0727616786956787 0.11260748969184028
1 0.5135058701038361 0.1438104576534695 0.02038034200668335 0.0316868782043457
0 0.41319550275802613 0.3689995659722222 0.021296477317810057 0.08395368787977431
0 0.39144993126392363 0.3016265763176812 0.016907840967178345 0.06253808339436849
0 0.3221188306808472 0.43664480845133463 0.024978017807006835 0.0870733896891276
1 0.545848548412323 0.19610042572021485 0.024952912330627443 0.04001664055718316
1 0.5690737843513489 0.3194979561699761 0.049638009071350096 0.07775374518500434
1 0.5317030489444733 0.2382856051127116 0.03664296865463257 0.06338587866889106
0 0.728113317489624 0.521295632256402 0.03226423263549805 0.12637218899197047
0 0.28653788566589355 0.364939202202691 0.02609405517578125 0.09152952829996745
0 0.8564743995666504 0.6353030734592013 0.05778636932373047 0.12413147820366753
1 0.44408578872680665 0.2711469438340929 0.03890495300292969 0.0759262720743815
0 0.3551293611526489 0.3388466305202908 0.015963125228881835 0.06642820570203993
0 0.5125204563140869 0.36919420030381944 0.031837081909179686 0.08820474412706163
0 0.5446021080017089 0.14432161119249132 0.00808544158935547 0.03162367078993056
1 0.39974393844604494 0.24764522976345485 0.03675822019577026 0.08026602003309462
0 0.32361502647399903 0.3593302938673231 0.022519731521606447 0.06109862857394748
0 0.5215657234191895 0.3295927153693305 0.017802000045776367 0.06093150244818794
0 0.896426010131836 0.7256512112087674 0.06140680313110351 0.14777942233615451
0 0.33014026801101864 0.3026666323343913 0.017632319126278162 0.051445494757758246
0 0.3644296988844872 0.29702927271525065 0.014050450921058655 0.06263989342583551
0 0.34411556720733644 0.3241131040785048 0.014287853240966797 0.05479274325900608
0 0.49831655621528625 0.30303997463650173 0.020461785793304443 0.062067879570855036
0 0.8876945495605468 0.6102672576904297 0.04035005569458008 0.11684392293294271
3 0.45630158185958863 0.21342019504970974 0.04714081287384033 0.1569462564256456
3 0.4179059356451035 0.19047644403245714 0.029342061281204222 0.07788292566935222
1 0.41737731695175173 0.19980207019382054 0.02826414108276367 0.06071821848551432
0 0.3276310235261917 0.26446703804863825 0.014637047052383423 0.054796494377983944
0 0.31060186624526975 0.33674122757381864 0.012695002555847167 0.04581459363301595
0 0.38327912986278534 0.21134732564290365 0.011129063367843629 0.046355650160047744
0 0.4002817451953888 0.18807065751817492 0.009926271438598634 0.03922131856282552
0 0.8138452768325806 0.441108406914605 0.025322580337524415 0.0668200174967448
0 0.310327422618866 0.30388650894165037 0.016832900047302247 0.05156141916910807
0 0.43211632370948794 0.16415072547064888 0.008519089221954346 0.031891250610351564
1 0.4459331303834915 0.5376255141364203 0.0759527862071991 0.10505797068277994
0 0.6255672454833985 0.21099588606092665 0.022225236892700194 0.039722315470377606
0 0.3247399806976318 0.39158494737413196 0.013134527206420898 0.04122712877061632
0 0.3840677171945572 0.26886541578504775 0.012938588857650757 0.0530830807156033
2 0.41801258027553556 0.19101258913675945 0.030288225412368773 0.07908461888631185
0 0.40500946044921876 0.15613763597276475 0.009100902080535888 0.03452021280924479
0 0.4204246997833252 0.14035070737202962 0.00814509391784668 0.026853296491834853
0 0.3899246364831924 0.1828256607055664 0.010212582349777222 0.03892224629720052
