2 0.615952444076538 0.23362666765848797 0.08673677444458008 0.18355877134535048
1 0.6440167903900147 0.8669839647081163 0.15720186233520508 0.2631686740451389
0 0.5544012069702149 0.4886033376057943 0.04468231201171875 0.12822494506835938
0 0.7106115013360977 0.3365610016716851 0.031368988752365115 0.08148377736409505
3 0.3931370496749878 0.48260565863715277 0.11332411766052246 0.2860238817003038
0 0.9263457298278809 0.7084735446506076 0.0660003662109375 0.17543644375271267
0 0.3630908250808716 0.23973887761433918 0.028654348850250245 0.053118663363986546
0 0.0758238434791565 0.4060651991102431 0.0568955659866333 0.08507741292317708
0 0.39191742837429044 0.17595855394999185 0.015658503770828246 0.0460047721862793
2 0.5557247519493103 0.49862783749898276 0.05147073268890381 0.1500314818488227
1 0.5563671469688416 0.4972919676038954 0.053749251365661624 0.15363536410861545
3 0.636510682106018 0.8414784537421333 0.16760363578796386 0.3170430925157335
0 0.2896531581878662 0.3152859369913737 0.022176218032836915 0.06710811191134983
