0 0.08842486739158631 0.6168652852376302 0.06367799043655395 0.15414271884494357
1 0.08689237236976624 0.6140835867987738 0.08214350938796997 0.1777215321858724
0 0.3171976089477539 0.4607028113471137 0.043212890625 0.1181304931640625
0 0.07581896781921386 0.3954925113254123 0.05789528489112854 0.07990326351589627
0 0.36588881611824037 0.3496687995062934 0.028583478927612305 0.07792714436848959
0 0.5982937216758728 0.18896136813693576 0.015573430061340331 0.039296595255533855
0 0.2466352939605713 0.48164058261447484 0.04206883907318115 0.11246024237738715
0 0.6014172315597535 0.16223794089423285 0.013864231109619141 0.03436260223388672
0 0.37927915155887604 0.29220736821492516 0.02048785090446472 0.05886664920383029
0 0.29851641654968264 0.29810958438449436 0.025883030891418458 0.07291170756022135
0 0.33418207596987487 0.2527612156338162 0.024609896913170816 0.06682838863796658
0 0.33559198849834504 0.3217287275526259 0.028311344515532254 0.07713241577148437
1 0.31400748491287234 0.4645609749688043 0.052416300773620604 0.12903946770562066
0 0.36958142518997195 0.41137766308254664 0.026978468894958495 0.06173233456081814
0 0.5732277512550354 0.14460086292690702 0.011689972877502442 0.033323976728651256
0 0.3350852459669113 0.3939219898647732 0.02954549193382263 0.08406959109836154
0 0.39437565207481384 0.1966359297434489 0.01441187858581543 0.04780446158515082
0 0.3655703440308571 0.2456605487399631 0.019865939021110536 0.05110965304904514
1 0.4672470688819885 0.3451570126745436 0.021657299995422364 0.03974306583404541
0 0.41979126036167147 0.13889357248942058 0.008500117063522338 0.03233913845486111
0 0.28447580337524414 0.35401075151231554 0.023142242431640626 0.08378757900661893
0 0.4034730702638626 0.23462972640991211 0.01765177845954895 0.062029626634385854
0 0.3808413952589035 0.24553798039754232 0.01511576771736145 0.04567881690131293
0 0.38195620477199554 0.2089257664150662 0.012516528367996216 0.039485401577419706
0 0.44711691737174986 0.19605438444349502 0.012794315814971924 0.03927572038438585
0 0.5790971994400025 0.1705074151357015 0.013889551162719727 0.04116947385999892
