1 0.7605269193649292 0.6547578175862631 0.0795973777770996 0.1780125935872396
1 0.35040786266326907 0.6200421651204427 0.10319075584411622 0.22959713406032986
0 0.15772860050201415 0.6058671739366319 0.06304155588150025 0.14300333658854167
0 0.759661865234375 0.6566747877332899 0.07099814414978027 0.16488766140407987
0 0.7085420399904251 0.35814769532945423 0.032243722677230836 0.086447630988227
1 0.16070656776428222 0.6024877972073025 0.07649796009063721 0.16104562547471787
0 0.23764424324035643 0.3977263980441623 0.03402106761932373 0.08198445638020833
0 0.3392815351486206 0.3777656131320529 0.037317419052124025 0.09947840372721355
3 0.2809959888458252 0.41029765870836044 0.10719070434570313 0.24281753963894315
3 0.34588260650634767 0.602208858066135 0.10823478698730468 0.21780450608995225
0 0.6080128073692321 0.21261025534735786 0.012973332405090332 0.04144518110487196
0 0.25998313426971437 0.47643377516004776 0.04282059669494629 0.11181869506835937
0 0.5935964345932007 0.2178428437974718 0.01427164077758789 0.046330303615993926
0 0.42365547716617585 0.1407666736178928 0.009062045812606811 0.03277859157986111
0 0.07608585357666016 0.3994166904025608 0.05676445960998535 0.07103241814507379
0 0.35856162309646605 0.24846892886691624 0.016383761167526247 0.05365939670138889
0 0.39198434352874756 0.18649600876702202 0.016031312942504882 0.047707123226589626
1 0.25848023891448973 0.4762341605292426 0.04944934844970703 0.11947797139485677
0 0.32934199571609496 0.2635840204026964 0.020582175254821776 0.05163377126057943
0 0.6507347226142883 0.25381719801161023 0.029163002967834473 0.07026240030924479
0 0.352964548766613 0.1759128835466173 0.024041888117790223 0.04637992646959093
0 0.4571125864982605 0.32792709536022613 0.01317160129547119 0.03485395908355713
1 0.4116428256034851 0.21216095288594564 0.04278848171234131 0.08238471349080403
0 0.3526704326272011 0.2201314926147461 0.021818748116493224 0.055485577053493926
0 0.5672351241111755 0.1524611790974935 0.010233664512634277 0.02773431142171224
