1 0.5490188479423523 0.5536350038316514 0.11111838817596435 0.16179627312554254
0 0.8248259544372558 0.6087783813476563 0.0368499755859375 0.1435394287109375
0 0.3035863399505615 0.35228693220350477 0.022707128524780275 0.08800663418240018
3 0.5599826693534851 0.30422886742485894 0.061234354972839355 0.1503226810031467
0 0.6734012603759766 0.33429364098442926 0.01695566177368164 0.06699968973795573
0 0.8945207595825195 0.6859525892469618 0.043329906463623044 0.15126753913031685
1 0.7159294128417969 0.7504289415147569 0.11795845031738281 0.2160626729329427
0 0.6289893746376037 0.33124892976548936 0.017556071281433105 0.06858200497097439
0 0.6718570590019226 0.48504064348008896 0.028208327293395997 0.11029786003960504
0 0.9360685348510742 0.9098969353569879 0.07154817581176758 0.17284054226345485
0 0.35663405656814573 0.40539050632052953 0.028681015968322753 0.09887000189887153
1 0.40221249163150785 0.2547874238755968 0.03325245976448059 0.06395335727267795
0 0.42279972434043883 0.3089970270792643 0.017048799991607667 0.0605055914984809
0 0.19904121160507202 0.6105897691514757 0.05497429370880127 0.11949022081163195
0 0.6050292134284974 0.2909317758348253 0.015193676948547364 0.061094644334581165
0 0.5391743659973145 0.6897580464680989 0.049811935424804686 0.15309571160210503
0 0.40142064094543456 0.29300352732340496 0.013845098018646241 0.059338209364149304
3 0.45775983929634095 0.22076096534729003 0.03668066263198853 0.10460810131496853
0 0.7272031784057618 0.5016182793511285 0.03171067237854004 0.11442587110731336
0 0.6171643972396851 0.24486236572265624 0.014439582824707031 0.04703581068250868
1 0.4917850852012634 0.33506930669148766 0.04727787971496582 0.07037101321750217
0 0.5675471663475037 0.20963367886013454 0.012244963645935058 0.04187825520833333
0 0.1905786395072937 0.5356678432888455 0.04588310718536377 0.101226806640625
0 0.6825902223587036 0.4003541522555881 0.019923305511474608 0.07254456414116753
3 0.5215939998626709 0.21167975531684027 0.03419036865234375 0.08488058514065212
0 0.4990138828754425 0.2799748102823893 0.015334570407867431 0.060430357191297746
2 0.3567592024803162 0.29213428497314453 0.06962392330169678 0.14622493320041233
0 0.6258077144622802 0.28320770263671874 0.017994499206542967 0.0559425777859158
3 0.6291156627237797 0.33285326494110956 0.020880483090877533 0.0664355370733473
3 0.42012178599834443 0.18364317682054307 0.032896071672439575 0.06991292105780708
3 0.6816192984580993 0.7347919676038954 0.07738640308380126 0.249429194132487
0 0.4214830994606018 0.22404311498006185 0.0112318754196167 0.044961441887749566
0 0.39347611665725707 0.17878877851698133 0.012102150917053222 0.04196637471516927
0 0.4637831926345825 0.15133086840311685 0.007405853271484375 0.028603479597303604
0 0.6010992646217346 0.21353496975368924 0.012390637397766113 0.04102842542860243
2 0.4199418306350708 0.18364844852023654 0.032427191734313965 0.07097494337293837
2 0.17864773273468018 0.37874794006347656 0.1826113224029541 0.1461404800415039
3 0.17682260274887085 0.379207271999783 0.18543674945831298 0.15297552744547527
3 0.4677933156490326 0.31097823248969186 0.08055850267410278 0.11090181138780382
0 0.9787462234497071 0.8655288696289063 0.040587329864501955 0.17534408569335938
0 0.4257145345211029 0.13854427337646485 0.00753566026687622 0.027061504787868923
0 0.4401088535785675 0.3305562761094835 0.019178926944732666 0.04879499011569553
0 0.3884968340396881 0.20886605580647785 0.011418664455413818 0.045347510443793405
3 0.6257937640883029 0.9611985312567817 0.04704794269055128 0.07760293748643664
0 0.7420634269714356 0.4651295132107205 0.027521514892578126 0.0986662122938368
1 0.10371336936950684 0.3857905705769857 0.06643404960632324 0.11278122795952691
0 0.8518458247184754 0.43730250464545356 0.025345873832702637 0.05445543924967448
2 0.5305143594741821 0.14216687944200304 0.04139852523803711 0.0693940904405382
1 0.7334093511104584 0.48503659036424424 0.049121296405792235 0.12409749560885959
0 0.5540647268295288 0.1666104316711426 0.008453178405761718 0.028473175896538628
1 0.19837347269058228 0.6128943973117404 0.06740396022796631 0.10850677490234376
0 0.5904651284217834 0.23563416798909506 0.014920210838317871 0.044057210286458336
3 0.35640273094177244 0.29731441073947484 0.06833393573760986 0.1401959737141927
0 0.8115245819091796 0.4264645046657986 0.033689260482788086 0.09906942579481337
0 0.2265244722366333 0.2638477431403266 0.01880025863647461 0.042740652296278214
0 0.460406219959259 0.1370006932152642 0.0063782215118408205 0.025385697682698567
