1 0.378798246383667 0.6283613416883681 0.12760593891143798 0.2609806908501519
1 0.6073214530944824 0.4662454817030165 0.10365815162658691 0.1773545159233941
0 0.06698023676872253 0.6265704260932075 0.052617454528808595 0.14382366604275174
0 0.2777608871459961 0.3380080117119683 0.03657097816467285 0.09010751512315539
0 0.3404142498970032 0.3104166348775228 0.026911664009094238 0.07908340030246311
0 0.6113960146903992 0.25973037083943684 0.025449442863464355 0.06708812713623047
0 0.17778499126434327 0.5072183397081164 0.04894911050796509 0.122137451171875
0 0.14621074199676515 0.6953432718912761 0.08228336572647095 0.18722381591796874
0 0.3110735654830933 0.41981739468044704 0.03649425506591797 0.1033736334906684
0 0.3542612664401531 0.23390587700737847 0.02613631635904312 0.06299629211425781
3 0.14156663715839385 0.704748641120063 0.09306861758232117 0.21146125793457032
0 0.243355655670166 0.4376046922471788 0.03442552089691162 0.10212521023220486
1 0.17521546483039857 0.5017401695251464 0.06113547086715698 0.1333356433444553
1 0.06977094411849975 0.6284172270033095 0.06550865173339844 0.15080206129286025
0 0.07540408968925476 0.40138066609700523 0.05909141302108765 0.07936278449164497
0 0.6083130836486816 0.20114050441318088 0.015871620178222655 0.04970314237806532
0 0.600113034248352 0.1692110538482666 0.013706207275390625 0.03577536476982964
1 0.30892605781555177 0.42016736136542426 0.046637678146362306 0.10913096533881293
0 0.40125131607055664 0.23096110026041666 0.019873762130737306 0.058003743489583336
0 0.6290484376251697 0.19721702469719782 0.018654148280620574 0.048318873511420356
0 0.21152961254119873 0.2844461652967665 0.04256521463394165 0.05705498589409722
0 0.3823119759559631 0.17636653582255046 0.014331459999084473 0.03758060667249891
0 0.6406017631292343 0.23483783933851454 0.013867086172103882 0.03874903784857856
1 0.060930275917053224 0.5213273366292318 0.05563235282897949 0.13760130140516494
1 0.27133291959762573 0.6858408504062229 0.07793080806732178 0.15269523196750218
0 0.38724809885025024 0.32852775785658095 0.02846527099609375 0.08290572696261936
2 0.556756603717804 0.14837869538201226 0.036202502250671384 0.07724782096015083
