0 0.3935008019208908 0.3185848871866862 0.029875773191452026 0.0932824452718099
0 0.7541487693786622 0.4910347408718533 0.050867223739624025 0.1318858676486545
1 0.754473352432251 0.4897212346394857 0.06428253650665283 0.15130263434516059
0 0.07511768341064454 0.3952527364095052 0.05562505125999451 0.08309563530815972
0 0.39533616304397584 0.24949475394354925 0.02538372278213501 0.06299275292290582
0 0.3553092271089554 0.1783050643073188 0.029200083017349242 0.051324823167588976
0 0.6234529733657836 0.22128468619452582 0.023236799240112304 0.06148645612928602
0 0.42532739639282224 0.27797457377115886 0.02752070426940918 0.07545369466145833
0 0.5597047448158264 0.1538629902733697 0.012890219688415527 0.03228693008422852
0 0.38034186959266664 0.2243169148763021 0.016192257404327393 0.05231836107042101
0 0.6147135376930237 0.26443958282470703 0.01738555431365967 0.05939928690592448
0 0.3958064317703247 0.14585930506388348 0.013976800441741943 0.03803812662760417
0 0.6034850358963013 0.17300820880466036 0.01226353645324707 0.036526425679524736
1 0.26116583347320554 0.45515965355767146 0.06137471199035645 0.11800049675835503
0 0.4051967263221741 0.21622650358412002 0.015036392211914062 0.05254298316107856
1 0.4221189022064209 0.2821330812242296 0.04283297061920166 0.09480506049262152
