1 0.539855670928955 0.8437950981987847 0.19589447975158691 0.28477918836805555
0 0.6157130122184753 0.32272213829888236 0.01677825450897217 0.0638411627875434
0 0.5523890495300293 0.6127090454101562 0.03569769859313965 0.15956475999620226
0 0.3953165978193283 0.2838076803419325 0.016599124670028685 0.06624317169189453
0 0.3966740608215332 0.8516496446397569 0.04749298095703125 0.18930621676974826
0 0.6401214241981507 0.43765814039442275 0.02240316867828369 0.09198252360026042
0 0.6419055938720704 0.3149017333984375 0.014072418212890625 0.06313947041829428
0 0.37561236321926117 0.3312752299838596 0.01682688593864441 0.06992117563883464
0 0.048433813452720645 0.4008544921875 0.0588248074054718 0.08771044413248698
0 0.7689135551452637 0.655601077609592 0.03613457679748535 0.14644029405381945
0 0.8209346771240235 0.8483634948730469 0.05029959678649902 0.19915279812282985
0 0.6102758526802063 0.38760291205512154 0.019874978065490722 0.08776584201388889
0 0.7429067134857178 0.5644449869791667 0.029405593872070312 0.1304443359375
0 0.17351799011230468 0.6853121439615886 0.037612664699554446 0.16405826144748265
0 0.5678582191467285 0.30610357920328773 0.01480255126953125 0.06107648213704427
0 0.22468783855438232 0.5303715811835394 0.03079671859741211 0.12320365905761718
0 0.420105904340744 0.21946661207411025 0.011114251613616944 0.04708858066134983
0 0.15033817291259766 0.5637671152750651 0.033674430847167966 0.14150280422634548
1 0.5333561778068543 0.23569825490315754 0.0320204496383667 0.0626810285780165
0 0.660711744427681 0.3806353674994575 0.022912293672561646 0.07390942043728299
0 0.5577748060226441 0.44502249823676215 0.03076939582824707 0.09576687282986111
0 0.6765323102474212 0.3531679762734307 0.011491692066192627 0.039878098169962566
0 0.4408415794372559 0.2083719571431478 0.011454415321350098 0.04392965104844835
0 0.2788266658782959 0.5131319681803386 0.02478618621826172 0.09019639756944445
0 0.31746227741241456 0.4019756740993924 0.022914314270019533 0.07007904052734375
0 0.12614772319793702 0.893308342827691 0.045823752880096436 0.19817708333333334
0 0.832740592956543 0.6824643452962239 0.036124897003173825 0.13587070041232638
0 0.6078040480613709 0.2506189982096354 0.013392806053161621 0.055241690741644964
0 0.3664647817611694 0.5737900627983941 0.036519432067871095 0.13156411912706162
0 0.5511160969734192 0.20479513804117838 0.011279654502868653 0.042309400770399304
0 0.7037692070007324 0.48019705878363717 0.02598228454589844 0.11126492818196615
0 0.745898962020874 0.44032185872395835 0.02489919662475586 0.10247294108072917
0 0.8159797668457032 0.5937200758192275 0.04124274253845215 0.12514220343695748
0 0.24556775093078614 0.596194076538086 0.03144071102142334 0.11929423014322917
0 0.6988604664802551 0.4030956056382921 0.023912262916564942 0.07948875427246094
0 0.576590073108673 0.2018974092271593 0.010237526893615723 0.04135814242892795
0 0.39634144902229307 0.19366614553663467 0.01143132448196411 0.04394288592868381
0 0.627703845500946 0.3674338764614529 0.016890597343444825 0.0767269770304362
0 0.5913516879081726 0.22590691248575848 0.012162232398986816 0.04811568790011936
0 0.4055107027292252 0.22371958626641167 0.010818761587142945 0.04965186648898655
0 0.6300046443939209 0.2766872935824924 0.015473604202270508 0.05807878706190321
0 0.36919093132019043 0.46446651882595485 0.0401930570602417 0.10498602125379775
0 0.5837356090545655 0.260056209564209 0.01224212646484375 0.054558753967285156
0 0.369242699444294 0.2521959834628635 0.014832326769828796 0.04868882497151693
3 0.24472398161888123 0.7476291656494141 0.09703327417373657 0.2214398701985677
1 0.5175322592258453 0.19504022598266602 0.023557746410369874 0.04088026682535807
0 0.2882316470146179 0.44588955243428546 0.02623937129974365 0.06371185514662
1 0.048453003913164136 0.4108416822221544 0.057619939744472506 0.06123579872979058
1 0.25606355667114256 0.7478452894422744 0.09794647693634033 0.22001181708441842
3 0.5000724136829376 0.12622056007385254 0.019010770320892333 0.04367662005954319
0 0.5597792148590088 0.25121357176038955 0.012668514251708984 0.052700572543674044
1 0.8205905497074127 0.8506036758422851 0.07014893293380738 0.18790346781412762
0 0.3256483539938927 0.21759927537706164 0.010671707987785339 0.0473028818766276
0 0.22631301879882812 0.37349056667751734 0.04269430637359619 0.09603034125434028
0 0.5806790351867676 0.333616828918457 0.016896677017211915 0.07521095275878906
0 0.5689299464225769 0.2287734349568685 0.010943198204040527 0.044854058159722224
0 0.4394299864768982 0.1513946745130751 0.008159685134887695 0.03250158098008898
0 0.5628280520439148 0.1942264397939046 0.009955143928527832 0.03995487425062391
1 0.32790627479553225 0.3291081746419271 0.04149837493896484 0.09744709862603082
0 0.2923229932785034 0.40509437984890406 0.01844644546508789 0.048556009928385414
3 0.3292031526565552 0.3341078190339936 0.04176778793334961 0.0854157629940245
2 0.529970133304596 0.8180255042182074 0.22045061588287354 0.36394899156358507
0 0.429810905456543 0.18547556665208603 0.008986353874206543 0.037749894460042316
0 0.027765953540802003 0.8580656263563368 0.05271466970443726 0.19683219061957466
1 0.5066470324993133 0.16716411378648546 0.021313655376434325 0.04032209184434679
0 0.4501854360103607 0.14675190183851455 0.007263767719268799 0.03173690372043186
0 0.45866214036941527 0.14256160524156358 0.006482744216918945 0.030148612128363714
1 0.5445329427719117 0.17304627100626627 0.020789575576782227 0.04088649749755859
0 0.3615112006664276 0.29093979729546443 0.015996640920639037 0.0622802734375
0 0.41482997238636016 0.9007736841837565 0.029652661085128783 0.09370604621039497
0 0.5253349184989929 0.1525469250149197 0.008077597618103028 0.03138461642795139
1 0.2282685399055481 0.38227343559265137 0.042921042442321776 0.054636605580647785
1 0.1284261018037796 0.8585602018568251 0.061727780103683474 0.16177745395236545
0 0.4247287005186081 0.1651077641381158 0.00914178490638733 0.035219499799940324
0 0.6419871762394905 0.26009464263916016 0.012692520022392273 0.048315344916449655
1 0.5031462252140045 0.313286198510064 0.06420325040817261 0.11740572187635634
0 0.41180182099342344 0.1810111363728841 0.009663987159729003 0.041025076972113717
0 0.6255571365356445 0.21092909706963434 0.019756126403808593 0.03955504099527995
1 0.8321369528770447 0.6798270755343967 0.0494340181350708 0.13098017374674478
0 0.8115663528442383 0.42911830478244356 0.030920886993408205 0.09900572035047743
0 0.7129040956497192 0.4435380829705132 0.014837217330932618 0.05258142683241102
1 0.6412931576371192 0.43458295928107366 0.024917003512382508 0.08389058642917209
2 0.32844871282577515 0.3333967919150988 0.042757058143615724 0.08524454534053802
3 0.9593918561935425 0.5982784907023112 0.07898764610290528 0.22189182705349392
2 0.5027216911315918 0.3119476212395562 0.06643438339233398 0.12321686214870876
3 0.49226837158203124 0.3126422034369575 0.07829232215881347 0.11264275444878472
1 0.3660404562950134 0.4734197404649523 0.050178122520446775 0.11644876268174913
0 0.6734838724136353 0.26656513214111327 0.019396257400512696 0.050826475355360244
0 0.5342197179794311 0.1441885365380181 0.007100725173950195 0.02621338102552626
