0 0.37821283042430875 0.2838480525546604 0.03448931574821472 0.08467434777153862
0 0.0441013902425766 0.7697210523817274 0.08540088534355164 0.20960782368977865
1 0.20554381012916564 0.5018597231970893 0.06540125608444214 0.15111547046237522
0 0.2033449649810791 0.5057125515407986 0.05290632247924805 0.12990858289930557
0 0.8613895416259766 0.5324429829915365 0.06746244430541992 0.15623800489637588
3 0.555761331319809 0.2121221595340305 0.08493367433547974 0.16994042926364475
3 0.04624473219737411 0.7672465642293295 0.08865718115121127 0.2166158464219835
0 0.0753027319908142 0.39733318752712676 0.05799510478973389 0.08892190721299913
3 0.861203420162201 0.5209044774373373 0.08175842761993408 0.19554405212402343
0 0.3879795342683792 0.2172302352057563 0.017194241285324097 0.0556460698445638
0 0.6015455245971679 0.16778504583570691 0.01205615997314453 0.03400947782728407
0 0.5898962020874023 0.16611606809828017 0.01414022445678711 0.036780696445041235
