1 0.4626175880432129 0.8091278076171875 0.17018847465515136 0.25076861911349824
1 0.6484279036521912 0.5305327627393934 0.10467355251312256 0.16193192799886066
0 0.8166293144226074 0.6704422844780816 0.03905792236328125 0.16033867730034723
0 0.2710390090942383 0.6719847785101997 0.03803548812866211 0.16915643480088977
0 0.021681129932403564 0.5111749860975477 0.04336225986480713 0.1103986104329427
0 0.6342304110527038 0.34032536612616643 0.019620060920715332 0.07454971737331814
0 0.6450276851654053 0.8967781914605035 0.05795717239379883 0.18302383422851562
0 0.6963335335254669 0.3878245883517795 0.022520554065704346 0.07920854356553819
0 0.4063339173793793 0.3475003454420302 0.016585922241210936 0.07537013159857855
1 0.44864983558654786 0.4917630089653863 0.1230097770690918 0.11848051283094618
0 0.658412492275238 0.33102776209513346 0.016771435737609863 0.0656198501586914
0 0.6017403602600098 0.6395342508951823 0.07238197326660156 0.13631795247395834
0 0.7684542655944824 0.4924435085720486 0.028908538818359374 0.11309657626681857
0 0.8688605308532715 0.6901379055447049 0.03870697021484375 0.14922421773274738
0 0.6590734004974366 0.7217080858018663 0.0742889404296875 0.136407470703125
0 0.08369215726852416 0.3632576412624783 0.05021791458129883 0.08236126369900174
1 0.44446754455566406 0.29301160176595054 0.039789009094238284 0.0760910669962565
0 0.37990604937076566 0.34217052459716796 0.016764730215072632 0.06836255391438802
0 0.6200235247611999 0.29039251539442273 0.016318869590759278 0.06043696933322483
0 0.2647870063781738 0.48609564039442277 0.02710006237030029 0.12577709621853297
3 0.5364790856838226 0.23430777655707466 0.04388967752456665 0.09447627597384983
0 0.7068920612335206 0.48605166541205513 0.024901533126831056 0.10138003031412761
0 0.5930773019790649 0.2645201365152995 0.013348913192749024 0.052299711439344615
0 0.5745243430137634 0.23478562037150066 0.012500119209289551 0.05034804873996311
0 0.621682608127594 0.21100102530585396 0.02030966281890869 0.03784135182698568
0 0.5674396514892578 0.7453721788194444 0.0561612606048584 0.15564439561631943
1 0.5121797561645508 0.33250359429253473 0.11033883094787597 0.09150729709201388
0 0.6279799319803715 0.2671453793843587 0.014420746266841889 0.048113441467285155
0 0.41200798451900483 0.1583342022365994 0.008843702077865601 0.032018682691786024
0 0.4614150822162628 0.15607404708862305 0.007720744609832764 0.03044876522488064
0 0.7367854118347168 0.43555738661024307 0.027758264541625978 0.09314147101508247
0 0.8593055725097656 0.6095163133409288 0.03729734420776367 0.11212632921006944
3 0.4572457194328308 0.22457443343268502 0.03704788684844971 0.1062442249721951
0 0.7776662170886993 0.4514076073964437 0.017760932445526123 0.052964305877685545
0 0.41399966478347777 0.2667238235473633 0.01388702392578125 0.05756636725531684
0 0.4356103837490082 0.21954220665825738 0.010564887523651123 0.045769458346896705
0 0.5877491950988769 0.326818233066135 0.018465471267700196 0.06660753885904948
0 0.3755671143531799 0.21723613739013672 0.014204812049865723 0.05210609436035156
0 0.4424188852310181 0.13916262520684136 0.0072070837020874025 0.03038423326280382
0 0.600868284702301 0.2214643054538303 0.012535405158996583 0.04378055996365017
3 0.31375694274902344 0.32769302792019317 0.10855312347412109 0.15305764940049912
0 0.6061337739578448 0.3166022300720215 0.011843685735948383 0.05864090389675564
0 0.5520987868309021 0.17608875698513454 0.009497284889221191 0.035903676350911455
0 0.4276814341545105 0.19939624998304578 0.010221123695373535 0.0409961912367079
1 0.39089021682739256 0.30294467078314885 0.03562240600585938 0.07333937750922309
3 0.4663026392459869 0.79997345606486 0.20797113180160523 0.3218225479125977
0 0.45465338230133057 0.12363957828945583 0.00635371208190918 0.024999353620741103
0 0.5893831491470337 0.2328129662407769 0.01274123191833496 0.04715554979112413
0 0.45814353227615356 0.3237328204843733 0.02055249214172363 0.04314663277732001
1 0.2903709411621094 0.3621969434950087 0.06363499164581299 0.10414237976074218
0 0.5715105772018433 0.20177234013875325 0.010633134841918945 0.03871228959825304
0 0.4314334154129028 0.1324119832780626 0.0070429563522338865 0.027000013987223306
2 0.47094487249851225 0.7954588254292806 0.19596826434135436 0.3052279790242513
0 0.337912979349494 0.23987533781263565 0.01722258999943733 0.045744768778483075
2 0.3150163650512695 0.3326147715250651 0.10825271606445312 0.1467709011501736
0 0.8128505706787109 0.4316587660047743 0.03067779541015625 0.09931365119086372
3 0.4049175828695297 0.2109233167436388 0.03743944764137268 0.08118075264824762
0 0.7168678343296051 0.42824547555711534 0.019597160816192626 0.05127876069810655
0 0.5814109444618225 0.20436496734619142 0.010418200492858886 0.04131058586968316
3 0.9641772627830505 0.6007880104912652 0.0687119722366333 0.21402388678656684
0 0.557711911201477 0.23763017654418944 0.01176605224609375 0.05350716908772787
3 0.5132096946239472 0.18169821633232963 0.029633152484893798 0.06898212432861328
0 0.011880558729171754 0.9372769673665364 0.02332768440246582 0.1254460652669271
0 0.42458802461624146 0.1546566539340549 0.007814383506774903 0.032099342346191405
1 0.6435763239860535 0.8879356808132596 0.07223250865936279 0.14537650214301215
2 0.44751614034175874 0.4865063773261176 0.13955772519111634 0.14550921122233074
0 0.0215398658066988 0.37655437787373863 0.023052557557821273 0.047744168175591364
2 0.4055951088666916 0.2105956236521403 0.03519149422645569 0.08288971583048503
1 0.5673416256904602 0.7498918957180447 0.07267119884490966 0.12668927510579428
1 0.7095219254493713 0.4840548038482666 0.038999080657958984 0.09737844467163086
1 0.38869609832763674 0.4921084351009793 0.022607803344726562 0.08667525185479058
0 0.6561160445213318 0.24962412516276042 0.018312978744506835 0.04817352294921875
1 0.9436839103698731 0.8963120354546441 0.10259647369384765 0.19134097629123265
0 0.43819051384925845 0.18036967913309734 0.009331715106964112 0.03400186962551541
