0 0.6702897071838378 0.34007735782199433 0.029030418395996092 0.07952986823187934
0 0.3680384337902069 0.4219957881503635 0.028923797607421874 0.08994053734673393
0 0.3667212128639221 0.262081856197781 0.023590397834777833 0.0571941163804796
0 0.2733787655830383 0.33581281238132055 0.02949502468109131 0.06806613074408638
0 0.35330408811569214 0.3164312256707085 0.028000283241271972 0.07352068159315321
0 0.289905309677124 0.39132462607489693 0.03714456558227539 0.08496362898084853
0 0.31226935386657717 0.30641137229071724 0.026219797134399415 0.07200938330756293
1 0.44014028310775755 0.27193935182359485 0.04075689315795898 0.08735730912950304
1 0.2911616683006287 0.3887148724661933 0.04190094470977783 0.09199350674947103
0 0.17718629837036132 0.48401451110839844 0.03357200622558594 0.1136199951171875
0 0.5506178975105286 0.2948894712660048 0.022598671913146972 0.06705368889702691
0 0.37729816138744354 0.19794981744554307 0.015273755788803101 0.04604300392998589
0 0.5971357941627502 0.21364401711357964 0.017073464393615723 0.05155811309814453
0 0.22928094863891602 0.48990893893771703 0.03733196258544922 0.09632725185818142
0 0.5747537970542907 0.2120425648159451 0.015114951133728027 0.04324817657470703
0 0.13008277416229247 0.8883995903862847 0.08944953680038452 0.1897931416829427
0 0.29422411918640134 0.46972418891059026 0.034600448608398435 0.1100435045030382
0 0.6420860961079597 0.2586597760518392 0.01928569972515106 0.05569625430636936
0 0.07668577432632447 0.39648284912109377 0.060995626449584964 0.07057355244954427
0 0.5096359133720398 0.2639261139763726 0.017847466468811034 0.06488064659966362
0 0.5442826747894287 0.1348773585425483 0.010423898696899414 0.03660826153225369
0 0.4052791386842728 0.1691314008500841 0.011165446043014527 0.03647716310289171
0 0.7102264165878296 0.36483481725056965 0.01985177993774414 0.07957032521565756
0 0.3934506386518478 0.22570275200737847 0.01647670865058899 0.05538724263509114
0 0.64329214990139 0.2179088380601671 0.01990785002708435 0.044401762220594616
0 0.6044166970998048 0.1507794486151801 0.008833394199609757 0.03886479271782769
0 0.3450912594795227 0.2643859545389811 0.020035195350646972 0.04675799475775825
1 0.4276788502931595 0.20753862592909073 0.03789743781089783 0.08206333584255643
0 0.5671036958694458 0.304917844136556 0.023163795471191406 0.06822861565483941
0 0.5714059352874756 0.16965610716078017 0.015054988861083984 0.044258266025119355
0 0.8147794723510742 0.5634469774034289 0.05771932601928711 0.1335243648952908
1 0.07687994539737701 0.39629514482286243 0.06366161704063415 0.08829383850097657
