1 0.43964256942272184 0.2822202894422743 0.0589496910572052 0.10549452039930556
0 0.33349652737379076 0.33722006479899086 0.02636805474758148 0.07715670267740886
0 0.67739896774292 0.5511975606282552 0.051226043701171876 0.15051066080729167
1 0.31636046171188353 0.6456384870741102 0.06981828212738037 0.13094524807400174
0 0.18209105730056763 0.759358384874132 0.05942504405975342 0.15872972276475694
0 0.16867635250091553 0.6296835581461588 0.05588855743408203 0.12904383341471354
0 0.29376697540283203 0.35310109456380206 0.02561774253845215 0.07424579196506076
0 0.8359006881713867 0.6069187588161893 0.0900914192199707 0.21878696017795138
1 0.290582537651062 0.5050541665818956 0.05929708480834961 0.13326307932535808
1 0.6736131772398949 0.5486751556396484 0.06888754665851593 0.1638888888888889
1 0.42311773300170896 0.41963958740234375 0.10420877933502197 0.17897237141927083
0 0.3625419110059738 0.3807323455810547 0.03090088963508606 0.07945810953776042
1 0.3906449556350708 0.2340510262383355 0.04015457630157471 0.07407023111979166
1 0.16556806564331056 0.6296360863579644 0.06539256572723388 0.14724697536892362
2 0.4176536500453949 0.413619163301256 0.09497584104537964 0.20161684883965386
0 0.29742860794067383 0.5112698025173611 0.04846184253692627 0.11951043870713976
0 0.3192052602767944 0.4151830037434896 0.03185615539550781 0.09503635830349393
0 0.11726856231689453 0.6037270016140408 0.04602632522583008 0.1234405517578125
1 0.11471345722675323 0.6037281778123643 0.05855054259300232 0.12746338314480252
0 0.07614757418632508 0.3940450880262587 0.05794576406478882 0.08462609185112847
0 0.23432689905166626 0.40032840304904516 0.03545410633087158 0.08776287502712674
0 0.42862734794616697 0.1754028002421061 0.013720989227294922 0.03992519378662109
0 0.600360906124115 0.16939569579230415 0.014215493202209472 0.04081833097669813
2 0.5494792461395264 0.2566053178575304 0.06817197799682617 0.14551705254448785
3 0.8385300040245056 0.6072108374701606 0.10988514423370362 0.2241278754340278
0 0.40497859120368956 0.16016072167290582 0.010718178749084473 0.03504407670762804
0 0.3887600988149643 0.1819898870256212 0.015357130765914917 0.04268929163614909
0 0.38590848445892334 0.34418856302897133 0.02460055351257324 0.08943744235568576
0 0.314380145072937 0.6847035725911458 0.06596717834472657 0.20575811598036026
1 0.26914927959442136 0.4086242993672689 0.04462575912475586 0.07866978115505642
0 0.24973340034484864 0.7637500339084201 0.05524730682373047 0.17820205688476562
1 0.3312407612800598 0.33748672389321854 0.033806443214416504 0.08870289888646868
0 0.2720776438713074 0.4103075451321072 0.037978625297546385 0.07169685363769532
