0 0.7000899910926819 0.37400603824191625 0.031381535530090335 0.0928044213189019
0 0.04846629500389099 0.6878585815429688 0.08188605308532715 0.2147915734185113
3 0.3987795352935791 0.38944642808702257 0.156112003326416 0.3694124433729384
1 0.6423259735107422 0.7098834143744575 0.130364990234375 0.26590805053710936
1 0.5668112754821777 0.3099355697631836 0.056714630126953124 0.09251747131347657
0 0.6676990985870361 0.29312786526150175 0.02337636947631836 0.08165329827202691
2 0.4032841818407178 0.3747849411434597 0.15967228077352047 0.39871799680921766
0 0.23228077888488768 0.5264818827311198 0.05190982818603516 0.1376236385769314
1 0.2312941551208496 0.5225069046020507 0.06636719703674317 0.16134385002983942
0 0.6483917355537414 0.2985721164279514 0.025763428211212157 0.07810728285047742
0 0.2937652230262756 0.32671239640977645 0.029047322273254395 0.07949968973795572
0 0.5900335311889648 0.1987424691518148 0.018482160568237305 0.04291855494181315
0 0.1811697244644165 0.5046007792154948 0.0520665168762207 0.12635972764756945
0 0.4616891801357269 0.16086919572618272 0.013055837154388428 0.038663694593641496
0 0.6144225239753723 0.2095227877298991 0.01653473377227783 0.0527713139851888
0 0.6352651834487915 0.274534723493788 0.017938339710235597 0.05234398312038845
0 0.9079607009887696 0.6884115431043837 0.045127582550048825 0.16847076416015624
0 0.5553923726081849 0.164627292421129 0.011441588401794434 0.03231857087877062
1 0.058795686811208725 0.6428286658393012 0.08910566121339798 0.13656489054361978
0 0.8658008575439453 0.7451624552408854 0.05839996337890625 0.1744011773003472
0 0.07513926029205323 0.40155283610026044 0.05730142593383789 0.06839179992675781
3 0.6577246427536011 0.7107683499654134 0.11544928550720215 0.2982341978285048
0 0.35206368267536164 0.16227894888983832 0.022634828090667726 0.033092731899685326
2 0.6391836166381836 0.7048617151048449 0.1559300899505615 0.31505362192789715
0 0.5207889378070831 0.14228172832065158 0.011311137676239013 0.027706072065565322
1 0.9108093976974487 0.694304445054796 0.059221649169921876 0.16999884711371527
1 0.700461494922638 0.3789186424679226 0.03865039348602295 0.11596110661824545
3 0.05345688108354807 0.6895104832119412 0.09780048839747905 0.22955913543701173
1 0.18175715804100037 0.5015518612331814 0.0619606614112854 0.13487701416015624
0 0.5427888631820679 0.14461517333984375 0.011409950256347657 0.035122617085774736
