0 0.1361132025718689 0.6135900709364149 0.05157291889190674 0.13936326768663193
1 0.5809447050094605 0.34902611838446723 0.08511710166931152 0.15876844194200304
1 0.13557547926902772 0.6131532033284505 0.06656495332717896 0.15808368259006075
0 0.37205915004014967 0.3629522853427463 0.028763911128044127 0.09790804121229384
0 0.2222602367401123 0.5928160773383246 0.050368428230285645 0.13711480034722223
0 0.21462401151657104 0.41821409861246744 0.04640991687774658 0.10003395080566406
0 0.6108689308166504 0.1823173999786377 0.01396484375 0.04182110892401801
0 0.02554716169834137 0.7669793023003473 0.05045790076255798 0.1594349331325955
1 0.2993009686470032 0.39182258447011314 0.04856288433074951 0.11560272110833061
0 0.36581733375787734 0.23280121485392252 0.021925649046897887 0.06965821584065755
0 0.30044496059417725 0.39176514943440754 0.04508056640625 0.11095169915093316
1 0.21381728053092958 0.41941250960032145 0.04638229608535767 0.10240384737650553
0 0.38416728079319 0.26900857289632163 0.021126562356948854 0.07066921657986111
0 0.5930862665176392 0.2203939331902398 0.015309953689575195 0.04487124549018012
0 0.7834008693695068 0.5018854353162977 0.05133180618286133 0.13984603881835939
0 0.3293591745197773 0.2966892454359267 0.018093349039554597 0.07774132622612848
0 0.07697639465332032 0.3981725056966146 0.05931152701377869 0.09052564832899306
0 0.4512117803096771 0.15975367228190104 0.010734808444976807 0.03765479193793403
0 0.414030995965004 0.1606621265411377 0.014391249418258667 0.04037648306952583
2 0.580692458152771 0.3611675633324517 0.09018940925598144 0.14455734888712565
0 0.36654395163059234 0.28783157136705184 0.02367101311683655 0.06115703582763672
1 0.7834658086299896 0.5010915120442708 0.07437006235122681 0.16893717447916667
0 0.4424200475215912 0.16665143966674806 0.010331976413726806 0.03734582265218099
1 0.027542153000831605 0.7681263817681206 0.05508430600166321 0.17154914008246527
1 0.2226930618286133 0.5989687707689073 0.06293954849243164 0.1449004915025499
0 0.2895948886871338 0.2301560401916504 0.02127828598022461 0.05157290564643012
1 0.3764621376991272 0.27434976365831165 0.046567702293396 0.10926077100965711
