3 0.6837066173553467 0.7015661451551649 0.2608477592468262 0.5794475979275173
0 0.5921639680862427 0.2813421779208713 0.015002965927124023 0.06357945336235894
0 0.19435203075408936 0.6951936086018881 0.04164252281188965 0.1793161180284288
0 0.6294593453407288 0.30517844094170465 0.014885163307189942 0.060551897684733076
0 0.29975085258483886 0.871587626139323 0.0482269287109375 0.20888264973958334
3 0.43813295364379884 0.40588934156629775 0.06746249198913574 0.21033935546875
0 0.11695729494094849 0.890840827094184 0.05014681816101074 0.20549290974934895
1 0.5243665456771851 0.14278553856743706 0.018190813064575196 0.031421258714463975
0 0.3056202411651611 0.2737886004977756 0.017475223541259764 0.06284675598144532
1 0.36676053553819654 0.29567899703979494 0.04917082488536835 0.07452394697401259
1 0.4484169244766235 0.2688957532246908 0.038726806640625 0.08302919599745008
1 0.5486913204193116 0.2708916664123535 0.04078917503356934 0.06783729129367405
1 0.925998306274414 0.9237249586317274 0.14677534103393555 0.1449305216471354
1 0.279730224609375 0.3819578382703993 0.10686759948730469 0.10545084211561415
0 0.5668782234191895 0.1948057598537869 0.009647274017333984 0.039374584621853295
0 0.7060843974351882 0.3564597659640842 0.023336237668991087 0.07038921780056423
0 0.7451867580413818 0.551742680867513 0.028966999053955077 0.12874552408854167
0 0.8000200271606446 0.5672247144911025 0.034431076049804686 0.12975756327311197
0 0.6097392439842224 0.34155678219265406 0.02187469005584717 0.07786250644259983
1 0.41318469047546386 0.2456374274359809 0.03613979816436767 0.0723340564303928
0 0.6077930927276611 0.25820558336046007 0.015294694900512695 0.053714285956488715
0 0.6350461967289448 0.3810117509629991 0.022880427539348602 0.06104261610243056
3 0.4647731602191925 0.18102597660488554 0.0304085373878479 0.09161731931898329
0 0.3785760045051575 0.23297925525241428 0.0114465594291687 0.04811975691053602
0 0.7095352172851562 0.4530311584472656 0.020910024642944336 0.09169811672634548
0 0.5644085884094239 0.16639460457695854 0.009132289886474609 0.033225229051378036
0 0.47919912338256837 0.25430285135904945 0.01296696662902832 0.05687056647406684
0 0.3335289673879743 0.2629003630744086 0.015347417816519738 0.05225459204779731
0 0.6598389387130738 0.32025071250067816 0.017041540145874022 0.0627957026163737
1 0.41992912292480467 0.6430628034803603 0.08947253227233887 0.24233152601453994
0 0.7913780212402344 0.48716375562879777 0.02878727912902832 0.10106268988715278
0 0.6860821574926377 0.40749966303507484 0.015215712785720825 0.05683422088623047
0 0.6705446898937225 0.3453363206651476 0.017184638977050783 0.06092215643988715
1 0.5112806558609009 0.11435547404819064 0.012719058990478515 0.021251710255940755
0 0.6316343784332276 0.2719126277499729 0.01255599856376648 0.044649357265896264
0 0.8123262584209442 0.43260924021402997 0.02541147470474243 0.06308394538031684
0 0.5390940427780151 0.14291177325778537 0.00650639533996582 0.028072420756022134
0 0.6102768588811159 0.30710092683633167 0.00826999768614769 0.030531029568778144
0 0.41812928318977355 0.1485505951775445 0.007971847057342529 0.02835248311360677
1 0.6590307921171188 0.3108305883076456 0.016400986909866334 0.039491467012299435
1 0.4180999606847763 0.18295279608832465 0.027175050973892213 0.04850404527452257
3 0.43301876783370974 0.14323070844014485 0.022339558601379393 0.05204006830851237
0 0.36401912569999695 0.23978381686740452 0.015937745571136475 0.04887000189887153
1 0.6107879281044006 0.3452757901615567 0.03419802188873291 0.07198921574486626
0 0.7392682731151581 0.4833957354227702 0.02966557741165161 0.07055899302164713
3 0.962169599533081 0.6009881125556098 0.0727004051208496 0.21522526211208767
0 0.684681898355484 0.3699213557773166 0.018333578109741212 0.053776486714680986
0 0.5440690279006958 0.14335311783684623 0.006872653961181641 0.02747712665134006
0 0.33088388442993166 0.3316187116834852 0.019364047050476074 0.07681681315104166
1 0.6824149996042251 0.4978225549062093 0.0276752769947052 0.0777322875128852
0 0.6713962912559509 0.39900179968939886 0.018891501426696777 0.07753986782497829
0 0.6271284222602844 0.21236609352959526 0.019035696983337402 0.03625926971435547
0 0.38915362358093264 0.19048112233479816 0.011280310153961182 0.03883480495876736
2 0.6315337061882019 0.5418937895033095 0.17033545970916747 0.3384346432156033
1 0.39317657947540285 0.21568722195095485 0.012448930740356445 0.041739273071289065
3 0.41344170570373534 0.21806498103671604 0.04204385280609131 0.11738968955145943
1 0.6346324205398559 0.3804836432139079 0.021703529357910156 0.05492662853664822
1 0.9367619514465332 0.6625366422865125 0.059394121170043945 0.09686902364095053
0 0.3712547793984413 0.2122839397854275 0.013868066668510436 0.042555618286132815
3 0.42587529867887497 0.6375010914272732 0.11864031851291656 0.2685305489434136
1 0.7411143839359283 0.5274937258826362 0.043464410305023196 0.15605817370944552
3 0.7415226042270661 0.53179399172465 0.04400039911270141 0.15850852330525717
3 0.4933043122291565 0.11319673326280381 0.013341426849365234 0.028559663560655382
0 0.8496482253074646 0.43334063953823515 0.021715760231018066 0.05630981657240126
