0 0.35111561343073844 0.39243899451361763 0.019009412825107576 0.09009022182888454
1 0.5378784775733948 0.24129292170206706 0.03137757778167725 0.05519449445936415
1 0.516117662191391 0.18623303837246366 0.02419215440750122 0.04200480779012044
0 0.12384657859802246 0.6019010331895617 0.0504111647605896 0.13343531290690105
0 0.6035411357879639 0.5916130913628472 0.034034347534179686 0.14281705220540364
0 0.8912652015686036 0.7431290520562066 0.06741275787353515 0.13807665506998698
1 0.516866797208786 0.3389632225036621 0.07253352403640748 0.0796947267320421
0 0.6033340096473694 0.25380893283420136 0.013831067085266113 0.05529306199815538
0 0.29330508708953856 0.4289233260684543 0.02222132682800293 0.06051043404473199
0 0.4041585326194763 0.32002185185750326 0.017011857032775878 0.06572644975450304
0 0.3795138120651245 0.5038914574517144 0.055159139633178714 0.113690185546875
0 0.8242301940917969 0.6335881551106771 0.042779064178466795 0.13958388434516059
0 0.09753153324127198 0.5184104919433594 0.05305824875831604 0.10735655890570747
0 0.7192977905273438 0.5816822475857205 0.037994766235351564 0.13998480902777777
1 0.5456573605537415 0.12413679758707682 0.016901135444641113 0.0290924072265625
0 0.4675441324710846 0.3016029993693034 0.01335078477859497 0.058815383911132814
0 0.4397468984127045 0.3570531315273709 0.019595801830291748 0.06424287160237631
0 0.556997537612915 0.17105282147725423 0.00906991958618164 0.03834928936428494
0 0.7331958770751953 0.5019813961452908 0.031041717529296874 0.09964709811740452
0 0.5783015489578247 0.2060734854804145 0.011370134353637696 0.04203351338704427
0 0.7689834117889405 0.43904041714138453 0.03561277389526367 0.09652786254882813
0 0.5321760654449463 0.14877830611334908 0.007132959365844726 0.031537999047173394
1 0.4207043290138245 0.2218195809258355 0.030268430709838867 0.057818094889322914
1 0.565627658367157 0.2812731636895074 0.03983428478240967 0.07151150173611111
0 0.5854978084564209 0.2551785045199924 0.015798091888427734 0.05486210717095269
0 0.330947588942945 0.3340389675564236 0.018882762268185617 0.06606547037760417
0 0.9097781181335449 0.89338133070204 0.09836483001708984 0.18525611029730904
0 0.8654716491699219 0.6120813581678602 0.03677825927734375 0.1218644036187066
0 0.5716774344444275 0.16958641476101347 0.009247708320617675 0.037643644544813365
0 0.3800973355770111 0.3001749144660102 0.0159967303276062 0.0587542004055447
0 0.49932687878608706 0.28154226938883464 0.015549385547637939 0.06050745646158854
0 0.9471190094947814 0.5442197799682618 0.020453476905822755 0.06292279561360677
0 0.9811239242553711 0.8552268981933594 0.03739652633666992 0.13929036458333333
0 0.11263844966888428 0.3589869181315104 0.048927581310272215 0.07435614267985026
1 0.768761831521988 0.44120479159884984 0.03999277353286743 0.07586398654513889
0 0.4803553342819214 0.27798501120673286 0.014431619644165039 0.05822183820936415
0 0.3126292109489441 0.3636031574673123 0.022716355323791505 0.059424273173014325
1 0.7205213338136673 0.573238648308648 0.04916176199913025 0.1395271725124783
0 0.3559245131909847 0.3012645721435547 0.02274341732263565 0.06396827697753907
0 0.44863986372947695 0.2988401624891493 0.015928351879119874 0.05470640394422743
0 0.4240268707275391 0.29809271494547523 0.014389944076538087 0.06161346435546875
0 0.4380801677703857 0.20787187152438694 0.01033329963684082 0.041480530632866754
0 0.2908055305480957 0.38458162943522134 0.028752660751342772 0.057873111300998266
0 0.48982460498809816 0.30148617426554364 0.0145263671875 0.052895842658148874
0 0.8499028563499451 0.4366838561164008 0.023411202430725097 0.055053393046061196
1 0.6025453090667725 0.5903346379597981 0.03888392448425293 0.13570535447862414
3 0.9678517818450928 0.6068560282389323 0.06205077171325683 0.20482025146484376
0 0.5273474216461181 0.12231588363647461 0.006332206726074219 0.024395391676161025
0 0.8137302398681641 0.4338110605875651 0.02758946418762207 0.09726214938693577
3 0.46539210677146914 0.1352311240302192 0.021142327785491945 0.06209131876627604
1 0.4624281406402588 0.23677048153347438 0.03426625728607178 0.06813909742567274
3 0.46293877363204955 0.22713477346632216 0.037269091606140135 0.10199096467759874
0 0.2758533596992493 0.30770850711398656 0.013333010673522949 0.04949205186631944
0 0.425472491979599 0.16476363605923122 0.008711540699005127 0.03286146587795681
0 0.4320039451122284 0.18477141592237684 0.010090434551239013 0.032278050316704644
1 0.8579463839530945 0.5298868073357477 0.07276904582977295 0.08769541846381293
0 0.6397144198417664 0.22653276655409071 0.02015397548675537 0.04427490234375
0 0.3724169284105301 0.2622258080376519 0.013459569215774536 0.04973653157552083
0 0.34511940702795985 0.31010417162130277 0.011311258375644683 0.041390243793527286
0 0.7272519588470459 0.3410017225477431 0.030312633514404295 0.08158863915337457
0 0.3897468477487564 0.28460031085544163 0.014628928899765015 0.05565276675754123
0 0.4174068123102188 0.1751051002078586 0.00862228274345398 0.03484877480400933
0 0.3913010090589523 0.22999386257595486 0.011886876821517945 0.04140625
