0 0.8104369163513183 0.558692889743381 0.059520530700683597 0.14522662692599828
1 0.5378174781799316 0.22716829511854383 0.04862127304077148 0.0789857652452257
1 0.6053366661071777 0.4501964145236545 0.09783987998962403 0.17345682779947916
0 0.19664939641952514 0.6741636488172743 0.06259019374847412 0.17144847446017794
1 0.18301573991775513 0.5200724866655138 0.06482617855072022 0.14669660992092556
1 0.2747634291648865 0.39586608674791124 0.05497453212738037 0.12108258141411675
1 0.8077426254749298 0.5585942586263021 0.06642645597457886 0.1527600606282552
0 0.184639048576355 0.5213064829508464 0.04895254373550415 0.13442425198025174
0 0.698494291305542 0.33088222079806856 0.029492282867431642 0.07593883938259549
0 0.7306605339050293 0.409149169921875 0.031155920028686522 0.09434352450900607
0 0.27716784477233886 0.3992042541503906 0.04478645324707031 0.0898382822672526
0 0.07753729820251465 0.39382205539279513 0.05845184326171875 0.07909185621473525
1 0.19932076930999756 0.6378681182861328 0.08653621673583985 0.1464859856499566
0 0.3735098227858543 0.19488949245876735 0.014106395840644836 0.04803055657280816
0 0.5576060891151429 0.15090791384379068 0.011626887321472167 0.03281100591023763
0 0.4583554923534393 0.18205319510565865 0.01318608522415161 0.040087191263834636
0 0.42615713477134703 0.14670268164740669 0.011436808109283447 0.03341303931342231
0 0.5693452477455139 0.14510326915317112 0.010107827186584473 0.028258291880289714
1 0.702030348777771 0.3378925323486328 0.03530960083007813 0.09649793836805555
0 0.4153745800256729 0.20597490204705132 0.016612952947616576 0.06348040898640951
3 0.1953156590461731 0.6672416157192654 0.08810837268829345 0.20217100779215494
0 0.4731290519237518 0.8583489100138346 0.013840687274932862 0.03418261210123698
3 0.8091172814369202 0.5599528418646919 0.06887271404266357 0.1614026387532552
