0 0.35913255512714387 0.3966892878214518 0.03457069993019104 0.09763314988878039
0 0.2507474899291992 0.43182782067192926 0.03031291961669922 0.09410082499186198
1 0.45162808895111084 0.2463038126627604 0.04683680534362793 0.09535230000813802
1 0.7695189893245697 0.49038119845920136 0.0656507134437561 0.15469801161024305
0 0.38088705390691757 0.31706023746066625 0.02656386196613312 0.0780584971110026
0 0.4010964870452881 0.34948190053304035 0.027465081214904784 0.08737449645996094
0 0.7701380729675293 0.4892828623453776 0.050519800186157225 0.14745135837131076
0 0.075332772731781 0.394514889187283 0.05751593708992005 0.08690478006998698
0 0.3537346363067627 0.29694351620144316 0.027971601486206053 0.07448938157823351
0 0.6179945826530456 0.1793718285030789 0.015106797218322754 0.037407567765977645
0 0.16893018484115602 0.48048841688368055 0.03949992656707764 0.11021071539984809
0 0.5995012760162354 0.1984020233154297 0.01494894027709961 0.044062635633680555
1 0.30363566875457765 0.3828757815890842 0.1018918514251709 0.1736312018500434
3 0.5480986595153808 0.20559386677212185 0.05391149520874024 0.12312046686808269
0 0.40067834556102755 0.22310424380832247 0.014564186334609985 0.05741377936469184
0 0.18061705231666564 0.7877001656426323 0.029444634914398193 0.06956715053982204
0 0.5761042356491088 0.1949675030178494 0.012309122085571288 0.04066831800672743
0 0.35385224148631095 0.2305639796786838 0.020014001429080962 0.06492739783393012
3 0.4943412899971008 0.22686196433173286 0.058979153633117676 0.15113819970024955
1 0.3601524941623211 0.3955024613274468 0.03713094145059585 0.09748691982693142
0 0.3870862364768982 0.2045134703318278 0.017282640933990477 0.05730377833048503
0 0.10799181461334229 0.5960438198513455 0.05303349494934082 0.14637701246473525
0 0.42337406873703004 0.2040882322523329 0.01266775131225586 0.05309371948242188
0 0.411974835395813 0.18180091116163466 0.013084697723388671 0.043110900455051
1 0.4957461416721344 0.2556793106926812 0.05166295766830444 0.09344247182210287
2 0.7689549684524536 0.49128134515550403 0.07113242149353027 0.16080617904663086
3 0.36727668046951295 0.26524216334025064 0.06336028575897217 0.18780595991346571
1 0.5480588138103485 0.28156088723076717 0.05752421617507934 0.10661161210801866
0 0.4204080730676651 0.16594738430447048 0.011389464139938354 0.036251068115234375
0 0.3985775351524353 0.175985140270657 0.012757658958435059 0.04455656475490994
1 0.07334189862012863 0.3930853737725152 0.05441869795322418 0.1063102298312717
1 0.3713546872138977 0.29385916392008465 0.05667135715484619 0.12680507236056857
