2 0.6356359243392944 0.2972983572218153 0.12174425125122071 0.2454914304945204
1 0.4291152745485306 0.2339573648240831 0.04583370089530945 0.08884186214870876
0 0.12251753807067871 0.5840414683024089 0.06449667811393738 0.14436238606770832
1 0.12131868600845337 0.5808050049675836 0.0698310136795044 0.15933394961886935
0 0.7356667041778564 0.389675415886773 0.040248751640319824 0.09199943542480468
1 0.4398621916770935 0.15520757569207086 0.02203831672668457 0.040906302134195965
0 0.3868082344532013 0.17929627100626627 0.014567136764526367 0.04314818912082248
0 0.5575120687484741 0.13107512791951498 0.008650684356689453 0.026060252719455296
0 0.5473618865013122 0.12318569289313422 0.009027504920959472 0.026313453250461156
0 0.5697655439376831 0.1546006202697754 0.009747314453125 0.03386052449544271
0 0.5383460044860839 0.11215192476908366 0.007872200012207032 0.024231010013156466
