0 0.7398544311523437 0.6487973954942491 0.08267159461975097 0.1309464348687066
0 0.7280798137187958 0.4575208240085178 0.027945101261138916 0.09361406962076822
0 0.5580499410629273 0.2467553456624349 0.013172626495361328 0.05533248053656684
1 0.5176130294799804 0.3823865254720052 0.09153981208801269 0.09957220289442274
0 0.5446991682052612 0.28294841978285046 0.015515899658203125 0.06113660600450304
0 0.15874557495117186 0.382223637898763 0.057410573959350585 0.08236634996202256
0 0.6017737030982971 0.2648299323187934 0.013261675834655762 0.0590690188937717
0 0.08750100135803222 0.524453862508138 0.07495584487915039 0.10764338175455729
0 0.5405118465423584 0.6510989718967014 0.04650869369506836 0.1477428436279297
0 0.7101770401000976 0.40110738542344837 0.020270919799804686 0.07847997877332899
0 0.59434734582901 0.3514197455512153 0.018007397651672363 0.08021477593315972
0 0.29516063928604125 0.3305059962802463 0.02075064182281494 0.06792002783881293
0 0.8904299736022949 0.902886962890625 0.049817657470703124 0.17801200018988717
0 0.583372962474823 0.2423959838019477 0.012594819068908691 0.05363318125406901
0 0.5468749523162841 0.16405864821539984 0.008599042892456055 0.0350597275627984
0 0.4161245733499527 0.3087954733106825 0.015327686071395874 0.06662913428412544
0 0.34754917323589324 0.3021567768520779 0.01704588532447815 0.05993535783555773
0 0.8849112510681152 0.6091313256157769 0.05102405548095703 0.13115124172634549
0 0.3253412701189518 0.3061753061082628 0.010057540237903595 0.0608088387383355
0 0.37925651371479036 0.2965527958340115 0.014235156774520873 0.06421523623996311
1 0.15753141641616822 0.3918107377158271 0.057124781608581546 0.05961949560377333
0 0.36106319427490235 0.3467283460828993 0.02831125259399414 0.06399620903862847
0 0.38900997638702395 0.18230973879496257 0.01215219497680664 0.04726169374254015
0 0.0855764091014862 0.3634532504611545 0.05156787633895874 0.0797178480360243
0 0.43971779346466067 0.30609177483452693 0.01697361469268799 0.06427294413248698
0 0.40419407188892365 0.17519616550869413 0.009971493482589721 0.03927496804131402
0 0.5099416315555573 0.2157915751139323 0.010664093494415283 0.050195863511827254
0 0.9544050216674804 0.7931915283203125 0.0636469841003418 0.15950970119900174
0 0.364579039812088 0.2911846902635362 0.01589958667755127 0.06909063127305773
0 0.4280306100845337 0.1797187540266249 0.008231806755065917 0.036186271243625216
0 0.4717225193977356 0.15146649148729113 0.006704306602478028 0.03247300253974067
3 0.06457126224413515 0.8197151819864908 0.12460717987269163 0.26124602423773874
0 0.5759345889091492 0.21870511372884113 0.012015891075134278 0.048193359375
3 0.8983561635017395 0.5706328127119277 0.08745772838592529 0.21096766789754232
1 0.09638503193855286 0.481153318617079 0.1604504942893982 0.10394668579101562
0 0.5113519370555878 0.13927575747172039 0.007123434543609619 0.02744688457912869
0 0.4423891544342041 0.16191253662109376 0.007809090614318848 0.03171179029676649
0 0.4009762853384018 0.22293738259209528 0.011968737840652466 0.04795763227674696
0 0.3999301940202713 0.2915024757385254 0.017161232233047486 0.06560518476698134
0 0.6162002563476563 0.3358280393812392 0.021416854858398438 0.08491579691569011
0 0.4808343768119812 0.32320453855726455 0.02429463863372803 0.0654642105102539
0 0.5400901913642884 0.1524849944644504 0.007152485847473145 0.030714066823323567
1 0.5459392905235291 0.12364998923407661 0.01676928997039795 0.02872405582004123
1 0.45406649708747865 0.229976134830051 0.034863388538360594 0.06811279720730251
1 0.3906757593154907 0.4461151970757378 0.14297423362731934 0.127468999226888
0 0.4150578111410141 0.16172651184929743 0.009127527475357056 0.0342921257019043
0 0.3337112501263618 0.2538087420993381 0.01332598328590393 0.052556143866644964
0 0.3332141313701868 0.19638776779174805 0.012632962316274643 0.04223465389675564
1 0.057901901006698606 0.8176625569661459 0.11249386072158814 0.23725217183430988
0 0.4603606998920441 0.15593598153856064 0.006532227993011475 0.0308290163675944
0 0.7546106338500976 0.3977930704752604 0.023193502426147462 0.08976662953694661
1 0.5262683808803559 0.20298777686225045 0.02320324182510376 0.05729149712456597
0 0.3458110973238945 0.25308152304755316 0.012153390049934387 0.05329608917236328
0 0.6233712449669838 0.210017458597819 0.016019240021705627 0.0406508551703559
3 0.35464929342269896 0.42471912172105575 0.09045770168304443 0.1707504908243815
0 0.4362487614154816 0.19689603911505804 0.009660899639129639 0.04177887174818251
0 0.45829168558120725 0.3063030653529697 0.01620666980743408 0.034828352928161624
0 0.8153366923332215 0.4315974129570855 0.022568011283874513 0.06332121955023871
2 0.08073699716478586 0.4817397435506185 0.15181846134364604 0.18420698377821182
0 0.27499052286148074 0.3071797900729709 0.015631604194641113 0.04981278313530816
1 0.8858099699020385 0.6147427029079862 0.060926055908203124 0.12572462293836806
3 0.4978261649608612 0.12170156372918023 0.013751113414764404 0.03399021360609267
0 0.8513636112213134 0.43659463458591036 0.023045444488525392 0.05463184780544705
3 0.9656688690185546 0.5995114326477051 0.0647353172302246 0.24464600880940754
0 0.41702174842357637 0.22243826124403213 0.010390359163284301 0.043284098307291664
3 0.5218949317932129 0.19815906948513454 0.03384666442871094 0.08179900911119249
0 0.4511432945728302 0.14426901075575088 0.006395208835601807 0.027698622809516057
3 0.4964410960674286 0.9603069517347548 0.05027109384536743 0.07938609653049045
0 0.3657098963856697 0.2529417673746745 0.012551411986351013 0.04997749328613281
0 0.3733494013547897 0.2213603761461046 0.010873132944107055 0.046251169840494794
0 0.4185348302125931 0.19474325709872775 0.009796470403671265 0.03877513673570421
3 0.8844727277755737 0.8989338556925456 0.08221669197082519 0.2000787099202474
0 0.4285996913909912 0.4814837561713325 0.07108089923858643 0.09571253458658854
2 0.3775708953849971 0.4370119783613417 0.11238526497036219 0.15662603378295897
