1 0.546989244222641 0.3277363459269206 0.061864721775054934 0.10604930453830295
0 0.7739368259906769 0.4359363979763455 0.03962067365646362 0.11800121731228298
3 0.6818948663771153 0.3948975351121691 0.1286557838320732 0.21201729244656034
0 0.07582969665527343 0.39564505683051215 0.05768223404884339 0.08170492384168837
2 0.6538325309753418 0.31870764626397025 0.1329599380493164 0.35327989790174696
2 0.5464636385440826 0.3349899980756972 0.06061400175094604 0.09220221837361654
0 0.21280229091644287 0.28447664048936633 0.04185892343521118 0.054631275600857204
1 0.7695895612239838 0.43298885027567546 0.0523095965385437 0.1214340951707628
1 0.07647600919008254 0.39636959499782987 0.058558997511863706 0.09993082682291667
0 0.48948760628700255 0.9526171366373698 0.018810760974884034 0.05546332465277778
0 0.49481371641159055 0.21948663923475478 0.018431425094604492 0.05543412102593316
0 0.5767891049385071 0.14498649173312717 0.011271166801452636 0.03047553168402778
