1 0.43145096600055693 0.34083261489868166 0.06571003794670105 0.11896809471978081
1 0.13699014782905578 0.5260188738505046 0.07584894895553589 0.16246407826741535
0 0.138297700881958 0.526472642686632 0.05727071762084961 0.14558567470974393
0 0.6287299156188965 0.2386257807413737 0.020156049728393556 0.05675790574815538
0 0.3652259722352028 0.2385398228963216 0.015142449736595153 0.045087432861328124
1 0.5556755185127258 0.15318376223246258 0.02698352336883545 0.04862273534138997
0 0.3661901503801346 0.2949549780951606 0.02448588013648987 0.07781376308865018
0 0.6016452193260193 0.1687132305569119 0.0131026029586792 0.03835508558485243
1 0.25899769067764283 0.43421079847547744 0.05196135044097901 0.11621297200520833
3 0.43112643659114835 0.3455262025197347 0.06992736458778381 0.11327462726169163
0 0.41953472793102264 0.24103992250230577 0.016012555360794066 0.04791486528184679
0 0.32187954187393186 0.36686991585625545 0.028002333641052247 0.0848318099975586
1 0.4712483763694763 0.147684817843967 0.021729636192321777 0.04040561252170139
0 0.6141116499900818 0.22458040449354383 0.017441391944885254 0.04785715738932292
0 0.40285316705703733 0.2766157680087619 0.019075393676757812 0.06151710086398655
0 0.38606431782245637 0.1898520416683621 0.01146346926689148 0.040194225311279294
0 0.5685953855514526 0.1382717185550266 0.009625244140625 0.03000226550632053
0 0.4209663331508636 0.20085282855563694 0.009948027133941651 0.036860211690266924
0 0.3347181547433138 0.22970346874660916 0.014835944026708603 0.05296603308783637
2 0.4313442438840866 0.3460549407535129 0.07166827321052552 0.11433210372924804
0 0.3915196418762207 0.2654615508185493 0.016257762908935547 0.046175575256347655
1 0.5308158099651337 0.17001784642537435 0.024780142307281493 0.05638192494710286
