1 0.3393607258796692 0.3121650483873155 0.05008699893951416 0.10535740322536892
0 0.6524888515472412 0.3183899137708876 0.027728796005249023 0.08412200080023871
0 0.7883419036865235 0.5767584482828776 0.044312047958374026 0.12680316501193575
1 0.7886183857917786 0.5751214769151476 0.055783963203430174 0.14682091606987846
1 0.19903973937034608 0.5736490461561415 0.0630597710609436 0.16606436835394967
1 0.28693763017654417 0.3429150157504611 0.03928329944610596 0.11570991939968533
0 0.2850474834442139 0.3460273742675781 0.03359687328338623 0.09655051761203343
0 0.3364507969468832 0.3110402637057834 0.031151092797517776 0.08950046963161892
0 0.3745822310447693 0.2901636865403917 0.025024557113647462 0.07920555538601345
0 0.1998258948326111 0.5732855902777778 0.044006848335266115 0.1357521480984158
0 0.6310366988182068 0.1976641443040636 0.014904665946960449 0.04317671457926432
0 0.4014966547489166 0.18063229454888238 0.013573849201202392 0.04332605997721354
0 0.42060073018074035 0.1594534715016683 0.010369670391082764 0.03882532119750977
0 0.3743900179862976 0.21053653293185765 0.016496491432189942 0.045091205173068576
0 0.4540120244026184 0.14648036956787108 0.009886431694030761 0.0331016116672092
0 0.5685765624046326 0.13210627767774794 0.009989619255065918 0.033083566029866535
0 0.1457451820373535 0.7936308119032118 0.095066899061203 0.2434769524468316
3 0.2857831478118896 0.3471436060137219 0.03444561958312988 0.10013856159316169
0 0.5111089825630188 0.14068608813815647 0.01219017505645752 0.0322831047905816
3 0.1462814837694168 0.7885284847683377 0.1103651463985443 0.26895565456814235
0 0.09474096894264221 0.40631408956315784 0.02606579065322876 0.06060777770148383
0 0.43002879023551943 0.1600782659318712 0.010123193264007568 0.03840441173977322
0 0.55207759141922 0.12175734308030871 0.009447836875915527 0.02684755325317383
1 0.37463644742965696 0.2845998446146647 0.03079245090484619 0.07651521894666884
1 0.47157976031303406 0.15630509588453506 0.020362651348114012 0.04252634048461914
0 0.5762131094932557 0.17582698398166233 0.013303637504577637 0.04317626953125
1 0.6531536370515824 0.3247662885321511 0.029416984319686888 0.06902417673004999
