0 0.4078516632318497 0.35117307239108614 0.019489139318466187 0.083450804816352
0 0.7057044565677643 0.4051244311862522 0.025475800037384033 0.08313721550835504
0 0.0704108715057373 0.719101799858941 0.04584882259368896 0.17773916456434463
0 0.13260393142700194 0.72087156507704 0.038627016544342044 0.17096811930338543
0 0.5910600066184998 0.3214308844672309 0.017142891883850098 0.0659743414984809
0 0.6121710777282715 0.4133057912190755 0.038767004013061525 0.09832331339518229
0 0.6508270263671875 0.6652102576361762 0.039284133911132814 0.15860248141818575
3 0.4537774085998535 0.35475453270806206 0.057823562622070314 0.17650125291612412
0 0.8222020149230957 0.5177043914794922 0.06339631080627442 0.10159505208333333
0 0.8453391075134278 0.7512769911024305 0.04814853668212891 0.1688365936279297
0 0.06689184904098511 0.4045321994357639 0.058062195777893066 0.0915618896484375
0 0.70316461622715 0.3458966573079427 0.02235512137413025 0.06627866956922743
2 0.3598299026489258 0.2906908882988824 0.0844329833984375 0.17435586717393664
0 0.1685016393661499 0.8648397657606337 0.047346842288970944 0.20358327229817708
1 0.5101459622383118 0.16828109953138565 0.022366023063659667 0.03975450727674696
0 0.18479738235473633 0.37829127841525606 0.05028966665267944 0.0872226291232639
1 0.4276293605566025 0.2301767455206977 0.03180554509162903 0.05777560340033637
0 0.6220277547836304 0.3319888220893012 0.018969106674194335 0.06824518839518229
1 0.5496712327003479 0.6066709412468805 0.11639244556427002 0.18418458302815754
0 0.922113037109375 0.5580234103732639 0.04893293380737305 0.1080927954779731
1 0.2926957130432129 0.5663089328342014 0.09485733509063721 0.22018907335069443
0 0.6444743230938912 0.3634271515740289 0.02152211368083954 0.0719941669040256
0 0.29294546842575075 0.40022896660698787 0.02564504146575928 0.08652453952365452
0 0.6782421112060547 0.8881439208984375 0.0684816837310791 0.19448216756184897
0 0.6026332378387451 0.8015786912706163 0.04456663131713867 0.1664676242404514
0 0.22377285957336426 0.5504723442925348 0.03373298645019531 0.14409044053819445
0 0.6097863435745239 0.26153348286946615 0.01634206771850586 0.054354349772135414
0 0.2743586301803589 0.45152857038709854 0.030705070495605467 0.09427799648708768
0 0.5502414226531982 0.9059427049424913 0.05340585708618164 0.1838957044813368
0 0.5359058976173401 0.24490687052408855 0.011436057090759278 0.04875695970323351
1 0.18483452796936034 0.3859381834665934 0.04637675285339356 0.05723329120212131
3 0.5273270726203918 0.20622858471340602 0.026330971717834474 0.06437608930799696
0 0.44366371631622314 0.4784818649291992 0.026543521881103517 0.09675670199924045
0 0.5507506847381591 0.22406603495279948 0.012152004241943359 0.045203442043728295
0 0.6276761531829834 0.9060535854763455 0.0605769157409668 0.17203284369574653
0 0.5702581882476807 0.16740743849012588 0.009973716735839844 0.034661950005425345
0 0.565965211391449 0.2685497072007921 0.01309797763824463 0.055525716145833334
0 0.5488082528114319 0.18622717327541774 0.010310149192810059 0.03508612314860026
0 0.6388428106904029 0.2745308134290907 0.01717635691165924 0.043938700358072916
3 0.40405941009521484 0.6045724656846788 0.07904167175292968 0.24775051540798612
0 0.40353943407535553 0.18225435150994196 0.01011170744895935 0.040565141042073566
2 0.29161893129348754 0.5621236854129368 0.10252563953399658 0.22686821619669598
0 0.6208217814564705 0.2328773816426595 0.015122100710868835 0.046285989549424915
0 0.5540598154067993 0.2823230107625326 0.014819955825805664 0.05535672505696614
0 0.3107809782028198 0.30859968397352433 0.0182950496673584 0.07723422580295139
0 0.5827564120292663 0.24007710350884331 0.013177704811096192 0.046287621392144096
1 0.06683067083358765 0.41699558893839517 0.057306766510009766 0.06063090430365668
0 0.4157798677682877 0.17243657641940646 0.009394067525863647 0.037364726596408424
3 0.9696909308433532 0.6070584615071615 0.05710947513580322 0.19916314019097223
0 0.644460928440094 0.30618518193562827 0.01896846294403076 0.05532470279269748
1 0.8232319474220275 0.5268469280666775 0.06653702259063721 0.08617613050672743
0 0.5399988174438477 0.3296288172403971 0.02001609802246094 0.08288739522298177
0 0.574581778049469 0.21245554818047419 0.012745308876037597 0.04356051550971137
1 0.9366788864135742 0.6627840677897135 0.05877981185913086 0.09665408664279514
0 0.547695255279541 0.7432770623101128 0.04191441535949707 0.13934750027126735
0 0.44509321451187134 0.14050667021009658 0.007005214691162109 0.029990641276041667
0 0.5284654140472412 0.1509779824150933 0.007472038269042969 0.028728824191623262
3 0.28877906799316405 0.5607263247172037 0.10652151107788085 0.2292154312133789
0 0.42649818062782285 0.1347740067376031 0.00713428258895874 0.028744549221462672
0 0.5931689620018006 0.26086653603447807 0.012004494667053223 0.05113082461886936
0 0.6560854747891426 0.2501695950826009 0.018433889746665953 0.04766076405843099
0 0.3142174005508423 0.4341178682115343 0.0194305419921875 0.055771721733940974
0 0.5992250204086303 0.22286403444078234 0.012966299057006836 0.044153785705566405
0 0.4652413547039032 0.11300720638699002 0.005515849590301514 0.022267256842719185
0 0.5591692924499512 0.328535885281033 0.021038818359375 0.08388756646050347
0 0.18827053308486938 0.9760799196031359 0.031812644004821776 0.0478401607937283
0 0.813048243522644 0.43366273244222003 0.02505030632019043 0.07109998067220052
1 0.6166941836476326 0.41391035715738933 0.033388367295265196 0.09543654123942057
0 0.5664382100105285 0.22240609063042535 0.011226201057434082 0.04214341905381944
0 0.5914247274398804 0.19916243023342556 0.010646247863769531 0.04152995215521919
1 0.5447215914726258 0.12464014689127605 0.016948437690734862 0.027712440490722655
0 0.5354769587516784 0.15640196270412868 0.007504582405090332 0.03098695543077257
3 0.3659455663058907 0.2787997351752387 0.08937247870489955 0.1808150397406684
0 0.27376364469528197 0.3071810086568197 0.017922282218933105 0.05467294057210286
0 0.543091332912445 0.15910624927944608 0.008612370491027832 0.030833191341824003
