1 0.5461805105209351 0.2453438229031033 0.050342559814453125 0.09586308797200521
0 0.9472848892211914 0.7373808119032118 0.07637605667114258 0.18666135999891492
0 0.7003083229064941 0.46828108893500436 0.04670639038085937 0.12708511352539062
1 0.541050124168396 0.48934930165608725 0.06384425163269043 0.15075323316786024
0 0.6361707806587219 0.2428768687778049 0.0185039758682251 0.05498277876112196
0 0.3895348906517029 0.2440235455830892 0.019034016132354736 0.0577570809258355
0 0.31795573234558105 0.3028537962171767 0.027606201171875 0.07960946824815539
0 0.6075585365295411 0.21129606035020615 0.016945505142211915 0.048253843519422746
1 0.6969438105821609 0.46563595665825736 0.05923027396202087 0.14348487854003905
0 0.07632449865341187 0.3972696516248915 0.05754125118255615 0.08445773654513888
0 0.3749886229634285 0.22075128555297852 0.014386841654777527 0.04618239932590061
0 0.36458962559700014 0.29607837465074327 0.027619445323944093 0.07570845286051432
3 0.9483046650886535 0.7344453811645508 0.09193971157073974 0.2202739715576172
0 0.4157934933900833 0.20124613444010417 0.015425676107406616 0.04819615681966146
0 0.4191532045602798 0.28548173904418944 0.026863473653793334 0.07966463300916883
0 0.5834241271018982 0.14234087732103134 0.009463095664978027 0.02894714143541124
0 0.41860678493976594 0.32271945940123664 0.01581527590751648 0.032494774129655624
0 0.5674110531806946 0.1465037769741482 0.008929848670959473 0.02984845903184679
0 0.5421414852142334 0.4900011698404948 0.05511274337768555 0.14100545247395832
3 0.6969107210636138 0.45816463894314235 0.06615921258926391 0.16435411241319445
2 0.5416572988033295 0.49066498014662 0.0638076901435852 0.14968458811442056
0 0.595418107509613 0.20362667507595486 0.013890480995178223 0.0429343753390842
1 0.9428547382354736 0.670085546705458 0.08602581024169922 0.08205112881130643
0 0.42418843805789946 0.1839974774254693 0.01197468638420105 0.03818871180216472
