0 0.43723363876342775 0.2710294723510742 0.020203757286071777 0.07533781263563367
0 0.6550649166107178 0.2561242315504286 0.02842550277709961 0.08152760399712457
3 0.5526325047016144 0.22944879002041288 0.08717111349105836 0.19867578082614476
0 0.6150385618209839 0.29267955356174047 0.024810075759887695 0.07578714158799914
0 0.30968345403671266 0.3292694409688314 0.033234810829162596 0.09053702884250217
0 0.3900561064481735 0.25296573638916015 0.01940717101097107 0.05854301452636719
0 0.354725182056427 0.24015257093641493 0.023522055149078368 0.05978796217176649
0 0.28459527492523196 0.40340512858496774 0.026791143417358398 0.06732463306850857
1 0.7118675231933593 0.8785717010498046 0.16778960227966308 0.24285659790039063
0 0.38818307816982267 0.20442044999864367 0.016471582651138305 0.05131047566731771
0 0.3982549458742142 0.1725950876871745 0.011342543363571166 0.03974397447374132
1 0.9744415402412414 0.6405094782511394 0.05111691951751709 0.14037039015028213
1 0.30753653049468993 0.3323274638917711 0.03935680389404297 0.08687715000576443
0 0.6325829267501831 0.2543712192111545 0.02424020767211914 0.06903762817382812
0 0.6821941435337067 0.2735738966200087 0.02237203121185303 0.05259280734592014
1 0.5449597358703613 0.27623142666286893 0.07281651496887206 0.09076663123236763
0 0.07620501518249512 0.39601431952582467 0.05698782801628113 0.08376261393229166
0 0.6102819681167603 0.22677449120415583 0.0172299861907959 0.049191580878363714
0 0.40434330701828003 0.21430934270222982 0.016291224956512453 0.052038213941786024
0 0.41659938991069795 0.19291962517632377 0.014713984727859498 0.041213734944661455
