0 0.2138453483581543 0.5884988996717665 0.07447679042816162 0.1668674045138889
1 0.5667879819869995 0.18142925368414986 0.03150177001953125 0.056003475189208986
1 0.21278262734413148 0.5890525394015842 0.09182566404342651 0.18636440700954862
1 0.5485186636447906 0.25147055519951717 0.062093150615692136 0.11796614329020182
0 0.6040700435638428 0.1679617034064399 0.011940717697143555 0.034337891472710505
0 0.4721765697002411 0.8639335844251844 0.013492834568023682 0.03000687493218316
0 0.41286757588386536 0.1724873489803738 0.013492941856384277 0.04055763880411784
0 0.07663770914077758 0.3948685963948568 0.055507564544677736 0.08189934624565973
1 0.5236990690231323 0.1280537764231364 0.016599369049072266 0.03148198657565647
0 0.3556080386042595 0.1778455893198649 0.02641882598400116 0.04748943116929796
0 0.4338474333286285 0.16172415415445965 0.011807191371917724 0.0374100579155816
0 0.3862191438674927 0.18004157808091906 0.014949190616607665 0.04768975575764974
0 0.42656353712081907 0.2209577242533366 0.013346028327941895 0.0470516840616862
