0 0.16530218124389648 0.8639410230848524 0.08988715410232544 0.22293752034505207
1 0.42635142207145693 0.3986914422776964 0.07373722791671752 0.1411794662475586
2 0.6100975632667541 0.4316950692070855 0.2012650728225708 0.3625603146023221
3 0.6223356246948242 0.5173290676540798 0.18642449378967285 0.4546863555908203
0 0.17353124618530275 0.5347923278808594 0.060885941982269286 0.134085210164388
0 0.376216447353363 0.3075706058078342 0.027944540977478026 0.06463822258843316
0 0.34810096174478533 0.26454731623331706 0.021103611588478087 0.05980269114176432
1 0.17502957582473755 0.5325696998172336 0.06904366016387939 0.1622305022345649
3 0.16578117609024048 0.8607479095458984 0.11494781970977783 0.24832085503472223
0 0.07552735805511475 0.39338353474934895 0.057386976480484006 0.07817878723144531
0 0.34906565546989443 0.35810679329766165 0.029373806715011597 0.08348471323649088
0 0.4024549663066864 0.3114254527621799 0.02695465087890625 0.08566231197781032
0 0.6182642340660095 0.17851936022440593 0.013243412971496582 0.03892193900214301
0 0.07047962546348571 0.7632591247558593 0.07133659124374389 0.16878797743055557
0 0.4148118257522583 0.20840380986531576 0.015892863273620605 0.05772317250569661
1 0.5292320251464844 0.2363838831583659 0.043383026123046876 0.06571947733561198
1 0.3446722626686096 0.3567515538798438 0.04224050045013428 0.0967489547199673
0 0.3983133316040039 0.17065495914883083 0.011780917644500732 0.039529535505506724
0 0.43583587408065794 0.15326258871290419 0.010723090171813965 0.03575754165649414
0 0.35839791744947436 0.221119753519694 0.023126068711280822 0.05541258917914497
0 0.6555230617523193 0.23682518005371095 0.021050548553466795 0.06204653845893012
0 0.41526839435100554 0.1715516408284505 0.0117573082447052 0.04133478800455729
2 0.4262708216905594 0.39819580846362645 0.07736260294914246 0.14319078392452664
3 0.29326270818710326 0.42051082187228733 0.08553202152252197 0.17992367214626737
0 0.391279923915863 0.19689996507432725 0.014382624626159668 0.04935374789767795
1 0.07318025827407837 0.3927957534790039 0.05578439235687256 0.10574073791503906
0 0.4390560746192932 0.18107712003919813 0.011854600906372071 0.041033024258083764
