1 0.5711875915527344 0.3364140510559082 0.07607402801513671 0.13142672644721137
0 0.08325682282447815 0.6793780008951823 0.05391525030136109 0.15136515299479167
0 0.6688218116760254 0.362469662560357 0.033286762237548825 0.08934188418918186
3 0.44183134138584135 0.2659853829277886 0.11658372282981873 0.26311251322428386
1 0.8278742551803588 0.6269140879313151 0.06180839538574219 0.1452116224500868
0 0.3329979658126831 0.35239219665527344 0.03460221290588379 0.09550806681315104
0 0.8284637451171875 0.6293876647949219 0.04852218627929687 0.13753674825032552
0 0.7329126358032226 0.39660199483235675 0.03350980281829834 0.09192276000976562
1 0.0829871192574501 0.6793185975816515 0.0687937706708908 0.17889722188313803
0 0.6719471931457519 0.275491460164388 0.024265432357788087 0.07263221740722656
1 0.3341985821723938 0.3438427964846293 0.03391234874725342 0.08051100042131212
0 0.2687057971954346 0.3525390201144748 0.03578517436981201 0.10165178510877822
0 0.30787408351898193 0.3025488111707899 0.027229690551757814 0.08131622738308376
0 0.07574758529663086 0.39957779778374564 0.05868155360221863 0.07329754299587674
0 0.36042370796203616 0.23813256157769097 0.016179752349853516 0.05804968939887153
0 0.37718638926744463 0.2697324540879991 0.026069626212120056 0.08051702711317274
0 0.387267142534256 0.33547898398505316 0.026280522346496582 0.07001128726535373
0 0.5930050253868103 0.15636988745795355 0.017093920707702638 0.04244588216145833
0 0.40993080735206605 0.3374662399291992 0.02631775140762329 0.08563177320692274
0 0.5547442436218262 0.235171996222602 0.0193634033203125 0.05580664740668403
0 0.4204541563987732 0.1449276924133301 0.00994734764099121 0.03260633680555555
