1 0.41572536528110504 0.33639774322509763 0.07567293047904969 0.1461261749267578
0 0.7608462333679199 0.558219485812717 0.0539703369140625 0.14491089714898003
0 0.8688432693481445 0.8176153394911024 0.07608346939086914 0.19596150716145833
1 0.7615276277065277 0.5587494744194879 0.07275394201278687 0.15762405395507811
0 0.2747558832168579 0.45027262369791665 0.0496889591217041 0.11442714267306858
0 0.6237783432006836 0.2925001674228244 0.033563756942749025 0.09152533213297526
1 0.27609935998916624 0.45055910216437445 0.05764620304107666 0.13103469212849936
0 0.07545708417892456 0.3934203677707248 0.05439913272857666 0.08313829633924696
0 0.13316829204559327 0.7057168748643663 0.07791179418563843 0.18169148763020834
0 0.565652334690094 0.17339627477857802 0.01627848148345947 0.046713903215196396
2 0.4151673555374146 0.34951958656311033 0.07540278434753418 0.12126139534844292
3 0.8708820700645447 0.8188291337754992 0.08717763423919678 0.20858798556857638
0 0.4290544748306274 0.14229210217793783 0.011198019981384278 0.03089755376180013
0 0.317675793170929 0.30643606185913086 0.026542973518371583 0.07898057301839193
0 0.4493725419044495 0.18145492341783312 0.0134307861328125 0.04215064578586154
1 0.62782142162323 0.29566756354437934 0.04736714363098145 0.10582601759168837
0 0.20433316230773926 0.2877545462714301 0.04251525402069092 0.05150604248046875
0 0.39692380726337434 0.14766439331902398 0.01222638487815857 0.03458202150132921
0 0.37010805159807203 0.2973508622911241 0.03313959538936615 0.08386014302571615
0 0.7106981039047241 0.3727341545952691 0.019228792190551756 0.0920728047688802
0 0.9643558502197266 0.6446620517306858 0.06333456039428711 0.1426868438720703
1 0.49491438269615173 0.20936549504597982 0.04687901735305786 0.0810604731241862
3 0.49869570732116697 0.16036015616522895 0.08262252807617188 0.135014279683431
0 0.535182797908783 0.18224507967631023 0.015682482719421388 0.04853754043579102
0 0.4212978929281235 0.17893114619784886 0.013977533578872681 0.037256844838460285
