0 0.24548602104187012 0.49692760043674045 0.042670702934265135 0.13856582641601561
0 0.35336363688111305 0.3000899420844184 0.019176773726940155 0.0727862040201823
0 0.33643465060740707 0.37550080617268883 0.026331203803420068 0.08848609924316406
0 0.1325542688369751 0.5747035556369358 0.04256099462509155 0.12580273946126302
0 0.7279798924922943 0.4271483315361871 0.03480695486068726 0.09363636440700955
0 0.3289122566580772 0.28770323859320746 0.01719951331615448 0.07544199625651042
0 0.34022748470306396 0.6721484714084202 0.053656721115112306 0.17414042154947917
1 0.24568480253219604 0.49479910532633464 0.048004651069641115 0.14617025587293836
0 0.3766826674342155 0.26939990785386825 0.024131444096565247 0.06473149193657769
3 0.5192889750003815 0.11722119914160835 0.028199660778045654 0.0627895090315077
0 0.16972191929817199 0.3799593104256524 0.021827852725982665 0.04814494980706109
0 0.09548945426940918 0.4051254855261909 0.023550748825073242 0.0582299444410536
0 0.312163257598877 0.4463786866929796 0.033911943435668945 0.09752760993109809
1 0.33800172805786133 0.6472180684407552 0.0588416576385498 0.1277860853407118
0 0.5805521488189698 0.14053591622246636 0.011181020736694336 0.0330796135796441
0 0.4348991453647614 0.1552049054039849 0.012438619136810302 0.040036614735921225
0 0.4071293264627457 0.16693705452813043 0.01188552975654602 0.036807314554850264
