1 0.5780466318130493 0.33005378511216904 0.06568899154663085 0.11109222835964627
0 0.15195802450180054 0.8045954386393229 0.07272348403930665 0.22608714633517796
1 0.443117094039917 0.2672599050733778 0.049113106727600095 0.10278411441379123
0 0.32086269855499266 0.26751123004489474 0.021933698654174806 0.06296749114990234
0 0.3901621550321579 0.22118106418185765 0.017906445264816283 0.05616887410481771
0 0.23505740165710448 0.526863055759006 0.042728209495544435 0.10695283677842882
0 0.19732460975646973 0.4991893768310547 0.03597604036331177 0.1212844000922309
0 0.3774273067712784 0.262084526485867 0.019629675149917602 0.0644587410820855
0 0.3509858563542366 0.27018235524495443 0.01978665292263031 0.0590805901421441
0 0.35730552673339844 0.35777596367730036 0.02716064453125 0.09019220140245225
3 0.38866562689654527 0.5465831650627984 0.13433399507775903 0.3780923843383789
0 0.0763315200805664 0.39943406846788193 0.059778785705566405 0.07137090894911025
0 0.4049684017896652 0.1597130987379286 0.012133890390396118 0.03858322567409939
0 0.3743752121925354 0.2100614547729492 0.01438446044921875 0.04181234571668837
0 0.3103071451187134 0.33503424326578773 0.030223894119262695 0.08687129550509982
1 0.3729908227920532 0.5469808790418836 0.12499899864196777 0.31039755079481335
0 0.32777972221374513 0.3526814778645833 0.029540753364562987 0.09021324581570095
0 0.40302394032478334 0.19686854680379232 0.014891612529754638 0.04052130381266276
2 0.5777870535850524 0.34087383482191297 0.07156493663787841 0.10396989186604817
0 0.1826518476009369 0.44506034851074217 0.02684081792831421 0.09448377821180555
1 0.2344980239868164 0.5292815314398871 0.06065225601196289 0.13038787841796876
0 0.4289336442947388 0.17632511456807454 0.009688830375671387 0.03510866165161133
0 0.5493313550949097 0.11534775098164876 0.01354985237121582 0.02903292973836263
