1 0.4134282112121582 0.42141791449652777 0.07547571659088134 0.1393345726860894
0 0.6508464932441711 0.3399529880947537 0.03501927852630615 0.08877078162299262
1 0.668833065032959 0.768945058186849 0.15410141944885253 0.3172111087375217
0 0.22066071033477783 0.6985678778754341 0.0594447135925293 0.15265210469563803
0 0.1912141740322113 0.43761200375027126 0.03640776872634888 0.08667967054578993
0 0.6583375692367553 0.26915452745225693 0.024539995193481445 0.06506881713867188
0 0.160309362411499 0.6024093204074435 0.05705862045288086 0.13033421834309897
0 0.3042421579360962 0.3348241064283583 0.026844596862792967 0.08166667090521919
1 0.15886887311935424 0.6033359951443142 0.07037053108215333 0.1547419230143229
0 0.6293780684471131 0.23876321580674914 0.020099472999572755 0.058689583672417535
0 0.0754216730594635 0.3959548526340061 0.059405410289764406 0.08627005683051216
3 0.5649301528930664 0.15218504269917807 0.043802928924560544 0.09685701794094509
0 0.3220779538154602 0.2884638680352105 0.02163674831390381 0.07306098937988281
1 0.22495383024215698 0.6630926344129774 0.06766836643218994 0.09603695339626736
0 0.6122919797897339 0.18623222245110405 0.01389780044555664 0.03873283598158095
0 0.3545869581401348 0.3239741537306044 0.03327887207269668 0.08592383066813152
3 0.4140427142381668 0.4218068069881863 0.08626863360404968 0.16751055187649197
0 0.3613093852996826 0.251224496629503 0.024614715576171876 0.0641265869140625
0 0.3896826505661011 0.3637711736891005 0.02063469886779785 0.07912125057644315
0 0.3861218810081482 0.4464505301581489 0.027756237983703615 0.08611556159125434
3 0.6819031320512294 0.7628779941134982 0.14132726937532425 0.3721912807888455
1 0.2680879354476929 0.6786513222588433 0.05248894691467285 0.06491957770453559
0 0.3813364267349243 0.16893010669284397 0.014526271820068359 0.033815828959147136
0 0.2599861264228821 0.3671677271525065 0.03208649158477783 0.07197549608018664
0 0.4891447424888611 0.9584099451700846 0.01883203983306885 0.054815885755750866
1 0.3638438582420349 0.24843150244818793 0.033013319969177245 0.0838142818874783
