1 0.5865149617195129 0.4654322306315104 0.09504272937774658 0.17902119954427084
0 0.6571471333503723 0.28546664979722763 0.03253824710845947 0.08285346561008029
0 0.5224602580070495 0.3138490041097005 0.021054768562316896 0.07872327168782552
0 0.33054225742816923 0.365389527214898 0.0204595148563385 0.08710399203830295
0 0.43324918746948243 0.2806944105360243 0.02462759017944336 0.07831009758843316
0 0.3067729830741882 0.3267708036634657 0.024868273735046388 0.07995067172580295
0 0.2878263473510742 0.388517337375217 0.031770062446594236 0.08007028367784289
0 0.21247248649597167 0.4026908450656467 0.037187588214874265 0.09404678344726562
0 0.36353433281183245 0.3513751877678765 0.030402645468711853 0.08594659169514975
0 0.6017106175422668 0.20232026841905382 0.014852499961853028 0.04848149617513021
0 0.6527075648307801 0.37427071465386286 0.03695614337921142 0.0899887932671441
0 0.2637425422668457 0.46482611762152776 0.0343766450881958 0.10614484151204427
0 0.07774685025215149 0.393342039320204 0.0575764536857605 0.08567860921223959
0 0.16893699169158935 0.47751714918348526 0.04055677652359009 0.11529515584309896
0 0.6197275519371033 0.48110292222764756 0.026101183891296387 0.08146684434678819
0 0.398308202624321 0.25226882298787434 0.01671590209007263 0.06382321251763237
0 0.4057955205440521 0.20091280407375758 0.012579572200775147 0.044375165303548174
0 0.5888858675956726 0.5134315914577908 0.02511436939239502 0.06216697692871094
1 0.5436419367790222 0.23760045369466146 0.04599335193634033 0.0813759273952908
0 0.3640227228403091 0.24335228602091472 0.015159302949905395 0.05224492814805773
0 0.32762171030044557 0.2533395449320475 0.020296120643615724 0.04793792300754123
3 0.5866405844688416 0.46202381187015107 0.09816462993621826 0.17815532154507108
0 0.7537396907806396 0.3908032735188802 0.03245420455932617 0.10121326446533203
0 0.5270699381828308 0.12404035462273491 0.010486769676208495 0.03159712685479058
0 0.396188423037529 0.16795573234558106 0.011527961492538452 0.034752241770426434
2 0.5858887314796448 0.46414732933044434 0.09700357913970947 0.1818590482076009
0 0.42793450951576234 0.12042753431532117 0.007948458194732666 0.025376913282606335
0 0.38704943656921387 0.20059169133504232 0.01268007755279541 0.04258115556504991
1 0.3070393085479736 0.32494403090741897 0.024132585525512694 0.06385115318828159
0 0.4319695055484772 0.16540602578057184 0.011246287822723388 0.032280582851833765
0 0.4390257835388184 0.30723709083265727 0.011795949935913087 0.030821978714731003
3 0.5406198501586914 0.20084030893113877 0.05634760856628418 0.15055030186971027
0 0.38613301515579224 0.23363640043470596 0.013158106803894043 0.03701623280843099
0 0.39713324010372164 0.20749908023410374 0.013137096166610717 0.048223792182074655
