2 0.7163415431976319 0.3913299136691623 0.14273223876953126 0.26319817437065973
1 0.3925138473510742 0.5586001925998264 0.1163421630859375 0.22854796515570747
1 0.3834964260458946 0.27526431613498265 0.048968306183815 0.1129862043592665
0 0.330644953250885 0.2967551549275716 0.028276896476745604 0.07245686848958334
1 0.5230881929397583 0.27919272316826715 0.04142880439758301 0.09538021087646484
0 0.40401652455329895 0.16465039253234864 0.01397954225540161 0.03648176193237305
0 0.34624698385596275 0.24135779274834526 0.020158322155475618 0.0544247309366862
0 0.16487854719161987 0.4743488099839952 0.033696746826171874 0.09073439704047309
0 0.3930743336677551 0.1858835326300727 0.013851332664489745 0.04956141577826606
0 0.3377008527517319 0.3443278246455722 0.019166779518127442 0.039094154040018717
3 0.7186257764697075 0.38915925555759007 0.15062927305698395 0.28497960832383895
0 0.28472052812576293 0.5464164945814345 0.035752272605895995 0.10932901170518664
0 0.5460063099861145 0.13194040192498102 0.012163281440734863 0.034970166948106556
0 0.36936586499214175 0.29307741589016384 0.01803339719772339 0.06621935102674696
0 0.5248711109161377 0.27986374961005317 0.035043764114379886 0.08801852332221137
0 0.5604811310768127 0.12965773476494682 0.012798666954040527 0.0452945073445638
0 0.04443437159061432 0.24176094267103407 0.017482119798660278 0.05183730655246311
3 0.3971999041736126 0.5602533552381728 0.1254682794213295 0.25085906982421874
