0 0.639107520878315 0.23043754365709093 0.02215268313884735 0.05445232391357422
1 0.43522943258285524 0.3796165042453342 0.071002197265625 0.1458858913845486
0 0.3088901281356812 0.3511081059773763 0.032588958740234375 0.09607904222276475
0 0.6971118330955506 0.3339495870802138 0.027256178855895995 0.0820240232679579
0 0.33278679847717285 0.3683160146077474 0.032466697692871097 0.1031351089477539
0 0.3444934569299221 0.2810304747687446 0.021446914970874788 0.0787804709540473
0 0.3788883492350578 0.3175967216491699 0.023510220646858215 0.0702673806084527
0 0.22081308364868163 0.42353973388671873 0.036318182945251465 0.10622732374403211
0 0.5936596870422364 0.1721247778998481 0.013855791091918946 0.038904571533203126
0 0.6939913749694824 0.42169520060221355 0.034017419815063475 0.11777530246310763
0 0.07877901792526246 0.40119798448350696 0.0651582956314087 0.07746459113226997
0 0.6039968252182006 0.18500819206237792 0.014786815643310547 0.04026439454820421
0 0.022997506707906724 0.37918977737426757 0.01687585860490799 0.040073521931966144
0 0.36847432851791384 0.2351328002081977 0.018787741661071777 0.048730193244086374
0 0.393325674533844 0.17464601728651258 0.013181471824645996 0.04281450907389323
0 0.38163974285125735 0.261536979675293 0.020460176467895507 0.06181182861328125
0 0.45493924617767334 0.16195081075032552 0.009030914306640625 0.03548897637261285
0 0.34183350801467893 0.14372925758361815 0.01976134777069092 0.028505357106526692
0 0.3973375797271729 0.26834408442179364 0.0188596248626709 0.05634725358751085
0 0.4414537847042084 0.1446146011352539 0.009998071193695068 0.031462902492947045
0 0.44621179699897767 0.17019605106777616 0.0100303053855896 0.03840504752265082
