1 0.4294614434242249 0.23352056079440647 0.04710988998413086 0.08728788163926866
2 0.6419482588768005 0.29447671042548285 0.11031615734100342 0.23548607296413845
0 0.12075154781341553 0.5854314168294271 0.058365744352340695 0.14538561503092448
1 0.12157849073410035 0.584695922003852 0.07091014385223389 0.1696388668484158
0 0.7357642412185669 0.3915972391764323 0.0390338659286499 0.08744574652777778
1 0.4398046135902405 0.1553631994459364 0.022435307502746582 0.04181340535481771
0 0.7303514420986176 0.325489436255561 0.03373664617538452 0.07194720374213324
0 0.38665464222431184 0.1793780591752794 0.014217978715896607 0.043014409806993274
1 0.08285372704267502 0.39331914054022893 0.07013000547885895 0.07966183556450737
0 0.5575274348258972 0.1310374895731608 0.008664965629577637 0.02618719736735026
0 0.06599621623754501 0.39024554358588326 0.03938947021961212 0.06639230516221788
0 0.5473477721214295 0.12318314446343316 0.009050393104553222 0.02650046878390842
0 0.5383071064949035 0.11204916106330023 0.007925677299499511 0.02449117236667209
