0 0.636652660369873 0.5182969411214192 0.07124009132385253 0.11315926445855035
0 0.8041233062744141 0.6194417317708333 0.04462180137634277 0.13799730936686197
1 0.5300523519515992 0.21572593053181965 0.029431962966918947 0.04850012461344401
0 0.3725746348500252 0.3494424925910102 0.016916248202323913 0.07519753774007161
0 0.13942971229553222 0.5224439832899306 0.05547395944595337 0.11308932834201389
0 0.8604246139526367 0.810832044813368 0.06325006484985352 0.16938340928819445
0 0.5908202767372132 0.22784587012396917 0.0127791166305542 0.05061433580186632
0 0.3365955829620361 0.7333094278971354 0.0591871976852417 0.16708619859483506
1 0.5081434726715088 0.14961614078945584 0.01871352195739746 0.03499646716647678
0 0.46807925701141356 0.32218729654947914 0.019116878509521484 0.06495958964029948
1 0.5604958772659302 0.33679914474487305 0.05619134902954102 0.10339111751980251
0 0.5702488780021667 0.18789386219448515 0.009992575645446778 0.043069383833143446
0 0.6203093528747559 0.7981341891818576 0.0445004940032959 0.18123686048719617
0 0.6197682857513428 0.32445266511705184 0.020847511291503907 0.07523458268907335
0 0.11152114868164062 0.3576695760091146 0.050407016277313234 0.07794439527723525
0 0.2944814205169678 0.34385318756103517 0.01799001693725586 0.05584119160970052
0 0.03660362660884857 0.6253487057156033 0.07320725321769714 0.12222603691948784
0 0.3240007758140564 0.3807313495212131 0.027164196968078612 0.06592564053005642
1 0.5429831266403198 0.2848674562242296 0.03747916221618652 0.06522335476345487
1 0.4304445177316666 0.3794322543674045 0.1031739890575409 0.0869248284233941
0 0.5459386825561523 0.17313721974690754 0.008524084091186523 0.03599442376030816
1 0.5458333492279053 0.12423523796929253 0.017093086242675783 0.029197141859266494
0 0.9756026268005371 0.8182040744357639 0.047759056091308594 0.14261177910698786
0 0.43382171392440794 0.30625295639038086 0.01687357425689697 0.058081330193413626
0 0.7140026092529297 0.37403106689453125 0.025101995468139647 0.08820169236924913
0 0.48519173860549925 0.3059661136733161 0.015198874473571777 0.03415444956885444
0 0.38327481746673586 0.30661974615520904 0.01193389892578125 0.03546171453264024
0 0.43383347392082217 0.1792775101131863 0.009988605976104736 0.0360436651441786
0 0.8877612113952636 0.6589902665879991 0.045949554443359374 0.13211169772677953
0 0.33226393926888703 0.3258604261610243 0.019445442780852317 0.053828133477105036
1 0.4192667603492737 0.22874074512057835 0.03192048072814942 0.07056848737928602
1 0.4667442381381989 0.13693319426642525 0.01744483709335327 0.03555527793036567
0 0.444092732667923 0.19477074940999348 0.009664642810821533 0.0408850351969401
1 0.3873853921890259 0.3956395864486694 0.025229215621948242 0.07331780857510037
0 0.34877540692687037 0.31059517067753606 0.01942637115716934 0.04211709230310387
0 0.42243734300136565 0.17468943066067166 0.008936434984207153 0.034813414679633246
3 0.5605653762817383 0.3410254160563151 0.06783781051635743 0.10427305433485243
3 0.6178466200828552 0.7925291485256619 0.07080271244049072 0.20653224521213107
0 0.3975781798362732 0.2054767820570204 0.012334620952606202 0.03999281989203559
0 0.30839766263961793 0.3124852180480957 0.01695125102996826 0.054914241366916236
1 0.6258997857570648 0.9595572577582465 0.05179957151412964 0.08088548448350695
0 0.41827971041202544 0.2990944544474284 0.017319625616073607 0.056107415093315974
0 0.5375831484794616 0.1373152732849121 0.006649231910705567 0.02718406253390842
0 0.32777353972778656 0.2920095549689399 0.014692530024331064 0.05317681630452474
1 0.9728626370429992 0.8238379584418403 0.05427472591400147 0.13304070366753473
3 0.46339244246482847 0.2220693694220649 0.035882318019866945 0.08806985219319662
0 0.515233039855957 0.12238188849555122 0.007476902008056641 0.023136032952202693
0 0.4786143064498901 0.2729850133260091 0.01334075927734375 0.050388675265842016
