0 0.28280208110809324 0.5222304873996311 0.06762175559997559 0.09883261786566841
0 0.7942855834960938 0.4586352878146701 0.06030240058898926 0.09457295735677083
0 0.5354141473770142 0.273759396870931 0.014633369445800782 0.06132536994086372
0 0.6192588925361633 0.3860843128628201 0.030185437202453612 0.08798041873508029
0 0.3218642592430115 0.2934414863586426 0.0196735143661499 0.0678280512491862
0 0.37921570539474486 0.2975646866692437 0.014623069763183593 0.06629178788926866
1 0.5571668148040771 0.5285792880588107 0.16815977096557616 0.14154120551215277
0 0.42371493577957153 0.29188785552978513 0.01556539535522461 0.06332160101996528
0 0.8809339523315429 0.6004865010579427 0.0372218132019043 0.13081381056043836
0 0.41831752061843874 0.2171540790134006 0.01202545166015625 0.045905685424804686
0 0.4051550328731537 0.19105596012539333 0.010629403591156005 0.041339778900146486
0 0.4538599491119385 0.3478284411960178 0.028014373779296876 0.08062392340766059
0 0.36933999955654145 0.22215549680921767 0.013119882345199585 0.04874447716606988
0 0.393628454208374 0.22699209849039714 0.012205755710601807 0.05052282545301649
0 0.5440235495567322 0.16496553421020507 0.0095839262008667 0.03684118058946398
1 0.5572108268737793 0.23031751844618056 0.04051308631896973 0.060414886474609374
0 0.5625925540924073 0.36747282875908743 0.025965118408203126 0.07645765940348308
0 0.4120374470949173 0.25692048602634004 0.01418946385383606 0.054625384012858075
0 0.5163990020751953 0.3758095211452908 0.03397965431213379 0.08550745646158854
1 0.2723825454711914 0.45958972507052953 0.14742623567581176 0.11615159776475695
0 0.51563201546669 0.16670347849527994 0.009406745433807373 0.038626310560438366
0 0.08559480905532837 0.3656868828667535 0.0511113166809082 0.07514110141330295
0 0.39940829277038575 0.28854921129014754 0.016549813747406005 0.06986126369900174
0 0.48197356462478635 0.22736554675632054 0.011143803596496582 0.04805066850450304
1 0.793133270740509 0.4604150136311849 0.06373651027679443 0.08859600490993924
1 0.04243846833705902 0.49381145901150175 0.08288314938545227 0.12843335469563802
0 0.528850769996643 0.1625824080573188 0.008865118026733398 0.036071289910210504
0 0.4468161046504974 0.1726717472076416 0.007920634746551514 0.035119957394070096
0 0.5086955904960633 0.3112478468153212 0.018797636032104492 0.06360749138726128
0 0.623522412776947 0.21123960283067492 0.017792010307312013 0.039244884914822045
1 0.5456102848052978 0.12356981701321072 0.016756629943847655 0.02918063269721137
0 0.36471976041793824 0.2960050582885742 0.016917920112609862 0.08646965026855469
0 0.43348353505134585 0.15279985004001193 0.007306015491485596 0.03148708343505859
0 0.418321767449379 0.1698408179812961 0.009019726514816284 0.036256567637125654
1 0.4499234199523926 0.231448851691352 0.04247128963470459 0.07845713297526041
0 0.6651728630065918 0.3030983395046658 0.016968917846679688 0.0802932103474935
0 0.5452194094657898 0.35956739054785836 0.01693885326385498 0.050159491433037655
3 0.5653509497642517 0.31277987586541306 0.037205052375793454 0.04688821579847071
0 0.4398942172527313 0.1595002015431722 0.007163798809051514 0.029022693634033203
0 0.9675498008728027 0.6914488050672744 0.05492668151855469 0.15002373589409723
0 0.4532518446445465 0.14146742820739747 0.006578385829925537 0.028967550065782336
0 0.41405158340930937 0.1555161370171441 0.008687466382980347 0.032161013285319014
0 0.2745485663414001 0.30631865395439994 0.017979741096496582 0.05643405914306641
1 0.33640248626470565 0.4568380938635932 0.032179972529411315 0.09262573454115126
1 0.08919529914855957 0.37127055327097574 0.051419615745544434 0.054003773795233835
2 0.04283487005159259 0.45931037531958685 0.08290630970150233 0.18948365847269694
0 0.3261366317747161 0.2237450811598036 0.011255405331030487 0.05018545786539714
0 0.807355535030365 0.397489955690172 0.020355486869812013 0.048866621653238934
0 0.5362786412239074 0.2982291069295671 0.012017130851745605 0.018680436081356472
0 0.5208992719650268 0.1266583071814643 0.006116247177124024 0.024152384863959417
0 0.3965238928794861 0.30986190438270567 0.006524109840393066 0.03440306848949856
3 0.26542583107948303 0.44702413082122805 0.14484375715255737 0.1586235523223877
2 0.26984539031982424 0.4544405460357666 0.1519679069519043 0.16702049043443468
