1 0.7956879615783692 0.6687082078721788 0.1839700698852539 0.2621341281467014
0 0.0685265839099884 0.7957005818684896 0.0902804434299469 0.22696206834581162
0 0.5800902366638183 0.5317538367377387 0.04057021141052246 0.147786373562283
2 0.46319552659988406 0.20795839097764757 0.05496547222137451 0.11549258761935764
0 0.23818771839141845 0.47286348872714573 0.0340156078338623 0.09031432469685872
0 0.3418289482593536 0.28297093709309895 0.02268003821372986 0.05847485860188802
1 0.07838268280029297 0.39523773193359374 0.06464736461639405 0.09018029106987847
0 0.5216862559318542 0.3148761855231391 0.024887681007385254 0.07046748267279732
0 0.36091519594192506 0.31210125817192924 0.024009394645690917 0.0706915537516276
0 0.0638776808977127 0.39903829362657334 0.03725005984306336 0.08552886115180122
1 0.5801751375198364 0.5359121587541368 0.05604410171508789 0.1592682202657064
3 0.46300840377807617 0.20911966959635417 0.05611062049865723 0.10256653891669379
0 0.388488307595253 0.2200140529208713 0.016945582628250123 0.052158885531955294
0 0.4147793143987656 0.16100692749023438 0.012126904726028443 0.03733321295844184
3 0.7994894295930862 0.631030093299018 0.20299267172813415 0.3332426495022244
0 0.3908992409706116 0.17638071378072104 0.0123321533203125 0.04010593626234266
0 0.3682576954364777 0.19919454786512586 0.01184006929397583 0.04101575215657552
0 0.4052415370941162 0.17290259467230903 0.010517656803131104 0.03650775485568576
