0 0.6458856344223023 0.29661905500623914 0.016248130798339845 0.06182039048936632
0 0.45220293998718264 0.5476531982421875 0.0683405876159668 0.1093602074517144
0 0.1650840163230896 0.3832391950819227 0.053044819831848146 0.08240875667995877
0 0.5900243878364563 0.2642876413133409 0.015233969688415528 0.06033412085639106
0 0.8089704513549805 0.8566853841145833 0.057123851776123044 0.2296719021267361
0 0.4543374478816986 0.3345665507846408 0.01603494882583618 0.07244277530246311
0 0.36498241424560546 0.48369742499457463 0.06825435161590576 0.10325499640570747
0 0.669650799036026 0.35013439390394424 0.019838905334472655 0.07423123253716363
0 0.80715913772583 0.585339101155599 0.033240747451782224 0.1316269344753689
0 0.5730781197547913 0.20262999004787868 0.010173964500427245 0.04454691145155165
0 0.729128646850586 0.5452212863498264 0.031005334854125977 0.1314487033420139
0 0.7013339281082154 0.35171208911471896 0.01926887035369873 0.06761006249321831
0 0.5498900532722473 0.2599031236436632 0.013290619850158692 0.053600438435872394
0 0.5507946610450745 0.21617310841878254 0.011493420600891114 0.04440188937717014
0 0.3440412521362305 0.33989617029825847 0.01760873794555664 0.06135942671034071
0 0.3835148632526398 0.3547167142232259 0.018048834800720216 0.07537017398410373
0 0.4670261383056641 0.4339354197184245 0.05116019248962402 0.08773523966471354
0 0.42503470480442046 0.35767331785625883 0.02289380431175232 0.04960430728064643
0 0.7791440486907959 0.47532085842556426 0.03458452224731445 0.10514734056260851
0 0.3603938683867455 0.29995932049221463 0.016696015000343324 0.06441805097791883
0 0.2201932430267334 0.40181556277804903 0.022220659255981445 0.050909466213650174
0 0.5435072898864746 0.17112881872389052 0.009920549392700196 0.03673999574449327
0 0.08465307950973511 0.36171908908420136 0.05231495499610901 0.07973011864556206
0 0.270183801651001 0.4782151116265191 0.07528293132781982 0.09259698655870226
1 0.1637416660785675 0.3917190233866374 0.04988774061203003 0.05524258083767361
0 0.3146944880485535 0.33958392673068577 0.018382573127746583 0.06242735120985243
0 0.5677024960517884 0.17800643708970812 0.009505391120910645 0.0357134289211697
0 0.5558987498283386 0.19168441030714248 0.009730935096740723 0.0365945922003852
0 0.39842177331447604 0.31317805184258357 0.015291720628738403 0.06275950537787543
0 0.9622117042541504 0.7459179348415799 0.05040454864501953 0.15445696512858073
0 0.373567932844162 0.3149826473659939 0.01562691926956177 0.06106770833333333
0 0.4589456021785736 0.18233675956726075 0.007970178127288818 0.03627990086873372
0 0.42848854660987856 0.21812476052178276 0.010638892650604248 0.043961991204155816
1 0.4517301142215729 0.2346002048916287 0.04095052480697632 0.07530608707004123
0 0.44523876905441284 0.17046213150024414 0.007608723640441894 0.03274517059326172
0 0.33279411420226096 0.19655115869310166 0.012117825448513031 0.042043844858805336
0 0.5606364011764526 0.4018138249715169 0.02761087417602539 0.08222745259602865
0 0.48218425512313845 0.31078725390964085 0.0174152135848999 0.06038731469048394
0 0.4275299072265625 0.2903098530239529 0.013846945762634278 0.053445328606499566
0 0.2759648323059082 0.3066592216491699 0.01527094841003418 0.05443765852186415
3 0.8084955155849457 0.8635355631510416 0.07835174798965454 0.22757559882269965
0 0.5292476534843444 0.13344218466016983 0.00719449520111084 0.02624991734822591
0 0.29841558933258056 0.3290018505520291 0.01631007194519043 0.057012642754448783
0 0.5392845749855042 0.14612478680080837 0.006956171989440918 0.028114806281195746
1 0.5456746816635132 0.12385241190592448 0.01685810089111328 0.0290699217054579
0 0.6232114799320698 0.20910170873006184 0.01736392229795456 0.04170907338460286
1 0.8086602866649628 0.8968547821044922 0.07047830820083618 0.15182868109809028
0 0.9733238220214844 0.6971328311496311 0.023346090316772462 0.07606930202907985
0 0.4753436863422394 0.19383649826049804 0.009291112422943115 0.039332177903917104
1 0.5169528484344482 0.38384891086154516 0.11257209777832031 0.1144309785630968
1 0.5158614933490753 0.1715591854519314 0.019486796855926514 0.04873928493923611
0 0.9578738212585449 0.9428717719184028 0.07499408721923828 0.11014200846354166
2 0.5181777000427246 0.3757748524347941 0.11243276596069336 0.12965727382236056
1 0.22647506594657899 0.45947040451897514 0.05627604722976685 0.08663462532891167
1 0.5495047688484191 0.3099697430928548 0.04435532093048096 0.06567469702826606
1 0.3408057540655136 0.447215912077162 0.04098650813102722 0.08561421500311958
0 0.20683260560035704 0.4437849680582682 0.027159154415130615 0.06918682522243924
0 0.4142852872610092 0.26035411622789173 0.012329155206680298 0.05169027116563585
1 0.9405124068260193 0.6625739839341905 0.0660890817642212 0.09707425435384115
0 0.41874723732471464 0.17740204069349502 0.00954851508140564 0.03903908199734158
0 0.5223527371883392 0.1838107744852702 0.009077751636505127 0.03871953752305773
0 0.4293604791164398 0.18943575223286946 0.009666240215301514 0.03888798819647895
0 0.33513946309685705 0.2470498826768663 0.013156421482563019 0.04613906012641059
0 0.3273800915514585 0.28192390865749783 0.013851808302570134 0.06126687791612413
1 0.08840417563915252 0.3711366653442383 0.05101814866065979 0.05668824513753255
3 0.5128872275352478 0.16483396954006618 0.023880362510681152 0.05573690202501085
0 0.4215400516986847 0.32666366630130345 0.016312944889068603 0.03760895729064941
0 0.3852077692747116 0.25989210340711805 0.013042563199996948 0.05205078125
0 0.46020328998565674 0.15784804556104873 0.0074260950088500975 0.030017926957872178
0 0.4179357439279556 0.3010612236128913 0.01077525019645691 0.024344669448004827
1 0.3645912390202284 0.4924747202131483 0.07137506380677223 0.09099401897854276
0 0.8102618217468261 0.42443440755208334 0.032880210876464845 0.0988395267062717
3 0.961698579788208 0.6047634760538737 0.07369465827941894 0.20578778584798177
0 0.3516833335161209 0.18149361080593532 0.016672694683074953 0.04224840799967448
1 0.4510308563709259 0.5536438941955566 0.07479523420333863 0.10456227196587456
2 0.2736542820930481 0.4515732871161567 0.11941630840301513 0.14279246860080294
0 0.41361654102802276 0.22258680131700304 0.011003798246383667 0.04493819342719184
