0 0.0724459707736969 0.7835726420084635 0.08249620199203492 0.24190266927083334
0 0.5567262411117554 0.3503028763665093 0.03129138946533203 0.08478370242648654
1 0.40613910406827924 0.4262924512227376 0.08264159262180329 0.17392359839545357
0 0.33424603939056396 0.4022909588283963 0.0300537109375 0.1003138648139106
1 0.42268723249435425 0.2646614074707031 0.04841649532318115 0.10547137790256077
0 0.33316835165023806 0.2815999560885959 0.0252363920211792 0.07038154602050781
0 0.24409981966018676 0.4116996553209093 0.033887505531311035 0.0821648915608724
0 0.4115801900625229 0.1605679406060113 0.011298471689224243 0.03947686089409722
0 0.09530636668205261 0.40771022372775606 0.023962843418121337 0.06239454481336806
0 0.29454760551452636 0.3945666842990451 0.033646774291992185 0.10575991736518012
1 0.31324214935302735 0.38274963166978626 0.07999930381774903 0.1515167448255751
0 0.4246069252490997 0.13747977680630155 0.010423028469085693 0.03553105460272895
0 0.5183472812175751 0.19339917500813802 0.013067877292633057 0.04052857293023004
3 0.07467261403799057 0.7892131593492296 0.09985397160053253 0.261892573038737
3 0.4066988959908485 0.4309681018193563 0.08822459876537322 0.19606321652730305
2 0.40542382597923277 0.4286258194181654 0.08943959474563598 0.1904634846581353
0 0.373083071410656 0.2373281584845649 0.015790238976478577 0.05960305531819662
