0 0.5608794212341308 0.46232782999674477 0.059333515167236325 0.08830782572428385
0 0.7246763169765472 0.4668014102511936 0.025827848911285402 0.10084906684027778
0 0.4939568519592285 0.44387410481770834 0.052641677856445315 0.09119351704915364
1 0.5165165603160858 0.1959871768951416 0.026733505725860595 0.041806231604682074
0 0.40068893432617186 0.41898490058051213 0.04919002056121826 0.08587235344780816
1 0.5648948669433593 0.34778741200764973 0.065557861328125 0.08693097432454427
0 0.2913388252258301 0.4582412295871311 0.05899226665496826 0.09414037068684895
0 0.58454509973526 0.23348204294840494 0.013443398475646972 0.05325927734375
0 0.6483811378479004 0.4557646009657118 0.05128846168518066 0.09870741102430555
0 0.9415336608886719 0.6805252075195313 0.05236349105834961 0.1435919867621528
0 0.36894171088933947 0.30170587963528106 0.014096251130104065 0.06226995256212023
0 0.40862791538238524 0.2905191315544976 0.01617276668548584 0.06403933631049262
0 0.3910131871700287 0.29571216371324327 0.016423189640045167 0.05656918419731988
0 0.5499478816986084 0.17995455000135635 0.00966949462890625 0.04022221035427517
0 0.4676960825920105 0.31288493474324547 0.015839290618896485 0.06663778093126085
0 0.35299196988344195 0.29711581336127385 0.015455618500709534 0.06062566969129774
0 0.3313868403434753 0.30455781088935 0.019551396369934082 0.05430660247802734
0 0.41348523199558257 0.20536827511257597 0.011060386896133423 0.041905509101019964
1 0.44419136047363283 0.26932752397325305 0.037476301193237305 0.07267909579806858
0 0.4914676547050476 0.3301324208577474 0.025283050537109376 0.07062505086263021
0 0.5268025279045105 0.17092312706841362 0.008907008171081542 0.037302652994791664
0 0.7559211552143097 0.38285050921969943 0.022954046726226807 0.069881714714898
1 0.5594351768493653 0.4593886587354872 0.06260895729064941 0.09080787234836155
1 0.20318260192871093 0.43131273057725694 0.16142055988311768 0.11865840488009982
0 0.5381755948066711 0.3049455854627821 0.0171644926071167 0.06290418836805556
0 0.5597233295440673 0.15446538395351833 0.008458757400512695 0.03241482840643989
0 0.509224659204483 0.14142845471700033 0.007302248477935791 0.03208053376939562
3 0.4583693027496338 0.20950225724114313 0.04382786750793457 0.15926311280992295
0 0.5216064512729645 0.13961302969190809 0.007127940654754639 0.028818247053358288
1 0.42504203617572783 0.17876908514234754 0.024961942434310914 0.04959675470987956
0 0.5601458311080932 0.20484751595391168 0.00987558364868164 0.04095829857720269
1 0.5484476923942566 0.26318461100260415 0.04285285472869873 0.09485804239908854
0 0.27432105541229246 0.30865814420912 0.017694902420043946 0.05371744367811415
0 0.3801549881696701 0.2157196150885688 0.012405914068222047 0.044866286383734806
0 0.539893651008606 0.15642707612779405 0.007621860504150391 0.03192984263102214
0 0.3171639680862427 0.30217888487709893 0.014253902435302734 0.026579991976420084
1 0.9369247674942016 0.663145022922092 0.05981678962707519 0.09522933959960937
0 0.3923483967781067 0.19487648540072972 0.010844826698303223 0.04032977422078451
0 0.5322656154632568 0.14612174563937716 0.007308387756347656 0.029745462205674915
1 0.48956394791603086 0.4437046421898736 0.06220186948776245 0.09133518007066514
0 0.812553596496582 0.4325159708658854 0.03221144676208496 0.09603750440809462
1 0.40021164417266847 0.24054915110270184 0.0329784631729126 0.08478262159559462
3 0.9614190816879272 0.5844683541191948 0.07493500709533692 0.24812465243869358
1 0.3040964365005493 0.9575501124064127 0.05493316650390625 0.08489977518717448
0 0.38388698995113374 0.2677631484137641 0.012537449598312378 0.05499901241726345
3 0.5475344657897949 0.25996331108940973 0.04467010498046875 0.10170559353298611
0 0.004168147768359632 0.3948788113064236 0.008299305685795844 0.0594970703125
0 0.4422220945358276 0.21589248445298936 0.010201144218444824 0.04102556440565321
0 0.3410306558012962 0.2589677916632758 0.017057356238365174 0.04780699412027995
3 0.6261170045938342 0.9611300574408637 0.04965860517695546 0.07773988511827257
1 0.4277668297290802 0.11123437351650661 0.013964688777923584 0.025751527150472006
