0 0.06617847681045533 0.695171610514323 0.07968881130218505 0.19168095058865017
0 0.3420177763327956 0.49460582733154296 0.03731854446232319 0.10580346849229601
0 0.661765193939209 0.4884717305501302 0.050102758407592776 0.13425174289279515
0 0.6423056364059448 0.22713088989257812 0.021277570724487306 0.053295135498046875
0 0.6087402462959289 0.20869083404541017 0.014574170112609863 0.05001504686143663
0 0.3115462899208069 0.32326321072048614 0.028525900840759278 0.0699678209092882
0 0.27770447731018066 0.450554190741645 0.039371681213378903 0.11873643663194444
0 0.2600244998931885 0.7837428622775607 0.07368857860565185 0.17896931966145832
0 0.36233361810445786 0.2967537138197157 0.02578449547290802 0.0644913567437066
0 0.20520708560943604 0.4662200503879123 0.04192444086074829 0.10914476182725695
1 0.6583467490971089 0.49191624323527017 0.0743111476302147 0.15663954416910808
0 0.3130608797073364 0.37745644251505533 0.02399587631225586 0.054802428351508246
0 0.39155704975128175 0.18383943769666883 0.014948248863220215 0.040728123982747395
0 0.3828169673681259 0.37917805777655705 0.031198388338088988 0.0882688946194119
0 0.07670916318893432 0.39279352823893227 0.057026219367980954 0.08523358239067926
0 0.5970693349838256 0.18348331451416017 0.012100791931152344 0.03942112392849392
0 0.5816049098968505 0.4482800801595052 0.04317960739135742 0.11278457641601562
0 0.15643256902694702 0.46596844991048175 0.03441841602325439 0.10898530748155381
0 0.5829373836517334 0.16893514527214898 0.011863422393798829 0.03640406926472982
0 0.38739223778247833 0.22901590135362412 0.015412646532058715 0.05710457695855035
0 0.3377859711647034 0.2763512823316786 0.021377825736999513 0.05778365665011936
0 0.604146945476532 0.16702002419365777 0.010332560539245606 0.029796960618760852
3 0.06570695489645004 0.6987501250372993 0.0910542756319046 0.20547055138481987
3 0.4508942186832428 0.22678411271837023 0.058443868160247804 0.1530361599392361
0 0.4092411190271378 0.20596923828125 0.014059144258499145 0.05141567654079861
0 0.3615875214338303 0.23817826377020943 0.017479997873306275 0.05889648861355252
0 0.20562806129455566 0.2871013005574544 0.040936756134033206 0.05225791931152344
0 0.38541464805603026 0.27352395587497286 0.021566402912139893 0.06956263648139106
0 0.32557297945022584 0.2652065594991048 0.013503575325012207 0.03779676225450304
2 0.6568797267973423 0.4911244551340739 0.07636663168668748 0.16124016443888348
1 0.2062400460243225 0.4622542964087592 0.05038783550262451 0.11280194388495551
0 0.36852947473526 0.511161020067003 0.021236205101013185 0.058930163913302955
1 0.5820580720901489 0.45053994920518664 0.04662556648254394 0.12403700086805555
0 0.421879979968071 0.139758915371365 0.008820778131484986 0.028159904479980468
1 0.3395486116409302 0.4988977856106228 0.05682892799377441 0.1402518802218967
1 0.46635192036628725 0.15593032307094998 0.017146050930023193 0.042005591922336154
0 0.31954641342163087 0.42485957145690917 0.024123334884643556 0.06008041169908312
