1 0.5775053977966309 0.23881997002495658 0.045517778396606444 0.08266385396321614
1 0.4284076988697052 0.34112464057074654 0.06063820123672485 0.1115099589029948
0 0.16020028591156005 0.7194854736328125 0.07429620027542114 0.19073418511284723
1 0.21129974722862244 0.5208586692810059 0.06427499055862426 0.14613191816541884
1 0.6188945770263672 0.5028031243218316 0.09560570716857911 0.1882251739501953
1 0.16906214356422425 0.6634239620632596 0.07651299238204956 0.09537429809570312
0 0.2721978187561035 0.41975474887424047 0.04127354621887207 0.08012703789605034
0 0.6851837515830994 0.3816417270236545 0.03262858390808106 0.0732161627875434
1 0.432581490278244 0.2598046514723036 0.041729843616485594 0.08295374976264105
0 0.8317445755004883 0.5379511091444228 0.04756040573120117 0.14471638997395833
0 0.24632539749145507 0.6755222320556641 0.050674152374267575 0.17112180921766493
0 0.3713914766907692 0.23120263417561848 0.01663963496685028 0.05330446031358507
0 0.2110314130783081 0.5206771850585937 0.04873472452163696 0.12443949381510416
0 0.3040679931640625 0.4819024827745226 0.040030288696289065 0.11910311381022136
0 0.6779187560081482 0.31202385160658097 0.022908604145050047 0.07273519304063585
0 0.3504051029682159 0.2670828501383464 0.017573660612106322 0.051590347290039064
0 0.34949036985635756 0.2251207987467448 0.015461567044258117 0.04158240424262153
3 0.5123348534107208 0.169951417711046 0.0392607569694519 0.07582893371582031
0 0.30791689157485963 0.33491880628797743 0.025689339637756346 0.07027537027994792
0 0.3345021282322705 0.33592667049831815 0.023919444344937802 0.08203595479329427
0 0.27107062339782717 0.34294889238145615 0.03357486724853516 0.0807318369547526
0 0.38938878774642943 0.24896183013916015 0.021222424507141114 0.06184154086642795
0 0.07742611169815064 0.3994222005208333 0.058043795824050906 0.06230829026963976
2 0.42808189392089846 0.34492226706610785 0.06367182731628418 0.11206675635443794
0 0.40274973809719083 0.15931475427415637 0.011106389760971069 0.03633678224351671
0 0.31705646514892577 0.29209007687038846 0.024350237846374512 0.06433762444390191
3 0.8296136260032654 0.5401868873172336 0.05483729839324951 0.15976747936672633
0 0.5656708359718323 0.11766764852735731 0.010843491554260254 0.02948001225789388
1 0.24398407936096192 0.6430741628011067 0.06505041122436524 0.13607389662000868
0 0.4372213542461395 0.2003838962978787 0.01541839838027954 0.04505939483642578
1 0.4713182389736176 0.17508542272779676 0.023461759090423584 0.06000295215182834
0 0.48771253824234007 0.16798085106743707 0.015818047523498534 0.03768030802408854
