1 0.19991971850395202 0.5708786646525065 0.060885059833526614 0.15197749667697483
0 0.2015476942062378 0.5730617099338108 0.050091993808746335 0.1330466800265842
0 0.649265718460083 0.32027626037597656 0.02782578468322754 0.09118101331922743
0 0.33657709560357035 0.3122492684258355 0.031021495629101992 0.0854974110921224
1 0.2875726938247681 0.3413094096713596 0.03862471580505371 0.11166998545328775
0 0.37166012525558473 0.2857805887858073 0.023827004432678222 0.07455223931206598
1 0.7888239741325378 0.575743760002984 0.054934906959533694 0.14609692891438802
0 0.631040620803833 0.19761656125386556 0.015007925033569337 0.04323008855183919
0 0.28702781200408933 0.33888957765367295 0.03349752426147461 0.0943100611368815
0 0.3746095195412636 0.21009880701700848 0.014716693758964538 0.04644756317138672
0 0.42058432698249815 0.15943324830796984 0.010400998592376708 0.038904889424641924
0 0.4015330672264099 0.18047122955322265 0.013623225688934325 0.04338370429144965
0 0.7890504896640778 0.5620021608140734 0.049366891384124756 0.1168999989827474
1 0.33862311840057374 0.3119229210747613 0.04640903472900391 0.10863681369357639
0 0.45401129126548767 0.14647829797532824 0.009899652004241944 0.03310293621487088
0 0.5685749888420105 0.1320971965789795 0.010014843940734864 0.03304603364732531
0 0.09478738605976104 0.4065571705500285 0.026405209302902223 0.06103525691562229
0 0.5110969245433807 0.14068437152438693 0.012206852436065674 0.03230351342095269
0 0.4300232768058777 0.16006051169501412 0.010138797760009765 0.03841580284966363
0 0.5520800828933716 0.12178002993265788 0.009463357925415038 0.026854017045762804
1 0.47156851291656493 0.15633622805277506 0.020421504974365234 0.04260023964775933
0 0.5762129306793213 0.17582123544481065 0.01331791877746582 0.04321468141343859
