0 0.3565377712249756 0.44737481011284724 0.05584437847137451 0.09211150275336372
0 0.6242964133620262 0.2807478480868869 0.014274105429649353 0.058397526211208764
1 0.42528357803821565 0.19458840688069662 0.02430371642112732 0.04319856431749132
0 0.6095131278038025 0.35306709077623155 0.017351174354553224 0.0755809572007921
0 0.6698702663183213 0.299748166402181 0.01700182557106018 0.06079491509331597
0 0.6378944993019104 0.3460364765591092 0.016493898630142213 0.07512370215521919
0 0.5437884449958801 0.33993700875176325 0.017814278602600098 0.06755962371826171
0 0.58109050989151 0.3396754476759169 0.018407654762268067 0.07606953514946832
0 0.3200656294822693 0.3226712332831489 0.019471955299377442 0.06902597215440538
1 0.19995616674423217 0.5600621541341145 0.16689493656158447 0.13951517740885416
0 0.5518624544143677 0.20606745613945854 0.01017904281616211 0.045207701789008244
0 0.569237220287323 0.24754049513075088 0.014136147499084473 0.054945076836480033
0 0.49380884170532224 0.396293936835395 0.0374701976776123 0.09593709309895833
0 0.5189997494220734 0.3149167166815864 0.016933190822601318 0.06985443962944879
0 0.5345109105110168 0.22029492060343425 0.010772156715393066 0.04719520144992405
0 0.2961045980453491 0.3460420290629069 0.023021507263183593 0.0671733644273546
0 0.5161800265312195 0.18459832933213977 0.008821558952331544 0.039311387803819445
1 0.5495687961578369 0.2776196691724989 0.03621764183044433 0.06527059343126085
0 0.34053213335573673 0.29879803127712673 0.017674797028303147 0.05799848768446181
1 0.46355143189430237 0.26487826241387263 0.03162475824356079 0.07064732445610894
0 0.36864562779664994 0.3099930975172255 0.017424651980400087 0.06418348948160807
0 0.3774092078208923 0.2274731953938802 0.01157130002975464 0.04735658433702257
1 0.4626070261001587 0.20705746544731987 0.027007293701171876 0.053132926093207467
0 0.8797702789306641 0.4783014085557726 0.06346654891967773 0.10370826721191406
0 0.5021606266498566 0.16534236801995172 0.008120214939117432 0.033030456966824
0 0.38983939290046693 0.2350482728746202 0.01174931526184082 0.049786376953125
0 0.4049317717552185 0.18351558049519856 0.00883699655532837 0.03925783369276259
1 0.5458355903625488 0.1245772361755371 0.01738128662109375 0.03011163075764974
0 0.43521267771720884 0.29513596428765193 0.016740691661834717 0.06805746290418836
1 0.1364614486694336 0.8793607923719619 0.16256598234176636 0.23262227376302083
0 0.522035151720047 0.15466865433586968 0.00813220739364624 0.03231880399915907
0 0.5346708416938781 0.16838872167799207 0.007672619819641113 0.034609911176893444
0 0.38414561152458193 0.1881812466515435 0.010157549381256103 0.037933466169569226
0 0.22547564506530762 0.3700968424479167 0.04468460083007812 0.08461723327636719
0 0.43896315097808836 0.1703280078040229 0.009078574180603028 0.03519606060451931
1 0.2287220239639282 0.3776577949523926 0.04412975311279297 0.05134090847439236
0 0.5450037240982055 0.1686728901333279 0.007834053039550782 0.03403436872694227
0 0.37037254571914674 0.2584983295864529 0.012378692626953125 0.05328795115152995
0 0.6367189168930054 0.2278937127855089 0.013817799091339112 0.04371988508436415
1 0.8940775632858277 0.495295418633355 0.08896617889404297 0.0737778557671441
0 0.4135193884372711 0.16574438942803277 0.009157919883728027 0.03322993384467231
3 0.4625953257083893 0.15425701671176487 0.03095327615737915 0.0791320694817437
0 0.392706698179245 0.20930904812282985 0.011869049072265625 0.041025670369466145
0 0.364699213206768 0.22365972730848524 0.013289919495582581 0.04777416653103299
0 0.3278443706542021 0.26416351530287 0.015001673001097515 0.055635685390896264
0 0.3908076882362366 0.2734325197007921 0.013809418678283692 0.0515403323703342
0 0.5291491389274597 0.1991755273607042 0.009443259239196778 0.041287634107801646
0 0.7141390681266785 0.34912378655539617 0.012346863746643066 0.046378853585984973
1 0.4094006657600403 0.24211883544921875 0.03454272747039795 0.06562067667643229
0 0.412218913435936 0.2924354977077908 0.016207486391067505 0.06329616970486111
0 0.1103785514831543 0.3562823401557075 0.047663933038711546 0.0784987555609809
0 0.49800007939338686 0.28885913425021703 0.015302455425262452 0.07103763156467013
1 0.9358089327812195 0.6619040383232965 0.06000764369964599 0.09841414557562934
0 0.649220398068428 0.24038659201727974 0.012379354238510132 0.05003147125244141
0 0.35982644706964495 0.2619953685336643 0.013978907465934753 0.04920800526936849
