0 0.6448919668793678 0.3531436284383138 0.034887728095054624 0.09227553473578559
0 0.3974125325679779 0.22274028990003797 0.019156777858734132 0.05738506317138672
0 0.36133712232112886 0.2274075084262424 0.02025536894798279 0.0577708986070421
0 0.7289642870426178 0.4491932127210829 0.03513423204421997 0.11040645175509983
0 0.30208024978637693 0.3674431906806098 0.03633866310119629 0.0974694569905599
0 0.2379992961883545 0.5496530320909289 0.06725084781646729 0.15389133029513888
0 0.35253437235951424 0.29107600318060983 0.02539658397436142 0.05570411682128906
0 0.07549943923950195 0.39342515733506944 0.05640687942504883 0.07562260097927517
0 0.6036446332931519 0.1721240626441108 0.011797380447387696 0.038943343692355685
1 0.29990861415863035 0.3679586370786031 0.041299867630004886 0.09989595148298476
1 0.23441102504730224 0.5458296457926433 0.08999228477478027 0.18606101142035592
0 0.026443037390708923 0.8777438693576389 0.051563340425491336 0.17625079684787326
2 0.23585755825042726 0.5457375473446316 0.08700428009033204 0.1798410521613227
0 0.4275056302547455 0.159499904844496 0.010513460636138916 0.03648911582099067
0 0.3404851982370019 0.36720465554131404 0.030502180382609368 0.09637343088785807
0 0.3536675781011581 0.3341038253572252 0.017005729675292968 0.040419721603393556
0 0.5649363279342652 0.1672649489508735 0.0110748291015625 0.03429605695936415
0 0.44073657393455506 0.1754759947458903 0.01255127191543579 0.0419899304707845
0 0.41860122680664064 0.2111159642537435 0.01845250129699707 0.059221182929144967
3 0.23558342456817627 0.5442330731285943 0.08278045654296876 0.17458384831746418
0 0.352638003975153 0.17398281627231174 0.020222054421901704 0.040832000308566624
0 0.5219220757484436 0.13190355830722386 0.01136000156402588 0.04160909652709961
0 0.41360566914081576 0.16321393648783367 0.010099846124649047 0.034052668677435984
0 0.37308449745178224 0.19770705964830187 0.01133427619934082 0.0361263910929362
