0 0.5825802206993103 0.2988801108466254 0.02537853717803955 0.07833302815755208
0 0.3193747401237488 0.3646423445807563 0.028373360633850098 0.08097192976209852
0 0.3432243824005127 0.31710862053765193 0.025584864616394042 0.07536576588948568
0 0.31025702953338624 0.5642199198404948 0.04784035682678223 0.14667799207899307
3 0.42501306533813477 0.3445590549045139 0.1031613826751709 0.2565964380900065
0 0.36519579738378527 0.21964455710517036 0.01673465073108673 0.05500507354736328
0 0.07445106506347657 0.39447199503580727 0.05724374651908874 0.0817535400390625
1 0.25909837484359743 0.5464444266425239 0.05535924434661865 0.13351419236924914
0 0.3556001611053944 0.3929733700222439 0.035993562638759614 0.0945705837673611
0 0.11387429237365723 0.790227762858073 0.0878229022026062 0.2043111589219835
1 0.35224013328552245 0.3930016411675347 0.04647374153137207 0.10569652981228299
0 0.2868063569068909 0.3388986693488227 0.032751059532165526 0.07952806684705946
0 0.5663150191307068 0.14195174641079372 0.01149423122406006 0.03566160202026367
0 0.3118733882904053 0.28004170523749455 0.01763772964477539 0.054059706793891056
0 0.2592888355255127 0.5472526550292969 0.051999592781066896 0.14176114400227866
0 0.6043600559234619 0.17003968556722004 0.011268711090087891 0.03857557508680556
1 0.3187627553939819 0.3104865414400895 0.02175769805908203 0.04101866698927349
1 0.3188656449317932 0.3656924446423849 0.03237340450286865 0.07946786085764566
1 0.4296906590461731 0.18473914464314778 0.02899026870727539 0.06727373335096572
0 0.29482455253601075 0.4495201958550347 0.03332977294921875 0.10603841145833333
0 0.15595636367797852 0.6224604288736979 0.06079584360122681 0.15515624152289498
0 0.21195616722106933 0.45067795117696124 0.02335200309753418 0.08159867392645942
0 0.5956993222236633 0.17323654492696125 0.015147519111633301 0.04418679343329535
0 0.5471933603286743 0.30426127115885415 0.020440673828125 0.07066497802734376
0 0.22378523349761964 0.3675887213812934 0.032164382934570315 0.07932383219401042
0 0.4063196986913681 0.13931538793775772 0.011343258619308471 0.03023968802558051
