0 0.10463359355926513 0.7247804429796006 0.08262529969215393 0.20318222045898438
0 0.3413949880748987 0.33890273835923934 0.030718766897916795 0.08377034929063586
0 0.7430038452148438 0.40918829176161026 0.04185051918029785 0.10704608493381076
1 0.5795466780662537 0.449940374162462 0.06440746784210205 0.14705181121826172
0 0.5802520751953125 0.4484206305609809 0.051160669326782225 0.12432501051161024
1 0.491329288482666 0.26886032952202693 0.05877208709716797 0.08856110042995877
0 0.3806214302778244 0.2353745460510254 0.021352440118789673 0.06873544057210286
0 0.41124390065670013 0.19319980939229328 0.01384320855140686 0.04860251744588216
0 0.6155798554420471 0.23477661344740125 0.024047303199768066 0.0679364734225803
3 0.10700174272060395 0.7268961906433106 0.09731863141059875 0.21749803755018446
0 0.575217092037201 0.15707649124993217 0.011686396598815919 0.038325744205051
3 0.4978654086589813 0.17782214482625325 0.07469788789749146 0.15235809750027127
0 0.29574496746063234 0.3348438051011827 0.025626611709594727 0.0798561520046658
0 0.06940388083457946 0.3892102559407552 0.051670539379119876 0.10010378095838758
0 0.555467140674591 0.16536836624145507 0.01057107448577881 0.03149246639675564
0 0.3841259151697159 0.18271417617797853 0.013222604990005493 0.04332909054226346
0 0.3538915038108826 0.1806658903757731 0.02958906888961792 0.05051344765557183
0 0.3935643911361694 0.14848993089463974 0.012871217727661134 0.03800252278645833
0 0.42112985253334045 0.13752381006876627 0.008403146266937256 0.029518826802571615
0 0.4091857969760895 0.16146478123135036 0.010470151901245117 0.039238897959391277
0 0.22122526168823242 0.5332527584499783 0.04601430892944336 0.13005710177951388
