0 0.7139897823333741 0.5540679931640625 0.06993837356567383 0.12047797309027777
1 0.5389240264892579 0.3099903954399957 0.046737957000732425 0.08425337473551432
0 0.2674779653549194 0.6113180796305339 0.06976523399353027 0.14043986002604167
0 0.20046839714050294 0.4714739905463325 0.06677892208099365 0.09499910142686632
0 0.5221774339675903 0.23607052697075737 0.013849782943725585 0.05220731099446615
0 0.2465944766998291 0.3731909857855903 0.05474729537963867 0.0887327406141493
0 0.591918659210205 0.25090166727701824 0.013506269454956055 0.05689769321017795
0 0.5313231706619262 0.20104721917046442 0.010564279556274415 0.044388961791992185
0 0.42763144373893736 0.22423695458306206 0.011567485332489014 0.049317720201280384
0 0.578488552570343 0.20113664203219944 0.011046338081359863 0.04346023135715061
1 0.8885983467102051 0.5184595743815105 0.10638217926025391 0.10810873243543836
1 0.5937626838684082 0.5011383056640625 0.13025856018066406 0.11341281467013889
3 0.45107269287109375 0.25525970458984376 0.04498028755187988 0.12647310892740884
0 0.32890431880950927 0.44120140075683595 0.06413326263427735 0.09857889811197916
0 0.9705021858215332 0.7118191189236112 0.052979469299316406 0.14122111002604168
0 0.3241605281829834 0.2992275661892361 0.016371774673461913 0.06798778110080295
0 0.29372295141220095 0.34073781967163086 0.018501830101013184 0.06161619822184245
1 0.4147977352142334 0.38644612630208336 0.12201957702636719 0.09396375020345052
0 0.3816822588443756 0.2001440578036838 0.011282598972320557 0.04207401275634766
0 0.4204509347677231 0.17062091297573515 0.008478814363479614 0.03721848593817817
0 0.5485321760177613 0.2377185609605577 0.011177873611450196 0.051371256510416664
0 0.5333598375320434 0.16641927295260958 0.00799717903137207 0.033004781934950086
0 0.4083183974027634 0.17226292822096084 0.009991222620010376 0.0395628293355306
0 0.47768067121505736 0.332045406765408 0.0237839937210083 0.0728472391764323
0 0.550149142742157 0.16405737664964465 0.009047389030456543 0.03104378382364909
0 0.4296236753463745 0.1387285285525852 0.007740831375122071 0.029241763220893013
0 0.08428235054016113 0.3654064178466797 0.05139319896697998 0.07457591162787544
0 0.40091978907585146 0.22976739671495225 0.012649345397949218 0.04783185323079427
0 0.5554142355918884 0.20912280612521703 0.010563540458679199 0.043038558959960935
0 0.46934786438941956 0.17001885308159723 0.009718501567840576 0.03625594245062934
1 0.1993756949901581 0.48129861619737413 0.06382232904434204 0.0690566168891059
0 0.38078228533267977 0.2428390079074436 0.013321596384048461 0.04786758422851563
0 0.40209037959575655 0.29536830054389107 0.015334397554397583 0.06004422505696615
0 0.46796445846557616 0.13293902079264322 0.007050991058349609 0.025828594631618924
0 0.4577580451965332 0.12836053106519912 0.006328463554382324 0.025245994991726344
0 0.41323880255222323 0.25151472091674804 0.01200839877128601 0.047333717346191406
0 0.3645798653364182 0.2324152840508355 0.0126614511013031 0.04623201158311632
0 0.5001153647899628 0.3100272364086575 0.013429200649261475 0.04227669503953722
0 0.4469417154788971 0.13257498741149903 0.006859385967254638 0.02698274188571506
0 0.8128408432006836 0.4305004119873047 0.03313298225402832 0.09547899034288194
3 0.3759049654006958 0.38559509780671863 0.048104143142700194 0.11838523281945122
0 0.5231721580028534 0.15580283800760905 0.007533609867095947 0.03105173110961914
1 0.2463003158569336 0.3821476433012221 0.04719634056091308 0.05883398585849338
3 0.4911863565444946 0.10343509780036078 0.011500096321105957 0.030303012000189887
2 0.37574678659439087 0.381752077738444 0.04832589626312256 0.12839029100206162
1 0.936994755268097 0.660075781080458 0.06198384761810303 0.0969488779703776
1 0.3276784896850586 0.45162487559848363 0.06144266128540039 0.06945168177286784
1 0.7129206776618957 0.5535026338365343 0.07561979293823243 0.12985242207845052
1 0.452683287858963 0.3039840615457959 0.039815986156463624 0.02645679646068149
0 0.48268720507621765 0.2360971556769477 0.0124688982963562 0.0475542492336697
0 0.35528266429901123 0.2961453755696615 0.02272181510925293 0.0701893064710829
0 0.4369105756282806 0.12093427446153429 0.006803286075592041 0.02398026784261068
3 0.8852262973785401 0.5115390989515517 0.10828857421875 0.13420448303222657
