0 0.5365668773651123 0.4086128870646159 0.02392587661743164 0.0939962175157335
3 0.7450495719909668 0.6892959170871311 0.1492460250854492 0.2855657789442274
1 0.5491496562957764 0.6611460367838542 0.11173696517944336 0.2079983181423611
0 0.6405855417251587 0.506793212890625 0.026932573318481444 0.090380859375
1 0.43725861310958863 0.36184053421020507 0.06047775745391846 0.11263917287190756
1 0.517871767282486 0.21183811823527018 0.02599142789840698 0.04756450653076172
0 0.25161769390106203 0.7450751410590277 0.043349075317382815 0.17737435234917534
1 0.5960015535354615 0.4278909338845147 0.07724618911743164 0.11824640168084039
0 0.3417849540710449 0.7224112616644965 0.04099814891815186 0.18088743421766493
1 0.43272082805633544 0.1537835915883382 0.019829511642456055 0.03984484142727322
0 0.63627690076828 0.2561259905497233 0.015157675743103028 0.05654400719536675
0 0.8546301841735839 0.6387217203776042 0.03774890899658203 0.1409358130560981
0 0.561273717880249 0.2792724291483561 0.014084386825561523 0.05988398657904731
0 0.544664490222931 0.30594825744628906 0.014320731163024902 0.06186781989203559
0 0.299550199508667 0.6116800096299914 0.030959582328796385 0.15218959384494357
0 0.5956495881080628 0.34654277165730796 0.017977595329284668 0.06876909467909072
0 0.16656816005706787 0.6296584659152561 0.03831977844238281 0.16543468899197047
0 0.5312786221504211 0.28409769270155166 0.015285086631774903 0.060466300116644965
0 0.6444871664047241 0.39120829900105797 0.020495510101318358 0.08030736711290147
0 0.39502798318862914 0.35400044123331703 0.017464828491210938 0.07608453962537977
0 0.13152556419372557 0.8961588541666666 0.05040630102157593 0.19749247233072917
0 0.8634902954101562 0.4732170104980469 0.05671472549438476 0.09950358072916667
3 0.4631323039531708 0.23214106029934353 0.03667806386947632 0.14947388966878256
0 0.26332577466964724 0.4923942142062717 0.025626015663146973 0.08078236050075954
0 0.544664466381073 0.21070902082655166 0.010681557655334472 0.04164695739746094
0 0.6161235213279724 0.3582017050849067 0.018339323997497558 0.06948170132107205
3 0.42777121961116793 0.6268483055962457 0.11483376622200012 0.2593255784776476
0 0.6743207454681397 0.5022983974880643 0.027322673797607423 0.11641358269585503
0 0.05256507396697998 0.3935966491699219 0.04776530265808106 0.08568183051215278
0 0.6625540852546692 0.3419864018758138 0.016014599800109865 0.06919356452094184
1 0.5456269025802613 0.12394871181911893 0.016324567794799804 0.029375139872233072
1 0.4263587951660156 0.6293638017442491 0.09192986488342285 0.24180323282877605
2 0.5851375460624695 0.2162611590491401 0.062263083457946775 0.12267389297485351
0 0.23033356666564941 0.5629478454589844 0.027179598808288574 0.1397648705376519
0 0.26203914880752566 0.4228423012627496 0.02611215114593506 0.08363355000813802
0 0.8654369354248047 0.9104822794596354 0.06249990463256836 0.17661802503797744
1 0.861435079574585 0.48882546424865725 0.05421433448791504 0.06092710494995117
0 0.7108203649520874 0.486135737101237 0.01850743293762207 0.0768798828125
0 0.6636025071144104 0.45244846873813205 0.029321694374084474 0.07147118250528971
0 0.5392277121543885 0.2543371942308214 0.014950776100158691 0.05626205868191189
0 0.8959560036659241 0.6032657623291016 0.023250794410705565 0.08845850626627604
0 0.3660599052906036 0.22418443891737197 0.013364601135253906 0.04991853502061632
0 0.6400904655456543 0.33664091957939996 0.018935394287109376 0.057774798075358076
0 0.5367579460144043 0.17466253174675836 0.00964369773864746 0.035407670338948566
0 0.34563194438815115 0.2638307677374946 0.02095755487680435 0.05954816606309679
1 0.3381458282470703 0.3427392323811849 0.08029582500457763 0.10999613867865668
0 0.30245968103408816 0.31006173027886286 0.02055346965789795 0.06429044935438367
0 0.7447265148162842 0.4255149417453342 0.031946563720703126 0.08966479831271701
1 0.45991268157958987 0.26977450052897134 0.03789687156677246 0.08244618309868706
0 0.2521356105804443 0.6026549445258247 0.028722310066223146 0.15296787685818142
1 0.8643156290054321 0.9171170976426867 0.06929683685302734 0.15271886189778647
0 0.7492667198181152 0.5180108176337348 0.03568110466003418 0.07077183193630643
1 0.4173804044723511 0.2194191402859158 0.02843968868255615 0.05941026475694444
0 0.6836861848831177 0.4136595620049371 0.024126291275024414 0.08466690911187066
0 0.5422787070274353 0.15455389552646212 0.0074525117874145504 0.029870997534857856
0 0.298440957069397 0.49987163543701174 0.03145437240600586 0.10242313808865017
0 0.3899232894182205 0.21494376924302844 0.010823589563369752 0.04760545094807943
2 0.34998721480369566 0.3442709022098117 0.059349429607391355 0.1107640266418457
0 0.7953203678131103 0.4852733823988173 0.025292682647705077 0.057444127400716145
0 0.3909016758203506 0.2856999715169271 0.01374385952949524 0.05989591810438368
0 0.3044052720069885 0.41920462714301215 0.02300903797149658 0.06636038886176215
1 0.8783012509346009 0.7642964469061957 0.07073171138763427 0.15276239183213974
0 0.9330619812011719 0.8926081339518229 0.048956775665283205 0.1898914761013455
0 0.11241621971130371 0.35402963426378037 0.04890801310539246 0.08257437811957466
0 0.40373151302337645 0.19096566836039225 0.010988414287567139 0.04225261476304796
1 0.7862197816371918 0.5179508209228516 0.0538519024848938 0.09827189975314671
0 0.8790855407714844 0.7763953314887153 0.0595952033996582 0.16569688585069445
0 0.5350287079811096 0.14868792957729762 0.007089924812316894 0.028878307342529295
3 0.589778995513916 0.2225696775648329 0.050209665298461915 0.11477151446872287
0 0.5196651101112366 0.14725859959920248 0.006863093376159668 0.030821439954969616
3 0.35009883940219877 0.3431703143649631 0.05957267880439758 0.10856285095214843
0 0.7818741202354431 0.41793324682447647 0.014711403846740722 0.05461814668443468
0 0.8930564522743225 0.7191265530056423 0.02846395969390869 0.08759333292643229
1 0.6160231538116931 0.3671065754360623 0.019166289269924162 0.04915118747287327
1 0.6393135868012905 0.5052347130245632 0.03414939194917679 0.08982892566257053
0 0.8003301382064819 0.5327806366814507 0.026938486099243163 0.06472517649332682
1 0.507812637090683 0.1614317576090495 0.020857441425323486 0.049714448716905384
1 0.6448381140828132 0.38849669297536216 0.0237732857465744 0.06807223955790202
1 0.46018102765083313 0.1424956480662028 0.018325388431549072 0.03713085386488173
0 0.3748090460896492 0.24672622680664064 0.014019712805747986 0.04958479139539931
1 0.7467647552490234 0.9520920647515191 0.14649429321289062 0.09087253146701389
2 0.5469171047210694 0.6508671866522895 0.13328213691711427 0.2242418501112196
0 0.27687267065048216 0.310602071425981 0.010096526145935059 0.040962251275777815
0 0.23225436210632325 0.9591762966579861 0.04649550914764404 0.08164740668402778
0 0.8141207695007324 0.4308354271782769 0.023789405822753906 0.061951700846354166
3 0.9746204018592834 0.6312992307874892 0.05012991428375244 0.15510071648491752
0 0.5002500534057617 0.2933500077989366 0.016130685806274414 0.07700646718343099
1 0.43694127798080445 0.1239236831665039 0.012275791168212891 0.025497817993164064
0 0.602959300018847 0.3611793279647827 0.005918600037693978 0.04431154992845324
0 0.4202956557273865 0.30993164347277746 0.012688016891479493 0.03987156616316901
3 0.4518742024898529 0.11656668451097277 0.017812120914459228 0.03874728944566515
