0 0.37989973425865176 0.3431457095675998 0.029418373107910158 0.09176847669813368
0 0.6736776113510132 0.26042300330268014 0.02771592140197754 0.07278022766113282
0 0.8318316459655761 0.5665530734592014 0.04759197235107422 0.1307094997829861
0 0.5746274948120117 0.17525277667575412 0.017783308029174806 0.046473291185167104
0 0.3508174866437912 0.21163557900322807 0.01520366668701172 0.04453834957546658
0 0.4170296549797058 0.14153221448262532 0.010279011726379395 0.03168861601087782
0 0.09534582197666168 0.40561804241604277 0.02496017813682556 0.0595913569132487
3 0.8298548221588135 0.5656155056423611 0.06077594757080078 0.15848253038194443
0 0.6046975374221801 0.16775504218207465 0.014238786697387696 0.03156734042697483
0 0.3341533005237579 0.3235104666815864 0.02768160104751587 0.07252286275227865
0 0.3823970675468445 0.27181533177693684 0.01952240467071533 0.06007908715142144
