1 0.4288500905036926 0.3885929107666016 0.07271192073822022 0.1510594685872396
0 0.18158267736434935 0.5093309190538194 0.048458218574523926 0.1224848853217231
1 0.18256617784500123 0.5035192171732584 0.06085183620452881 0.15532453325059678
0 0.33760770559310915 0.251169130537245 0.020454400777816774 0.049407641092936196
0 0.3446450185030699 0.3659499380323622 0.026135168224573135 0.07991398705376519
0 0.38476294577121734 0.2902669906616211 0.021069079637527466 0.059145609537760414
0 0.31828027963638306 0.344188658396403 0.029131007194519044 0.07879458533393012
0 0.34349997006356714 0.30135734346177845 0.0214875228703022 0.06195625729031033
0 0.5836440682411194 0.16815093888176813 0.015546154975891114 0.0401762326558431
1 0.4686249911785126 0.16585023138258193 0.027624666690826416 0.04117746353149414
0 0.3614778444170952 0.23712659411960177 0.017963722348213196 0.0574260499742296
0 0.601896071434021 0.1683310349782308 0.012443351745605468 0.03766361872355143
0 0.38722372651100156 0.3595142470465766 0.01849592924118042 0.0782960467868381
0 0.4129824757575989 0.1853043556213379 0.012024271488189697 0.038875516255696616
3 0.4266233503818512 0.38609866234991286 0.07329562902450562 0.15646675560209486
0 0.39026192724704745 0.18391365475124782 0.012258106470108032 0.0421242184109158
0 0.40987912714481356 0.2979625701904297 0.022310680150985716 0.07151692708333333
0 0.41795737743377687 0.14104034105936686 0.008911442756652833 0.029560459984673396
0 0.2512210249900818 0.3707359208001031 0.028589081764221192 0.06426639556884765
0 0.43507392406463624 0.22845591439141166 0.017136263847351074 0.05313129425048828
0 0.2913731575012207 0.3687007692125108 0.027832555770874023 0.08363982306586372
0 0.41315349042415617 0.2496196746826172 0.019990521669387817 0.05216874016655816
0 0.07574886083602905 0.40373933580186633 0.0587785005569458 0.07765719095865885
