1 0.6625393390655517 0.4287943734063043 0.08423542976379395 0.1325789981418186
0 0.49790248870849607 0.7986582438151042 0.04836363792419433 0.16996095445421006
1 0.42911082208156587 0.18272443347507053 0.021609097719192505 0.03974314795600043
0 0.7541164696216583 0.5421154234144423 0.029556477069854738 0.09729508293999566
0 0.20125148296356202 0.49826922946506075 0.038014793395996095 0.11589156256781684
0 0.7714322566986084 0.6359493679470486 0.03425798416137695 0.1328590816921658
0 0.3109580636024475 0.3099071078830295 0.019016432762145995 0.07020212809244791
0 0.7139156341552735 0.6291040632459852 0.032389593124389646 0.14724604288736978
0 0.45278105735778806 0.6663041008843316 0.05191736221313477 0.1557033962673611
0 0.3167976975440979 0.4028578652275933 0.027909350395202637 0.09193831549750434
1 0.44940361976623533 0.29728400972154406 0.05120840072631836 0.10806301964653862
3 0.5606932640075684 0.3477177831861708 0.06864781379699707 0.16191620296902126
0 0.28355348110198975 0.35077621671888565 0.027071142196655275 0.06922003428141275
0 0.7215745925903321 0.4738964080810547 0.028188180923461915 0.1098175048828125
3 0.3612936735153198 0.2757724126180013 0.050811386108398436 0.137433836195204
0 0.7015223860740661 0.3901664733886719 0.020197558403015136 0.07374369303385417
1 0.6012737154960632 0.29518263075086804 0.03947956562042236 0.08438983493381076
0 0.4310256361961365 0.23300899929470487 0.012489771842956543 0.05164332919650608
0 0.3979016274213791 0.3329383002387153 0.018233436346054076 0.07195748223198785
3 0.45867358446121215 0.20825207498338488 0.03365178108215332 0.09104149076673719
0 0.7827635288238526 0.48466790517171227 0.023540687561035157 0.08260612487792969
0 0.5239161014556885 0.6855237325032552 0.038209056854248045 0.15662930806477865
0 0.636955177783966 0.3372111214531793 0.0264876127243042 0.06523229810926649
1 0.9372225880622864 0.6643636491563585 0.058750271797180176 0.09349492390950521
2 0.6601804047822952 0.4320841021007962 0.08616454005241395 0.13686201837327744
1 0.6890137672424317 0.9357104831271701 0.15185012817382812 0.12496024237738715
0 0.5197258949279785 0.5782424502902561 0.031822824478149415 0.1282391866048177
0 0.08294512033462524 0.3635929955376519 0.05192325115203857 0.08125161064995659
0 0.6501317501068116 0.2876692877875434 0.020798635482788087 0.050795194837782116
0 0.6794070601463318 0.3435617340935601 0.019659543037414552 0.0644092771742079
1 0.3580083966255188 0.3139042960272895 0.043180537223815915 0.050030814276801214
0 0.7080357372760773 0.5423113293117947 0.03180176019668579 0.09318343268500434
0 0.5931974530220032 0.2351665708753798 0.014703726768493653 0.045315594143337676
0 0.4035648018121719 0.15890122519599068 0.00941968560218811 0.03454013400607639
0 0.7454974710941314 0.4429258770412869 0.018224799633026124 0.055196592542860246
0 0.14117939472198487 0.38404706319173176 0.056374549865722656 0.0883403566148546
2 0.4411736726760864 0.13526840209960939 0.02202610969543457 0.045397504170735674
3 0.5375737190246582 0.2343971676296658 0.05265655517578125 0.11387075848049588
3 0.40247762501239776 0.21874539587232802 0.030351585149765013 0.09096337424384224
0 0.42140681445598605 0.21440322664048936 0.009096294641494751 0.04260840945773654
1 0.4967861771583557 0.8026996824476454 0.06623256206512451 0.1621352725558811
2 0.40090991258621217 0.21910363303290473 0.03436943292617798 0.0927715089586046
0 0.4172586381435394 0.16035225126478408 0.008611619472503662 0.031231689453125
1 0.13805532455444336 0.39672760698530407 0.05163097381591797 0.05428417523701986
2 0.6120283698663116 0.29210409588283964 0.023021729663014412 0.09340830908881294
1 0.46614494919776917 0.15768329832288955 0.01693354845046997 0.03078267839219835
0 0.6067442955216393 0.21511753929985894 0.012554934294894338 0.04165526496039496
0 0.8308518052101135 0.834693357679579 0.03334066867828369 0.10160124037000869
3 0.449014949798584 0.3018160925971137 0.04694371223449707 0.10665916866726345
0 0.7635750770568848 0.7995452033148871 0.04160780906677246 0.17891256544325088
1 0.6989066243171692 0.3049237476454841 0.025534462928771973 0.03206971751319038
0 0.6252647638320923 0.27709563573201496 0.017775678634643556 0.04779351552327474
0 0.663694953918457 0.33043666415744355 0.02005791664123535 0.07982440524631076
3 0.6624524712562561 0.9214322408040364 0.11572005748748779 0.1515348646375868
0 0.8126064300537109 0.43498026529947914 0.02862691879272461 0.09641079372829861
0 0.498369836807251 0.2890078968471951 0.015996766090393067 0.07201552920871311
3 0.5644047141075135 0.1991606659359402 0.03256113529205322 0.09804860221015083
3 0.9651679158210754 0.6061787711249458 0.0653066873550415 0.20371708340115016
