1 0.5391710579395295 0.6209908591376411 0.11498473882675171 0.1802405039469401
3 0.6951408386230469 0.5808362748887804 0.12184271812438965 0.23603931003146703
1 0.41663455963134766 0.4091184828016493 0.06882300376892089 0.12965744866265191
1 0.579258406162262 0.38185915417141386 0.06015260219573974 0.09176188574896918
0 0.6365424513816833 0.2556374867757161 0.01498401165008545 0.05722168816460504
1 0.7247631072998046 0.8887768215603299 0.1601947784423828 0.21542256673177082
0 0.3415243148803711 0.7321572197808159 0.04013049602508545 0.1857799106174045
0 0.3609816446900368 0.3990091747707791 0.021387824416160585 0.08756395975748697
0 0.608101224899292 0.439058346218533 0.02361307144165039 0.10237761603461372
1 0.42855681777000426 0.16362796359592013 0.02237175703048706 0.04379119873046875
0 0.08071985244750976 0.8505539788140191 0.050674968957901 0.2122865464952257
1 0.5134784996509552 0.19428669081793892 0.023905742168426513 0.0423180792066786
0 0.5424697041511536 0.41907210879855683 0.023700451850891112 0.09740638732910156
0 0.21334280967712402 0.5839145236545139 0.03155829906463623 0.14216376410590278
0 0.2636927366256714 0.6114145067003038 0.033087301254272464 0.15153719584147135
0 0.2242458462715149 0.4971682654486762 0.031206536293029784 0.10118721856011284
0 0.7814528942108154 0.7675658331976997 0.046166515350341795 0.1614158206515842
1 0.30289263725280763 0.36528167724609373 0.09938914775848388 0.10981339348687066
0 0.9186195373535156 0.7218630472819011 0.043645381927490234 0.14635416666666667
0 0.5851025104522705 0.31108259624905055 0.01812744140625 0.06269134945339627
0 0.539729368686676 0.1922625806596544 0.009818005561828613 0.03939426210191515
0 0.2529095411300659 0.7899410671657986 0.04180455207824707 0.20231234232584636
0 0.6424965873360634 0.44378221299913195 0.028116580843925477 0.08363418579101563
0 0.5296286940574646 0.26391207377115883 0.011935782432556153 0.05181393093532986
0 0.9004146575927734 0.5895953708224826 0.029855060577392577 0.12527838812934028
0 0.7595667839050293 0.633076646592882 0.03227524757385254 0.14612515767415366
0 0.646106481552124 0.31402268939548067 0.014746761322021485 0.05825515323215061
0 0.5428856015205383 0.24428328408135308 0.013613009452819824 0.054676289028591576
0 0.5186945378780365 0.24616044362386066 0.012504875659942627 0.05298241509331597
1 0.4339406490325928 0.7219594319661459 0.10404043197631836 0.2877886878119575
0 0.27528789043426516 0.4932096269395616 0.02755732536315918 0.11999130249023438
0 0.6563939124345779 0.3803117752075195 0.024420589208602905 0.07679761250813802
3 0.4372724980115891 0.7093890402052138 0.13462143540382385 0.32674007415771483
1 0.5459158420562744 0.12398662037319608 0.016766166687011717 0.029245705074734157
0 0.1657571792602539 0.7026036580403646 0.0360504150390625 0.16964115566677518
0 0.7949564039707184 0.5672447946336534 0.018823897838592528 0.07773456573486329
0 0.8509954452514649 0.7670811971028646 0.04918212890625 0.17394977145724827
0 0.378136670589447 0.3406720678011576 0.013218092918395995 0.04769126309288873
0 0.6348709516227246 0.40265221065945095 0.02222442775964737 0.06614494323730469
0 0.19575145244598388 0.7615719265407986 0.034089088439941406 0.18385916815863715
0 0.8119711875915527 0.4546630859375 0.05333843231201172 0.08942803276909722
3 0.4617843985557556 0.2472848998175727 0.041365861892700195 0.16118924882676866
1 0.46080088019371035 0.2853560977511936 0.03824933767318726 0.08854946560329861
0 0.3915404945611954 0.31197873229781786 0.011067456007003785 0.041293144060505764
0 0.34855423793196677 0.3057466400994195 0.017285014688968658 0.06431106991238064
0 0.5284775376319886 0.15834491517808702 0.008105778694152832 0.033039961920844185
0 0.6179144382476807 0.34796492258707684 0.0166961669921875 0.06892000834147136
0 0.6002336025238038 0.3253530820210775 0.01613926887512207 0.06815412309434679
0 0.7527194499969483 0.464165284898546 0.029304122924804686 0.10630806816948785
0 0.5314053773880005 0.22178599039713542 0.01296529769897461 0.04406475490993923
3 0.726002675294876 0.8659979502360026 0.17688597440719606 0.2680040995279948
1 0.8124817967414856 0.4674616972605387 0.052604269981384275 0.06465830273098416
0 0.38153921663761137 0.23219831254747178 0.011696141958236695 0.04835065205891927
2 0.5739538669586182 0.2036984231736925 0.055626630783081055 0.11396422915988498
1 0.9259858369827271 0.7201275083753798 0.07058777809143066 0.13712060716417102
0 0.6211802531033754 0.3029030270046658 0.017934419959783555 0.04367858039008247
0 0.3533604830503464 0.24222069846259223 0.012576282024383545 0.052941619025336374
0 0.5368335843086243 0.14619954956902398 0.006954121589660645 0.02998395495944553
0 0.8312413573265076 0.6168943829006619 0.03275024890899658 0.07802645365397136
3 0.5740913033485413 0.20424249437120226 0.05460522174835205 0.11429841783311633
0 0.8174692153930664 0.6808439042833117 0.04287576675415039 0.13471976386176215
0 0.6888128280639648 0.42692426045735676 0.02920823097229004 0.0946078830295139
0 0.32415217012166975 0.2262012693617079 0.007679340243339538 0.050691180759006076
3 0.3359182316111401 0.3516389025582208 0.030161830177530647 0.09335953924391005
0 0.7074404716491699 0.4178487989637587 0.0279996395111084 0.10651122199164496
3 0.4674108326435089 0.10666784710354275 0.015693747997283937 0.0417369630601671
0 0.4997632920742035 0.2929209921095106 0.015474450588226319 0.0750666512383355
3 0.9582668423652649 0.6005392498440213 0.07942459583282471 0.2172382354736328
1 0.8514089584350586 0.7661965899997287 0.06571226119995117 0.14015642801920572
1 0.38944530487060547 0.4321115281846788 0.021109390258789062 0.09337420993381076
0 0.33262062445282936 0.2672690815395779 0.014674349129199982 0.05142044491238064
3 0.44460747241973875 0.12660968568589953 0.01840479373931885 0.04685084025065104
0 0.6612962484359741 0.3394491818216112 0.017375898361206055 0.039657786157396104
0 0.6328290462493896 0.3353314187791612 0.01808028221130371 0.06672492557101779
0 0.4195977717638016 0.18541319635179307 0.008855980634689332 0.035253514183892144
1 0.690804973244667 0.43280920452541777 0.03671669363975525 0.07510479821099175
0 0.3715606853365898 0.30894901487562393 0.014705684781074525 0.06737723880343967
1 0.41344728469848635 0.22388932969835068 0.03198418617248535 0.058514171176486544
1 0.8192328095436097 0.6700568093193902 0.06248047351837158 0.1345208485921224
0 0.7135043978691101 0.38711598449283174 0.01133725643157959 0.04226824972364637
3 0.40644474029541017 0.2869098663330078 0.04216575622558594 0.11106357574462891
3 0.5051122844219208 0.14910233815511068 0.019215166568756104 0.04667873382568359
0 0.37070103734731674 0.2609737714131673 0.01645682156085968 0.052909533182779946
0 0.3277844094671309 0.18474526935153537 0.013271976821124553 0.04209359486897787
1 0.6102209910808597 0.4330091423458523 0.0200959890964441 0.08908010058932835
0 0.2934420943260193 0.3063847271104654 0.0170698881149292 0.032066182129912905
2 0.41999266147613523 0.4096619711981879 0.07118773460388184 0.1375705295138889
