0 0.747570949792862 0.3954442448086209 0.032240879535675046 0.09350677066379123
1 0.3812217593193054 0.3030538241068522 0.05654213428497314 0.09141326480441624
0 0.5712750434875489 0.13609107865227593 0.009002590179443359 0.0299501101175944
0 0.3757442235946655 0.18065761460198296 0.011459767818450928 0.032773092057969834
0 0.587526822090149 0.16828019354078505 0.012753915786743165 0.03214476903279622
0 0.7108015805482865 0.3008871502346463 0.02897908091545105 0.07874963548448351
3 0.5169337809085846 0.12034737533993191 0.028597152233123778 0.06462020344204372
0 0.554170036315918 0.14367812474568684 0.009063434600830079 0.028683174981011285
0 0.4903948187828064 0.8157963646782769 0.016237664222717284 0.04762081570095486
0 0.09463972747325897 0.4061893330679999 0.023808437585830688 0.05740015771653917
0 0.3918249249458313 0.19796320067511664 0.013813471794128418 0.0461477173699273
