1 0.7141501426696777 0.8342161390516493 0.15533270835876464 0.27441207038031684
1 0.5861122131347656 0.4486485799153646 0.06400985717773437 0.11454014248318142
0 0.692984938621521 0.4119518491956923 0.024686574935913086 0.0798073238796658
0 0.1705636978149414 0.6093161265055339 0.031182801723480223 0.1559310065375434
1 0.6944286495447158 0.5079076555040147 0.09786786437034607 0.1487335205078125
0 0.5894891262054444 0.9047581142849392 0.04760198593139649 0.18264668782552082
0 0.5923671126365662 0.25187777413262263 0.012263798713684082 0.056866857740614146
0 0.8824566841125489 0.8662229749891494 0.055258560180664065 0.19680167304144966
0 0.3267142057418823 0.5825743781195747 0.029230690002441405 0.1461342281765408
0 0.3297680139541626 0.46265012953016493 0.030211687088012695 0.1019299825032552
0 0.12593142986297606 0.7277642144097223 0.041160523891448975 0.18081499735514323
3 0.42229328155517576 0.7487519158257379 0.1333096981048584 0.4836902194552951
1 0.5530119419097901 0.31490005917019315 0.055493640899658206 0.0931007809109158
0 0.6615608096122741 0.2980398072136773 0.015220856666564942 0.05652968088785807
0 0.7472585678100586 0.662468761867947 0.037452077865600585 0.14734420776367188
0 0.5244068741798401 0.37376875347561306 0.02014138698577881 0.07090545230441624
0 0.5966103076934814 0.31239002015855577 0.016037797927856444 0.0672406726413303
0 0.6092266798019409 0.22952348921034071 0.012615346908569336 0.048842366536458334
0 0.0313206136226654 0.459489991929796 0.039207077026367186 0.10802044338650174
0 0.8306127548217773 0.6263715108235677 0.03496627807617188 0.14021674262152778
3 0.5417724490165711 0.22281678517659506 0.04221475124359131 0.10226097106933593
0 0.6072280764579773 0.3404003461201986 0.016460871696472167 0.07474867502848308
0 0.3570814713835716 0.37629305521647133 0.02052585780620575 0.08500434027777778
0 0.6561179161071777 0.561947758992513 0.0307769775390625 0.13304689195421007
2 0.7099206581711769 0.813327259487576 0.17856204211711885 0.35627606709798176
0 0.36869561225175856 0.30706119537353516 0.015101906657218934 0.06866438123914931
0 0.5815028309822082 0.196397246254815 0.01058633327484131 0.04190886815388997
0 0.6881169557571412 0.3443067020840115 0.02099761962890625 0.06485559675428602
0 0.17939058542251587 0.4407147089640299 0.021210455894470216 0.06902715894911024
0 0.5178243219852448 0.4443917168511285 0.024005305767059327 0.09677454630533854
0 0.6247456550598145 0.3256977081298828 0.018021440505981444 0.06700049506293403
0 0.7975822448730469 0.6599786546495225 0.036661291122436525 0.15058135986328125
1 0.21574690341949462 0.40609629154205323 0.05715031623840332 0.07820533646477593
0 0.38082484900951385 0.2415180312262641 0.013740223646163941 0.053675863477918834
0 0.4471534311771393 0.16487023565504286 0.008419239521026611 0.0330396122402615
0 0.1089299201965332 0.9294410705566406 0.055181884765625 0.14111785888671874
0 0.34698716551065445 0.25278635025024415 0.01300816833972931 0.05473596784803603
1 0.45087326765060426 0.21784932878282334 0.033776497840881346 0.0714789072672526
0 0.32828557189786806 0.3155422316657172 0.015225693653337657 0.0628194808959961
0 0.5589007258415222 0.15959010124206544 0.008735251426696778 0.03210829628838433
1 0.39810161888599394 0.2991917822096083 0.03142494559288025 0.07547779083251953
3 0.43724573254585264 0.40615874396430124 0.0888027548789978 0.23453971015082464
3 0.6697145700454712 0.8189032660590277 0.10119585990905762 0.36219346788194445
1 0.27900344133377075 0.37030675676133895 0.08347871303558349 0.11823293897840711
0 0.3211326837539673 0.3634121391508314 0.014917707443237305 0.05408047040303548
0 0.3063208103179932 0.3926125367482503 0.01792306900024414 0.04707992341783312
0 0.3428595423698425 0.3144209560420778 0.011336922645568848 0.04503172437349955
0 0.5089393734931946 0.33015191819932727 0.02263062000274658 0.06517215304904514
3 0.40563480257987977 0.25216449101765953 0.043725883960723876 0.11395019955105251
3 0.588245940208435 0.9024571736653646 0.06265058517456054 0.1845286899142795
0 0.4148866832256317 0.17687792248196071 0.00816948413848877 0.03274110158284505
0 0.42880799174308776 0.18076995743645563 0.008084738254547119 0.03526841269599067
1 0.5884039521217346 0.9013433456420898 0.06185877323150635 0.18461858961317273
0 0.4676565647125244 0.1721135245429145 0.008753657341003418 0.03167245652940538
0 0.4631527900695801 0.13770994080437554 0.007229995727539062 0.02714721891615126
0 0.4777264654636383 0.21031016243828668 0.011228406429290771 0.045582220289442275
0 0.36313743740320203 0.2333325809902615 0.013953235745429993 0.050713539123535156
0 0.6287416219711304 0.2631969451904297 0.017046308517456053 0.05560133192274305
0 0.8127351999282837 0.4355630874633789 0.02356271743774414 0.06541921827528212
1 0.5289005994796753 0.14541799757215712 0.01432037353515625 0.029542562696668835
0 0.5654587626457215 0.19924634827507867 0.012370085716247559 0.04566242429945204
0 0.44026604294776917 0.14732655419243706 0.006901085376739502 0.028738657633463543
1 0.6378057599067688 0.3107157371110386 0.020079445838928223 0.04147553808159298
0 0.3093709468841553 0.31705346637301973 0.02167024612426758 0.058907593621148
1 0.5620782017707825 0.19613956345452202 0.020271801948547365 0.04698080486721463
0 0.38886384665966034 0.20507526397705078 0.011053961515426636 0.04163924323187934
0 0.3676742672920227 0.19656999905904135 0.013203740119934082 0.04616740544637044
