2 0.635395061969757 0.2870602501763238 0.12705557346343993 0.23981772528754342
0 0.9590096473693848 0.8760960896809896 0.08023586273193359 0.21766671074761285
0 0.7166895508766175 0.32607964409722223 0.028855156898498536 0.07823291354709201
0 0.28122801780700685 0.5190523783365886 0.04459354877471924 0.11621954176161024
0 0.309078574180603 0.3175762176513672 0.02843608856201172 0.08329391479492188
0 0.08011960983276367 0.4066484663221571 0.0668114423751831 0.08815977308485243
0 0.5270397186279296 0.129383299085829 0.008758831024169921 0.030055067274305555
1 0.4373727798461914 0.15434722900390624 0.02735183238983154 0.0545463138156467
0 0.5524194359779357 0.12493099106682672 0.008833622932434082 0.026545323265923394
0 0.8024172723293305 0.4435622109307183 0.031159651279449464 0.08758481343587239
0 0.4194439172744751 0.155992857615153 0.010475349426269532 0.03696348402235243
3 0.9563445329666138 0.851122792561849 0.08731093406677246 0.2977544148763021
0 0.5731608867645264 0.1424858782026503 0.012572431564331054 0.029474692874484593
0 0.5735932111740112 0.1673026614718967 0.014504289627075196 0.03820877075195313
