0 0.6837452173233032 0.2943424224853516 0.02454007863998413 0.07089373270670572
0 0.3086400985717773 0.5450922224256728 0.053379058837890625 0.14024158053927951
0 0.08184219002723694 0.8127371893988715 0.08156112432479859 0.2356976826985677
0 0.1297178864479065 0.6150313907199436 0.05266242027282715 0.15909423828125
0 0.35947452783584594 0.34505782657199435 0.03251936435699463 0.08543561299641927
0 0.27130969762802126 0.4291719224717882 0.034492659568786624 0.09546313815646701
0 0.2291482448577881 0.5808186848958333 0.05070178508758545 0.16828770107693142
3 0.4534238338470459 0.2010371102227105 0.06733026504516601 0.1540614234076606
0 0.7317498683929443 0.46733953687879776 0.03581819534301758 0.11525938245985243
1 0.3071959614753723 0.549935351477729 0.06576964855194092 0.15396650102403428
1 0.5808180809020996 0.3614278581407335 0.0610135555267334 0.12086300320095486
0 0.6265865802764893 0.3261206732855903 0.025133371353149414 0.07588255140516494
0 0.5591273665428161 0.22443340089586045 0.019217419624328613 0.05914791954888238
0 0.30165863037109375 0.33631943596733943 0.031560969352722165 0.0875591066148546
0 0.7660693168640137 0.5572441948784722 0.0463162899017334 0.13307202657063802
0 0.07558687925338745 0.39530520968967015 0.05758383870124817 0.06993353101942275
1 0.13087181448936464 0.6148285865783691 0.06394115686416627 0.17135083940294055
0 0.347162826359272 0.2471021334330241 0.020525720715522767 0.05027828216552734
1 0.232246994972229 0.5556051042344835 0.06153483390808105 0.1398993598090278
0 0.3910467982292175 0.1658903439839681 0.011408782005310059 0.032269265916612416
2 0.45421616435050965 0.20349769062466092 0.07154499292373658 0.16300961176554363
1 0.7695138394832611 0.5593140072292752 0.06552044153213502 0.14469528198242188
0 0.40509465932846067 0.21772978040907118 0.01895362138748169 0.05818367004394531
0 0.3680832624435425 0.22227148479885525 0.017695903778076172 0.051826625400119355
0 0.587770962715149 0.16657493379380967 0.014756870269775391 0.038391134474012586
0 0.41338843405246734 0.16592074500189888 0.01229960322380066 0.034947840372721355
1 0.40881466269493105 0.21298209296332465 0.03155850172042847 0.07246763441297743
2 0.3061089158058167 0.5522471110026042 0.06857178211212159 0.15693469577365451
3 0.35842721462249755 0.6821868260701497 0.022417449951171876 0.05099906921386719
1 0.7317133903503418 0.4649288283454047 0.041168713569641115 0.14010278913709853
1 0.07641762495040894 0.3972811063130697 0.05659818649291992 0.08904332054985895
