2 0.7784140586853028 0.621454832288954 0.2662984848022461 0.515173594156901
1 0.4347682952880859 0.38528211381700306 0.058220934867858884 0.1281376732720269
0 0.3694448471069336 0.7665729098849826 0.04635303020477295 0.17729721069335938
1 0.5618084788322448 0.44623623424106174 0.07236106395721435 0.12017880545722114
1 0.5488778948783875 0.34910095665189955 0.04848988056182861 0.08628644678327772
1 0.5886593818664551 0.5982554965549045 0.08701529502868652 0.1838441212972005
0 0.3462717056274414 0.6391595204671224 0.03514366149902344 0.14790810479058158
0 0.431514835357666 0.6953052520751953 0.0481048583984375 0.16629494561089408
0 0.6523239135742187 0.7289276123046875 0.037172698974609376 0.17153455946180557
0 0.20951399803161622 0.5838668399386936 0.02991645336151123 0.14461712307400174
0 0.19083993434906005 0.37195438808865017 0.05136051177978516 0.08921279907226562
0 0.36624287366867064 0.2636312060885959 0.015983986854553222 0.06330892774793836
0 0.41035654544830324 0.2812085787455241 0.01369333267211914 0.05858139461941189
0 0.29873894453048705 0.3757158491346571 0.02012054920196533 0.06855451795789931
3 0.46544561386108396 0.12576464017232258 0.018820643424987793 0.04816003375583225
1 0.5284950494766235 0.15350394778781468 0.015968847274780273 0.0328483157687717
0 0.3949503242969513 0.2611722098456489 0.011948418617248536 0.05493363274468316
0 0.3338772296905518 0.376103507147895 0.020865488052368163 0.08030268351236979
0 0.19793556928634642 0.8257183498806424 0.04308063983917236 0.20015199449327256
0 0.49364617466926575 0.3394481341044108 0.015403640270233155 0.07588371700710721
0 0.2642539024353027 0.5398062388102214 0.02865021228790283 0.12090954250759549
0 0.37973161935806277 0.33274333741929796 0.019079089164733887 0.07080847422281901
0 0.24764752388000488 0.6460455152723524 0.038036227226257324 0.15796627468532987
0 0.44181408882141116 0.22354199091593424 0.01053617000579834 0.04742111629909939
0 0.2992339849472046 0.509479014078776 0.0269439697265625 0.12634527418348523
0 0.3125504612922668 0.4257065878974067 0.023563742637634277 0.0773036109076606
0 0.6230308771133423 0.2493661774529351 0.013393354415893555 0.05085887908935547
0 0.4250227928161621 0.19636977513631185 0.009378170967102051 0.039273982577853736
0 0.33352604918181894 0.22176745732625325 0.012557516247034073 0.04822817908393012
0 0.9526589393615723 0.6957582261827256 0.04099693298339844 0.14561636182996962
0 0.4171571612358093 0.25100021362304686 0.012116169929504395 0.053450520833333334
0 0.567276930809021 0.234726619720459 0.0148681640625 0.057177755567762584
3 0.6347607936710119 0.35360166761610246 0.06645574048161507 0.16639039781358506
0 0.45949082374572753 0.16704821056789823 0.008000493049621582 0.033892377217610674
0 0.5128813028335572 0.1596053812238905 0.007796788215637207 0.032332091861300996
0 0.2810323238372803 0.47058673434787324 0.024584245681762696 0.09529079861111112
0 0.3912892699241638 0.20933800803290473 0.010106348991394043 0.043732007344563804
0 0.559192669391632 0.17531633377075195 0.008616471290588379 0.03499084048800998
0 0.3408193562179804 0.3022782537672255 0.0188689224421978 0.060284190707736544
1 0.6187292098999023 0.31721265580919056 0.06544547080993653 0.08462944030761718
0 0.3856047600507736 0.25552344852023656 0.011935919523239136 0.05596923828125
0 0.41082032322883605 0.17952626016404893 0.008489263057708741 0.03578187094794379
0 0.42723882794380186 0.1686228699154324 0.008560216426849366 0.033429495493570965
0 0.41526372730731964 0.21418397691514757 0.008993583917617797 0.04343732198079427
0 0.08471963405609131 0.36277177598741317 0.05309352874755859 0.08214327494303385
3 0.7213289618492127 0.5154580977227953 0.19746811389923097 0.4005118237601386
0 0.4383224546909332 0.15771623187594944 0.007365214824676514 0.031312645806206595
0 0.4007086485624313 0.21648402743869358 0.010834580659866333 0.043418163723415795
0 0.3454738616943359 0.33836870193481444 0.01946878433227539 0.06775273217095269
0 0.4512798607349396 0.1549416595035129 0.006526792049407959 0.02938549253675673
3 0.8309168636798858 0.6997691684299046 0.20987271070480346 0.39134351942274304
2 0.6805595517158508 0.5514639748467339 0.07950589656829835 0.3192263709174262
1 0.5457375764846801 0.12373791270785861 0.01579599380493164 0.027927091386583117
0 0.6511356830596924 0.28087618086073135 0.022298288345336915 0.048046875
0 0.5485195755958557 0.17365520265367296 0.008880257606506348 0.037482727898491754
1 0.3428568720817566 0.6250121434529622 0.051466059684753415 0.16350313822428386
1 0.34213757514953613 0.313874990079138 0.020922040939331053 0.043248699108759565
0 0.3828043967485428 0.3030898542764286 0.015132337808609009 0.028166787181463506
0 0.30135005712509155 0.3381141357951694 0.012348532676696777 0.04013798766665989
0 0.2735351204872131 0.3094158384535048 0.01837594509124756 0.05685484144422743
0 0.2634333610534668 0.3555471804406908 0.01170048713684082 0.047224137518141
3 0.34484470188617705 0.6201592657301161 0.049064403772354125 0.17696891360812717
0 0.42188937664031984 0.1480529891120063 0.007853245735168457 0.02967289818657769
0 0.3148533821105957 0.3868330266740587 0.010595417022705078 0.04586610794067383
1 0.6333040237426758 0.3963245815700955 0.044183206558227536 0.09393501281738281
3 0.3703602761030197 0.7747599071926541 0.07025795578956603 0.17718111673990886
