2 0.6387007594108581 0.28328260315789117 0.12306535243988037 0.24453547795613606
1 0.4320586800575256 0.2145363648732503 0.043572998046875 0.08821335898505317
0 0.7254299104213715 0.36499689949883357 0.030154240131378175 0.09242560068766276
0 0.8778213500976563 0.5960304684109158 0.05820112228393555 0.14518186781141493
1 0.2118046224117279 0.45562220679389104 0.07952882051467895 0.13949284023708766
0 0.0783038854598999 0.3986756218804253 0.06101477742195129 0.08620211283365885
0 0.21031854152679444 0.45523622300889754 0.06811777353286744 0.1197487301296658
0 0.5539951205253602 0.12368793487548828 0.008745837211608886 0.026229519314236113
0 0.4070002675056458 0.14236331515842013 0.012890422344207763 0.032053269280327694
0 0.444962215423584 0.15758548312717013 0.009947562217712402 0.033866628011067705
1 0.07776391506195068 0.40082005394829645 0.06359639167785644 0.10755814446343316
3 0.4564519613981247 0.8588144938151042 0.09499745965003967 0.2783604939778646
