1 0.45109485387802123 0.2621384514702691 0.0439795970916748 0.08108168707953559
0 0.682135808467865 0.29729040993584527 0.029047083854675294 0.07274006737603081
0 0.9658910751342773 0.6859703063964844 0.06463279724121093 0.165679931640625
0 0.4289092838764191 0.1988197856479221 0.013432443141937256 0.04171729617648655
3 0.4607353150844574 0.17185333569844563 0.05171040296554565 0.12962978151109483
1 0.3282573699951172 0.7810088051689996 0.1684171438217163 0.43798238966200087
3 0.321476411819458 0.8239443037245009 0.15333089828491211 0.35211139255099827
0 0.07775095701217652 0.40200343661838106 0.06763737797737121 0.08439305623372396
3 0.33199477195739746 0.3837137434217665 0.16353769302368165 0.3859748840332031
0 0.4279721438884735 0.1430069128672282 0.008917129039764405 0.027983697255452473
0 0.4181254118680954 0.14064730008443196 0.009545141458511352 0.031531937917073566
0 0.8015653610229492 0.5114962259928385 0.045456218719482425 0.12696986728244358
0 0.5439484477043152 0.10147081481085883 0.010331988334655762 0.02720327377319336
