0 0.8696165084838867 0.7136209275987413 0.08301210403442383 0.20272742377387154
0 0.6684921354055404 0.33681023915608727 0.024879950284957885 0.09092114766438802
2 0.295474910736084 0.31240512000189885 0.10567233562469483 0.1982505374484592
0 0.39277430474758146 0.26766399807400176 0.017115145921707153 0.06711561414930556
3 0.8703073263168335 0.7094763861762152 0.1029590129852295 0.2162701924641927
0 0.07560967803001403 0.3921972486707899 0.05602730512619018 0.0838203854031033
0 0.5703824758529663 0.15517155329386392 0.007608556747436523 0.02704190148247613
0 0.38192359209060667 0.2172218640645345 0.014621734619140625 0.05221381717258029
0 0.6180511988699436 0.17933723131815593 0.013004176318645477 0.03409015867445204
1 0.5459483504295349 0.22781583997938368 0.02484176158905029 0.0621071285671658
0 0.5481938362121582 0.23082601759168836 0.026301813125610352 0.062129783630371097
0 0.6266811423003673 0.22773430082533094 0.030461861193180083 0.07068441179063585
3 0.4477920114994049 0.1702387597825792 0.039410960674285886 0.11870513492160373
