1 0.6021504878997803 0.740063222249349 0.14965858459472656 0.22477603488498263
2 0.6523932866286486 0.3517968707614475 0.10389741817489266 0.23832562764485676
0 0.9126489639282227 0.8679977416992187 0.05241193771362305 0.1942376030815972
0 0.7160757601261138 0.4217653274536133 0.022492849826812746 0.0854500240749783
1 0.5260894596576691 0.21932864718967013 0.032778728008270266 0.05914264255099826
0 0.2202000856399536 0.7463634914822048 0.04361292123794556 0.17724923027886286
1 0.8052726745605469 0.8992352803548177 0.13876280784606934 0.18638509114583332
3 0.5117486417293549 0.14793523682488335 0.024205124378204344 0.059694237179226346
1 0.45999531745910643 0.3347064548068576 0.04450159072875977 0.09860829247368706
1 0.34773550033569334 0.6547529432508681 0.09479796886444092 0.22432047526041668
0 0.37192450761795043 0.2716817326015896 0.015214848518371581 0.06344500647650825
0 0.051053524017333984 0.7649992201063368 0.04510040283203125 0.17974455091688368
1 0.5522409677505493 0.18136860529581705 0.02174091339111328 0.039595603942871094
0 0.7658885478973388 0.6326290130615234 0.03400344848632812 0.14502122667100695
3 0.8074622452259064 0.8898136138916015 0.17149995565414428 0.2186399671766493
0 0.3932284086942673 0.2324475712246365 0.013170522451400758 0.05014603932698568
0 0.578682005405426 0.23488284216986763 0.013034319877624512 0.052622350056966145
0 0.3427278518676758 0.3116941240098741 0.018911027908325197 0.07203314039442274
0 0.7506021738052369 0.5584468841552734 0.03241415023803711 0.10185512966579861
0 0.5691292405128479 0.16679288546244303 0.010225939750671386 0.03385612699720594
1 0.38290627002716066 0.4327488793267144 0.11862273216247558 0.11048177083333334
0 0.4496919631958008 0.7054047478569878 0.040617513656616214 0.1635776095920139
0 0.37185959815979003 0.5043291727701823 0.04502723217010498 0.10044093661838108
0 0.40030417740345003 0.19715267287360297 0.011769765615463256 0.04189969168768989
0 0.8537199020385742 0.7548117743598091 0.050667095184326175 0.15969920688205294
2 0.5995497822761535 0.710873031616211 0.17071573734283446 0.27242804633246526
1 0.5388879776000977 0.15767777760823568 0.020825719833374022 0.03407009972466363
3 0.34742661714553835 0.6376041306389703 0.10322825908660889 0.2651712417602539
0 0.649154806137085 0.6335052490234375 0.04470663070678711 0.13646939595540364
0 0.42726573944091795 0.5609809875488281 0.032151651382446286 0.12538846333821616
1 0.5460456967353821 0.12400585810343424 0.017136454582214355 0.02769025166829427
0 0.16696957349777222 0.8729685465494792 0.07666361331939697 0.18363079494900172
0 0.08715106844902039 0.36285697089301217 0.04825891256332397 0.08174620734320746
0 0.5980701446533203 0.9061002943250868 0.05428009033203125 0.17132509019639758
0 0.41319145560264586 0.16397038565741645 0.009379959106445313 0.034835200839572485
0 0.4699239909648895 0.273007149166531 0.014223730564117432 0.04955611758761936
0 0.8140684366226196 0.4304989284939236 0.025475168228149415 0.07078620062934028
0 0.8643507957458496 0.6426005045572917 0.031500244140625 0.11912006802029079
0 0.44442100524902345 0.609796651204427 0.031094741821289063 0.12765719095865885
0 0.27421367168426514 0.309904420375824 0.01741633415222168 0.04203106297387017
1 0.546612411737442 0.9103089014689127 0.0615658164024353 0.12999458312988282
0 0.426697313785553 0.14351107809278701 0.007615447044372559 0.029828442467583552
0 0.5473666548728943 0.1961919837527805 0.009513545036315917 0.037950123680962455
3 0.8490893125534058 0.7130906740824382 0.07732820510864258 0.23194166819254558
0 0.4545528471469879 0.12627237108018663 0.006315314769744873 0.024570719401041666
0 0.7398866176605224 0.3614484998914931 0.025676441192626954 0.08770985073513454
0 0.44009406566619874 0.12686219215393066 0.0064544677734375 0.026640669504801432
1 0.46659846901893615 0.11473432117038303 0.01346653699874878 0.029009373982747395
0 0.6121105551719666 0.2341154310438368 0.014104151725769043 0.03921835157606337
0 0.9048971176147461 0.5490830315483941 0.02739267349243164 0.06746148003472222
0 0.8496625304222107 0.4377261108822293 0.020898032188415527 0.052763907114664714
0 0.47040271759033203 0.13351844681633843 0.0058414220809936525 0.02433826658460829
3 0.6576000342145563 0.3859837320115831 0.10621135048568249 0.19418968624538846
0 0.5481986045837403 0.9211995442708333 0.044098281860351564 0.13146565755208334
1 0.8592645406723023 0.5724299324883355 0.04527597427368164 0.08232612609863281
0 0.6363689959049225 0.2369463602701823 0.011918526887893677 0.041173765394422746
