1 0.5515591979026795 0.3614398108588325 0.05860393047332764 0.1169830322265625
0 0.66538907289505 0.2957893583509657 0.03247711658477783 0.07560547722710503
0 0.30746984481811523 0.313727961646186 0.03828959465026856 0.088358031378852
0 0.07528271079063416 0.39303351508246526 0.05607680082321167 0.07783158620198567
0 0.3622120827436447 0.32449301613701714 0.03315631747245788 0.09324834611680773
0 0.40482760667800904 0.1738910675048828 0.012218320369720459 0.04445122612847222
1 0.18284239172935485 0.47995564142862956 0.05366774797439575 0.116244994269477
0 0.6072751045227051 0.17461237377590602 0.014287424087524415 0.04126745859781901
0 0.18205642700195312 0.48804940117730033 0.046378135681152344 0.09807472229003907
2 0.5510685920715332 0.3573582977056503 0.05693497657775879 0.11799244152175056
0 0.6433376669883728 0.23168742921617297 0.024783015251159668 0.06001275380452474
0 0.38990768790245056 0.1975047747294108 0.01409449577331543 0.048884815639919706
0 0.7094685286283493 0.34006805419921876 0.035479003190994264 0.08947889539930555
1 0.7066569626331329 0.33721579445732963 0.043391430377960206 0.09665381113688151
1 0.3062607407569885 0.32370110617743597 0.03780252933502197 0.06962443457709419
0 0.3983085036277771 0.21520846684773762 0.016517055034637452 0.055937004089355466
3 0.5336229205131531 0.20222978591918944 0.04595539569854736 0.13854584164089626
1 0.5065644741058349 0.1471236228942871 0.03123464584350586 0.03666983710394965
1 0.37575517892837523 0.17885682317945692 0.031641793251037595 0.06027354134453668
0 0.707201611995697 0.4156944274902344 0.024797940254211427 0.07726491292317708
0 0.3702405855059624 0.18806463877360027 0.01178700029850006 0.03289091322157118
2 0.8583804130554199 0.7237812254163954 0.2760141849517822 0.5524375491672092
0 0.6940559208393097 0.6136088053385417 0.026569831371307372 0.06573596530490451
