3 0.5536092221736908 0.27090179655287 0.08558536767959594 0.16987370385064018
0 0.3164647102355957 0.38700070910983614 0.035234260559082034 0.07794534895155165
0 0.3227262139320374 0.3053131527370877 0.029462790489196776 0.07969271341959636
0 0.2769837141036987 0.3990069919162326 0.03535747528076172 0.07371148003472222
0 0.24147624969482423 0.48475303649902346 0.03798317909240723 0.11087180243598091
0 0.289458179473877 0.4920016394721137 0.055750155448913576 0.12500745985243056
0 0.2846903085708618 0.32604188919067384 0.025212907791137697 0.07317434946695964
1 0.5353184580802918 0.175499513414171 0.027395749092102052 0.04498918321397569
0 0.35628806352615355 0.2712196985880534 0.024822497367858888 0.06261995103624132
0 0.39319790303707125 0.3050423410203722 0.023478907346725465 0.07371646033393012
0 0.21046531200408936 0.434745110405816 0.034968435764312744 0.09660284254286024
0 0.3549307055771351 0.38856276406182183 0.026876865327358244 0.07904241349962023
0 0.29698748588562013 0.6145848168267144 0.05491650104522705 0.15644599066840278
0 0.3803386688232422 0.25830278396606443 0.027065849304199217 0.06880652109781901
0 0.5974026322364807 0.1609759489695231 0.010839390754699706 0.03333202997843424
1 0.2764340877532959 0.398091451327006 0.03972158432006836 0.07771842214796278
0 0.5841457486152649 0.16151617368062338 0.011347699165344238 0.03857408099704319
1 0.29293763637542725 0.48778440687391494 0.05576825141906738 0.139033932156033
0 0.4184338837862015 0.19389196501837835 0.013944071531295777 0.04625461366441515
0 0.07795916199684143 0.39620357089572483 0.061683166027069095 0.0702832539876302
0 0.5718609690666199 0.145714627371894 0.009843754768371581 0.03073801464504666
0 0.2696114182472229 0.339902220831977 0.023945832252502443 0.0665305667453342
0 0.417385071516037 0.2509169154696994 0.021187961101531982 0.0693903817070855
1 0.2421488046646118 0.4860538429684109 0.04150166511535645 0.11120615005493165
0 0.12385692596435546 0.7046156989203559 0.06273476481437683 0.15479859246148003
0 0.47619202733039856 0.8528343200683594 0.024643409252166747 0.060400899251302084
1 0.5255238652229309 0.14436722861395943 0.021720623970031737 0.032048437330457896
0 0.3919063925743103 0.1726046880086263 0.014786171913146972 0.038027657402886286
0 0.37945666909217834 0.18373441166347929 0.01237407922744751 0.038069566090901695
0 0.45386961102485657 0.1397005769941542 0.009845578670501709 0.034912925296359594
1 0.5662137985229492 0.3220398532019721 0.0449005126953125 0.06630192862616645
0 0.4409110307693481 0.17602761056688096 0.010000252723693847 0.03972669177585178
0 0.4241245687007904 0.3497864471541511 0.016145193576812746 0.04349338478512234
