0 0.8390727996826172 0.5596481323242187 0.05761260986328125 0.1140053219265408
0 0.5663039326667786 0.22380908330281576 0.011587309837341308 0.05027493370903863
0 0.624398136138916 0.5654766506618923 0.05909233093261719 0.11874254014756945
0 0.37579872608184817 0.3902367485894097 0.04947924613952637 0.08729847802056206
0 0.6542526960372925 0.343536737230089 0.020636987686157227 0.07268477545844185
0 0.46095279455184934 0.2887769381205241 0.015871739387512206 0.06726661258273654
0 0.5938355207443238 0.24319924248589408 0.013748264312744141 0.05663240220811632
1 0.45441997051239014 0.14006065792507597 0.019281625747680664 0.03605016072591146
0 0.5280728816986084 0.6113621605767144 0.04149332046508789 0.14124866061740451
0 0.40378316044807433 0.19198955429924858 0.010296082496643067 0.04177467558119032
0 0.3592730283737183 0.5977735731336805 0.07987351417541504 0.12275505065917969
0 0.5801517486572265 0.45622033013237845 0.06085715293884277 0.09676331414116754
0 0.43366035223007204 0.24540006849500867 0.012609457969665528 0.05074806213378906
0 0.539795207977295 0.1787537627749973 0.009825992584228515 0.040422916412353516
0 0.4334219038486481 0.30216165118747285 0.01732679605484009 0.06586742401123047
0 0.09213462471961975 0.387594731648763 0.05527175664901733 0.08630472819010417
0 0.5502804756164551 0.25062813229031033 0.013469552993774414 0.05746871100531684
0 0.7134998321533204 0.5936388651529948 0.07579550743103028 0.1307517581515842
0 0.5203498840332031 0.4359539455837674 0.04410362243652344 0.09373113844129774
0 0.023985767364501955 0.6499265458848741 0.04660555720329285 0.11030722724066841
0 0.3152324080467224 0.2865588929918077 0.01814587116241455 0.059913380940755205
0 0.278290843963623 0.4056998782687717 0.03434574604034424 0.09987564086914062
0 0.46844773292541503 0.4389482763078478 0.03067770004272461 0.06525564193725586
0 0.4405914306640625 0.5977110968695747 0.0363980770111084 0.14233716328938803
0 0.43345635533332827 0.17941752539740669 0.008307850360870362 0.03790846930609809
0 0.5586993813514709 0.19937943352593315 0.010528826713562011 0.04192292955186632
0 0.01816367506980896 0.4137558407253689 0.03632735013961792 0.09416902330186631
0 0.31753724813461304 0.33298779328664146 0.01794168949127197 0.04045953220791287
0 0.4057833790779114 0.2535797331068251 0.014246785640716552 0.04572813245985243
0 0.46516130566596986 0.1811632792154948 0.009116971492767334 0.036721293131510416
0 0.48804750442504885 0.47453672620985243 0.034676980972290036 0.10578804016113282
1 0.5463223338127137 0.12411662737528482 0.01704590320587158 0.029368538326687284
0 0.4161642402410507 0.2057236247592502 0.010298973321914673 0.0441105948554145
0 0.45271350145339967 0.2149317953321669 0.012339425086975098 0.04433697594536675
0 0.41460884511470797 0.2928230921427409 0.015205460786819457 0.06284514533148872
0 0.45324878096580506 0.18396010928683812 0.0084161639213562 0.03654102749294705
0 0.3794205904006958 0.29638114505343965 0.016532158851623534 0.05767330593532986
0 0.38302732110023496 0.24043021731906467 0.014241790771484375 0.04843343098958333
0 0.5057392001152039 0.39685671064588757 0.02245635986328125 0.08231976826985678
0 0.3562710337340832 0.2990139537387424 0.021943379938602448 0.0643244637383355
0 0.1087389588356018 0.692876688639323 0.09589765667915344 0.12915992736816406
3 0.16030547618865967 0.43882569207085503 0.08716354370117188 0.1478578355577257
0 0.32589361891150476 0.36656641430324977 0.01116223782300949 0.05938108232286241
0 0.25191153287887574 0.39481048054165313 0.020325112342834472 0.04648925993177626
0 0.2751197457313538 0.3065131823221842 0.018320584297180177 0.04973036448160807
0 0.5323847532272339 0.13740536901685926 0.007026863098144531 0.028068998124864367
1 0.8413293838500977 0.4909677293565538 0.048905801773071286 0.07081968519422743
0 0.9030168533325196 0.6883474561903212 0.06078271865844727 0.13326483832465277
1 0.28890552520751955 0.5469306098090277 0.18334172964096068 0.12771517435709637
0 0.42869356870651243 0.1572288778093126 0.007890892028808594 0.029805596669514975
0 0.33692125119268895 0.27771343655056424 0.015642797201871873 0.06089630126953125
0 0.4548303008079529 0.24994307623969184 0.013127541542053223 0.048498450385199655
1 0.024873699247837066 0.6541769451565213 0.04974739849567413 0.10302255418565538
3 0.1105927735567093 0.645892874399821 0.10704967379570007 0.20951387617323133
0 0.7418483197689056 0.5918923695882161 0.030403244495391845 0.07521565755208333
0 0.11194143295288086 0.5823399437798394 0.07328014373779297 0.10593219333224826
0 0.014087077975273133 0.9346181233723958 0.028174155950546266 0.11601927015516493
0 0.6633155405521393 0.27177079518636066 0.02425931692123413 0.052809524536132815
0 0.2488936424255371 0.6512148539225261 0.0935978651046753 0.12589297824435763
0 0.6403814435005188 0.2271034664577908 0.022182011604309083 0.04298494127061632
0 0.14084649085998535 0.6366957134670681 0.04436788558959961 0.08874973720974393
0 0.8101606369018555 0.4255623287624783 0.03522138595581055 0.09806781344943577
2 0.35986297130584716 0.571934191385905 0.07910094261169434 0.1739235348171658
0 0.8609529495239258 0.43610479566786026 0.042197895050048825 0.09057676527235244
0 0.5000909328460693 0.29642838372124564 0.01835289001464844 0.07399891747368706
0 0.23546464443206788 0.3857435703277588 0.02937593460083008 0.050388770633273655
1 0.25425883531570437 0.6510182380676269 0.105377459526062 0.1303320778740777
1 0.2998806357383728 0.3699059618843926 0.0523510217666626 0.047956694497002496
2 0.15701508522033691 0.4297826157675849 0.0882695198059082 0.16578326225280762
0 0.3064541697502136 0.35815005832248265 0.04024617671966553 0.069140625
1 0.3598394751548767 0.5323717329237196 0.055587935447692874 0.07756601969401042
0 0.3726803660392761 0.2617191314697266 0.014028394222259521 0.048900731404622394
1 0.10691143572330475 0.6931577682495117 0.10102259516716003 0.12297943962944878
0 0.7805465519428253 0.43812048700120715 0.020804035663604736 0.05929369396633572
0 0.4394232988357544 0.1419549994998508 0.007601523399353027 0.028763887617323132
0 0.34565051570534705 0.3100619236628214 0.013697956502437592 0.04234606954786513
0 0.5186061501502991 0.4015222390492757 0.022586417198181153 0.0425358772277832
0 0.9452370166778564 0.5089743296305339 0.01722102165222168 0.06579318576388889
0 0.7143042206764221 0.3458353360493978 0.011870121955871582 0.05792480044894748
