0 0.7491432189941406 0.43459845648871526 0.04437432289123535 0.11299777560763889
0 0.33269020966254176 0.2848297754923503 0.02335234181955457 0.06620606316460503
0 0.04948593080043793 0.753306155734592 0.08314873576164246 0.1827051798502604
2 0.624027419090271 0.4037730640835232 0.17170500755310059 0.37497035132514106
1 0.19247007966041565 0.5189273781246609 0.059205281734466556 0.12912649578518337
1 0.23637622594833374 0.5324527157677544 0.06058824062347412 0.14411870108710395
0 0.34976130574941633 0.335549439324273 0.0337168961763382 0.09582803514268663
0 0.2359060287475586 0.5322765350341797 0.049517464637756345 0.12828258938259549
0 0.19157817363739013 0.517280536227756 0.04918880462646484 0.12155736287434896
0 0.281999671459198 0.37252959145439996 0.027016806602478027 0.073124631245931
3 0.6226650238037109 0.4182309892442491 0.15758209228515624 0.3759388393825955
0 0.35504719614982605 0.24542485343085396 0.026813942193984985 0.06286449432373047
0 0.07756920456886292 0.39723158942328557 0.05947545766830444 0.08791351318359375
0 0.6011536359786988 0.16771850056118434 0.01370086669921875 0.03471388287014431
0 0.6052317380905151 0.20492581261528864 0.024648332595825197 0.05060178968641493
3 0.047653277218341825 0.7568488438924154 0.08474185168743134 0.2034627702501085
0 0.37297390699386596 0.18778602812025283 0.013060450553894043 0.038304244147406685
1 0.7459179103374481 0.43629347483317055 0.05771316289901733 0.13037952846950954
0 0.44298022985458374 0.1975470648871528 0.015457463264465333 0.04467756483289931
1 0.35476126670837405 0.24333195156521267 0.032858991622924806 0.06651060316297742
3 0.7462506175041199 0.43675001992119683 0.054968762397766116 0.1261869854397244
0 0.3936462432146072 0.21216714647081164 0.020917385816574097 0.06252627902560765
0 0.41467636823654175 0.15422450171576607 0.013512039184570312 0.04192225138346354
