1 0.5777907490730285 0.25847625732421875 0.044927573204040526 0.07438748677571615
0 0.1268001914024353 0.6857884724934896 0.05583341121673584 0.15627242194281685
1 0.13053722083568572 0.6566860410902235 0.06423798203468323 0.10885014004177518
0 0.6474698066711426 0.3087883949279785 0.025993156433105468 0.07296911875406902
0 0.37465583086013793 0.25903885099622936 0.026254773139953613 0.05685240427652995
0 0.33929712139070034 0.2875513606601291 0.018220991641283036 0.06526652442084419
0 0.40562224090099336 0.22442650265163847 0.021524316072463988 0.0620857662624783
0 0.3268033504486084 0.279775873819987 0.021681833267211913 0.06592869228786892
0 0.07603847384452819 0.39477547539605035 0.05628458261489868 0.07970108456081815
0 0.26794071197509767 0.539900631374783 0.042188262939453124 0.11010470920138889
0 0.3689115360379219 0.323934088812934 0.021181604266166686 0.07532068888346354
0 0.5825102686882019 0.17274672190348309 0.013926148414611816 0.043685701158311635
0 0.4213576942682266 0.1561996512942844 0.009303539991378784 0.03071198993259006
2 0.1271290510892868 0.6890682008531358 0.06941540837287903 0.1724737803141276
1 0.48781502842903135 0.7471344417995877 0.03271077871322632 0.09841130574544271
0 0.15768234729766845 0.7775190565321181 0.08030710220336915 0.22784356011284723
0 0.4482212483882904 0.14438149134318035 0.014230597019195556 0.03061451382107205
0 0.567924964427948 0.1677611509958903 0.012867951393127441 0.03662705951266819
