3 0.42385107427835467 0.344636779361301 0.12067768275737763 0.32073722415500217
1 0.2234209358692169 0.4215875016318427 0.056269490718841554 0.115230131149292
1 0.5338492453098297 0.23692380057440865 0.03436559438705444 0.07815104590521918
0 0.5816143393516541 0.2268227259318034 0.024929499626159667 0.06725790235731337
0 0.22310428619384765 0.42025180392795136 0.04729011058807373 0.10746277703179254
0 0.3592670768499374 0.25253224902682836 0.019511973857879637 0.07725721995035807
0 0.6157953977584839 0.17463967535230848 0.016351938247680664 0.04577658971150716
0 0.9350349426269531 0.6748678843180339 0.06979293823242187 0.16109525892469617
0 0.4344670057296753 0.18505342801411948 0.012088274955749512 0.04166987737019857
0 0.3319392419885844 0.2777009116278754 0.021527145896106957 0.07206086052788628
0 0.5717963814735413 0.17061523861355252 0.014559435844421386 0.04920052422417535
0 0.07474613189697266 0.3946685791015625 0.05424208045005798 0.08360345628526476
0 0.0063732231734320525 0.4019259346856011 0.012346244836226105 0.04486673143174913
0 0.4139774113893509 0.15624416139390734 0.009513574838638305 0.03347025977240668
0 0.33197889304719863 0.37951078414916994 0.022469202149659397 0.08834145863850912
1 0.33325614414643495 0.349884303410848 0.02502311305142939 0.06274103588528103
0 0.4674976170063019 0.1556448777516683 0.012129771709442138 0.032656531863742407
1 0.4799061417579651 0.35553225411309136 0.02137711048126221 0.04596739874945747
