1 0.6671770200133323 0.43432545132107203 0.05579186975955963 0.13472972446017795
0 0.6562181755900383 0.283684508005778 0.017215719819068907 0.06559670766194661
0 0.11918338537216186 0.5701617346869574 0.0767512321472168 0.15703870985243057
0 0.6697575569152832 0.43551817999945747 0.039839553833007815 0.11082865397135416
1 0.23572503328323363 0.5056230439080133 0.04982106685638428 0.12247681087917751
0 0.2367182493209839 0.5110221862792969 0.04711174964904785 0.11584629482693143
0 0.3319247176870704 0.30599136352539064 0.022017430141568185 0.07841500176323785
0 0.5783740878105164 0.19237133661905925 0.01582033634185791 0.03972479502360026
0 0.6283774018287659 0.22625322341918946 0.023504233360290526 0.06857577429877387
0 0.07565127611160279 0.3927867889404297 0.0537125825881958 0.08058990902370877
1 0.50648592710495 0.22949211332533095 0.048255324363708496 0.0855960210164388
3 0.12337826192378998 0.5523491594526503 0.08651629090309143 0.20489072799682617
2 0.41755046844482424 0.22436690860324435 0.10495505332946778 0.10832779142591688
0 0.6175083637237548 0.18138091829088 0.014771270751953124 0.03710286882188585
0 0.6061724255792796 0.19500701162550185 0.010673234798014164 0.04374774297078451
1 0.38053572177886963 0.22182351748148602 0.038928556442260745 0.11455405553181966
0 0.3544586062431335 0.17885245747036405 0.02488049864768982 0.04484690560234918
0 0.4194180995225906 0.1516310797797309 0.011522835493087769 0.037142181396484376
1 0.12239147424697876 0.5549484464857314 0.08321530818939209 0.19436793857150608
