0 0.8675586700439453 0.7331739637586806 0.05499753952026367 0.1720370822482639
1 0.527432644367218 0.23996117909749348 0.040113520622253415 0.07715106540256077
1 0.632920217514038 0.4471276813083225 0.0840064525604248 0.1415165795220269
0 0.36566765904426574 0.32465926276312934 0.026802587509155273 0.07631420559353298
0 0.35986580401659013 0.4139515558878581 0.03351574838161468 0.09775250752766927
0 0.6292036056518555 0.2378731409708659 0.02342081069946289 0.0626055399576823
0 0.07543326020240784 0.39647733900282117 0.0569846510887146 0.0833744896782769
0 0.3640172004699707 0.2191027217441135 0.01765604019165039 0.05637916988796658
0 0.3807072639465332 0.2667808426751031 0.01926145553588867 0.05850849151611328
0 0.4095368623733521 0.18780073059929742 0.012509405612945557 0.041464307573106554
0 0.282979154586792 0.5187299940321181 0.0426971435546875 0.12663391960991754
0 0.6063389420509339 0.22876950369940863 0.022060704231262208 0.0630788803100586
0 0.3298201754689217 0.3125265545315213 0.019015350937843324 0.08541251288519966
0 0.3894654750823975 0.21858530044555663 0.01625303030014038 0.04843985239664714
1 0.3691039800643921 0.31201610035366484 0.023734140396118163 0.04625442292955187
0 0.4227061033248901 0.2054327646891276 0.016305088996887207 0.051479678683810766
0 0.3641002237796783 0.2678003946940104 0.02359389066696167 0.04906700981987847
0 0.4135213166475296 0.21972183651394314 0.013633936643600464 0.04568748474121094
0 0.14363372325897217 0.8956116994222005 0.06313813924789428 0.20877660115559896
2 0.866729474067688 0.734488942888048 0.0699075698852539 0.1909094704522027
0 0.4407675385475159 0.1314755015903049 0.009832310676574706 0.03316239251030816
0 0.3567941941320896 0.46260537571377225 0.025257860124111176 0.05420993169148763
0 0.4115616023540497 0.15215208795335558 0.011358988285064698 0.037272633446587454
0 0.2902253270149231 0.23316302829318578 0.023902535438537598 0.04664904276529948
3 0.8643418073654174 0.7331967353820801 0.06568074226379395 0.18052857716878254
