0 0.591343092918396 0.43206002977159286 0.02348804473876953 0.09233474731445312
0 0.6429989218711853 0.3987969716389974 0.021715283393859863 0.08278588189019097
0 0.6764418721199036 0.5090819676717122 0.026947712898254393 0.11558104621039497
0 0.5455192685127258 0.3656073146396213 0.019348835945129393 0.07855760786268447
0 0.7244855880737304 0.5811788770887587 0.03404135704040527 0.13103480868869358
0 0.45880727767944335 0.36181904474894205 0.016133975982666016 0.07285552554660374
0 0.7130193710327148 0.4308292812771267 0.024474191665649413 0.10239427354600694
0 0.24916160106658936 0.4972884707980686 0.02840733528137207 0.12429877387152778
0 0.5851113080978394 0.21833330790201824 0.012165117263793945 0.04822726779513889
0 0.4270216941833496 0.4397413465711806 0.04143080711364746 0.09729648166232639
1 0.5427357673645019 0.2835335201687283 0.03766365051269531 0.077763303120931
0 0.7633275508880615 0.5454769558376736 0.033414459228515624 0.12942348056369357
0 0.4847510576248169 0.2969511985778809 0.01413273811340332 0.06767821841769749
1 0.5088662564754486 0.1627308898501926 0.019485008716583253 0.03673359553019206
0 0.6445928096771241 0.33378122117784287 0.019777631759643553 0.0659450954861111
0 0.2867481350898743 0.5120196024576823 0.02857396602630615 0.10294698079427084
1 0.5238117814064026 0.20003724098205566 0.026111149787902833 0.04473863177829319
0 0.4514144539833069 0.3247108459472656 0.015677285194396973 0.06309187147352431
0 0.5502949833869935 0.15484171973334418 0.007993578910827637 0.03190407223171658
0 0.35222023278474807 0.33551434410942926 0.019853082299232484 0.07505582173665365
1 0.5457329392433167 0.12440285682678223 0.016797375679016114 0.028216965993245444
0 0.3775409862399101 0.4243265151977539 0.024540653824806212 0.09359211391872829
0 0.562894856929779 0.2050076060824924 0.011225676536560059 0.045550134446885854
0 0.29018903970718385 0.34413782755533856 0.015089631080627441 0.059351009792751735
0 0.8753644943237304 0.49898240831163193 0.05148162841796875 0.10964647928873698
0 0.4272311687469482 0.3813752704196506 0.018716645240783692 0.06916033426920573
3 0.9084222316741943 0.8229366726345486 0.18315553665161133 0.344358401828342
0 0.41209342181682584 0.3280264006720649 0.013736289739608765 0.061416647169325086
0 0.8716629028320313 0.6142682393391927 0.05200319290161133 0.10318556891547309
0 0.11135671138763428 0.3581150902642144 0.04887076020240784 0.07686386108398438
0 0.3272236458957195 0.3566586176554362 0.013822291791439057 0.06988631354437934
0 0.3158450245857239 0.3835625754462348 0.019275212287902833 0.06338250901963975
0 0.5119078934192658 0.3106232113308377 0.023184096813201903 0.06528998480902778
0 0.29627997875213624 0.43039898342556426 0.023133182525634767 0.07498228285047744
0 0.387182480096817 0.34564776950412324 0.01923459768295288 0.07288106282552083
3 0.6925758302211762 0.798281627231174 0.1851516604423523 0.4009156545003255
0 0.25870072841644287 0.4279312557644314 0.026583099365234376 0.09594633314344618
0 0.3407046675682068 0.31272098753187394 0.012423300743103027 0.05020020802815755
0 0.5885375142097473 0.18494277000427245 0.010163378715515137 0.03817228741115994
1 0.4195698231458664 0.22489594353569878 0.030156713724136353 0.06308042738172744
0 0.4256849616765976 0.32776704364352754 0.016835099458694457 0.06672458648681641
0 0.8041847467422485 0.5891013251410591 0.042679882049560545 0.09016096327039931
1 0.8150381624698639 0.6803547011481391 0.0651180624961853 0.14245408376057941
0 0.8100587844848632 0.6831584930419922 0.0381983757019043 0.1504627651638455
0 0.3762072861194611 0.3733432875739204 0.020956754684448242 0.06604815589057075
2 0.9098415374755859 0.8214849683973524 0.1791900634765625 0.3544460720486111
1 0.4531622648239136 0.1294571081797282 0.013149666786193847 0.031694253285725914
0 0.4075979799032211 0.18712508943345812 0.010327988862991333 0.036700799730088975
0 0.32612850666046145 0.29561178419325085 0.01598806381225586 0.05638092888726128
3 0.4606700956821442 0.23439635700649686 0.03806253671646118 0.11657470067342122
0 0.4034288555383682 0.29258818096584743 0.01405227780342102 0.05562491946750217
0 0.5206321358680726 0.1279407925075955 0.006137633323669433 0.027152061462402344
1 0.43651641011238096 0.14759190877278647 0.017372715473175048 0.029949548509385852
0 0.424641877412796 0.17956645223829482 0.008648359775543213 0.03354296154446072
0 0.8371822357177734 0.5686418321397569 0.03693513870239258 0.10115322536892361
0 0.30063208341598513 0.3660268359714084 0.01857287883758545 0.05361162821451823
0 0.42706571221351625 0.28385377460055883 0.014182937145233155 0.05616202884250217
0 0.3743754267692566 0.3366781738069322 0.011092638969421387 0.03733525276184082
1 0.6442897394299507 0.3330379022492303 0.021818432211875915 0.05831598440806071
2 0.6822068691253662 0.8169281005859375 0.18851728439331056 0.35997882419162325
0 0.27565274238586424 0.3072533925374349 0.014220380783081054 0.05468733045789931
1 0.3180632710456848 0.34304217497507733 0.029252219200134277 0.04457049369812012
0 0.8112289428710937 0.42259258694118923 0.029064178466796875 0.08956027560763889
0 0.41401379108428954 0.1645708401997884 0.008842194080352783 0.03402139875623915
0 0.36868408471345904 0.29355893664889865 0.017303213477134705 0.06039112938774956
0 0.3588355123996735 0.27214458253648544 0.01421223282814026 0.05339603424072266
1 0.5386820793151855 0.2282095167371962 0.03262801170349121 0.061669074164496525
1 0.3833647847175598 0.35352813402811684 0.02807433605194092 0.047874969906277126
1 0.6436280190944672 0.391875860426161 0.030120110511779784 0.09139491187201607
1 0.4642262697219849 0.15915778477986653 0.02056279182434082 0.041255760192871097
0 0.4605663001537323 0.2985321044921875 0.014000189304351807 0.0552353752983941
1 0.4599498748779297 0.24969334072536892 0.0391441822052002 0.08956529829237196
1 0.4358539342880249 0.17202640109592013 0.019262194633483887 0.04101011488172743
