0 0.08488826751708985 0.3988728841145833 0.07373430132865906 0.09768971337212456
0 0.1910696268081665 0.538897959391276 0.059518301486968996 0.13600374857584635
0 0.7398062467575073 0.387185541788737 0.03342704772949219 0.09462331136067709
0 0.6735907196998596 0.2813711060418023 0.03145120143890381 0.0720679177178277
1 0.19246500730514526 0.5429135428534614 0.07652428150177001 0.16524848937988282
0 0.36632356643676756 0.29815042283799914 0.02304067611694336 0.07064408196343316
0 0.31323106288909913 0.39042896694607204 0.043049049377441403 0.10488857693142362
0 0.221453058719635 0.4062973843680488 0.02878262996673584 0.07483421431647407
0 0.5671492099761963 0.14436058468288845 0.011662960052490234 0.03309991624620226
0 0.13745670914649963 0.37458819283379446 0.03480318784713745 0.09130526648627388
0 0.9612037658691406 0.8496055603027344 0.07759246826171876 0.19855821397569445
2 0.6278014779090881 0.27525757683648006 0.07759125232696533 0.15430836147732205
0 0.41020576655864716 0.17155488861931695 0.019842225313186645 0.042725192175971136
3 0.04437088310951367 0.8084056854248047 0.08860294937621802 0.2094412061903212
0 0.6085653688758612 0.20294447475009494 0.014106852561235428 0.06283990012274848
1 0.6268950819969177 0.2798336346944173 0.07655837535858154 0.14531006283230252
0 0.044169455766677856 0.8094633314344618 0.08730218410491944 0.1942400614420573
1 0.21415144205093384 0.421875442398919 0.052139687538146975 0.11444812880622016
1 0.08566725552082062 0.39946173561943904 0.07737943530082703 0.10906467437744141
3 0.9592867136001587 0.8454317092895508 0.08092479705810547 0.23908458285861545
0 0.43424324989318847 0.1702959908379449 0.018484878540039062 0.03966462877061632
0 0.5172528922557831 0.15176793734232585 0.014833366870880127 0.034930557674831816
1 0.3041863441467285 0.8270425584581164 0.1609813690185547 0.32789510091145835
3 0.6272080421447754 0.2724963717990451 0.06655945777893066 0.1366013209025065
0 0.3146143674850464 0.4746289041307237 0.029048871994018555 0.07615697648790147
