0 0.18656816482543945 0.3732143825954861 0.051351869106292726 0.08696844312879774
0 0.5965624213218689 0.33621465894911023 0.018716835975646974 0.07564671834309895
0 0.4134135484695435 0.19224332703484429 0.009860789775848389 0.04211738374498156
0 0.5334804892539978 0.1733366224500868 0.008619236946105956 0.03797115749782986
0 0.5261056184768677 0.41576834784613714 0.02548055648803711 0.08544650607638889
0 0.5435230612754822 0.19508237838745118 0.009414362907409667 0.04347061581081814
3 0.45167877674102785 0.2455562432607015 0.04662444591522217 0.14015417098999022
0 0.5673775196075439 0.20608623292711045 0.01058039665222168 0.04356611039903429
0 0.4232497215270996 0.3616037156846788 0.04985983371734619 0.08389371236165365
1 0.8178889274597168 0.5136007944742839 0.13462467193603517 0.1204816182454427
0 0.3343209195882082 0.20399976306491427 0.01675938591361046 0.041806729634602864
0 0.5164811611175537 0.18823776774936252 0.009973859786987305 0.042133702172173396
1 0.5400790452957154 0.2478635787963867 0.03138895034790039 0.06022741529676649
0 0.3992136687040329 0.19402268727620442 0.011080294847488403 0.04266014099121094
0 0.5481736660003662 0.3783320109049479 0.038574600219726564 0.07873490651448568
0 0.5464943051338196 0.16377769046359592 0.00812995433807373 0.03248973422580295
0 0.36461044996976855 0.2267403284708659 0.013226047158241272 0.04701309204101563
0 0.3246052622795105 0.29970827102661135 0.017921042442321778 0.06434209611680773
0 0.5350371122360229 0.27758652369181314 0.014056968688964843 0.054316012064615886
0 0.4126239776611328 0.2723663753933377 0.01419062614440918 0.06523907979329427
1 0.5053816556930542 0.3356451988220215 0.060474395751953125 0.09241657257080078
0 0.48656670451164247 0.25001732508341473 0.013208615779876708 0.05562424129909939
0 0.9704462051391601 0.7112801445855035 0.053627300262451175 0.14440265231662328
0 0.43558764457702637 0.15708227687411838 0.008152008056640625 0.0334935188293457
0 0.49881818890571594 0.2763133578830295 0.014987027645111084 0.05773243374294705
0 0.5589525461196899 0.1921264330546061 0.009382390975952148 0.039824189080132376
0 0.5656121969223022 0.1709372043609619 0.008901166915893554 0.031748019324408634
0 0.08516585826873779 0.36557108561197915 0.05421304702758789 0.0771900388929579
0 0.42252705097198484 0.1541623592376709 0.008282804489135742 0.03296514087253147
0 0.45135173201560974 0.1542359087202284 0.007999122142791748 0.03276616202460395
2 0.8065137684345245 0.5019950442843967 0.11478127241134643 0.1447497049967448
0 0.6244359970092773 0.2130203988817003 0.021779584884643554 0.04224465688069661
1 0.4518977701663971 0.30368905655211875 0.038345181941986085 0.026942220164669885
0 0.32675016969442366 0.26615186267428925 0.012875339388847351 0.04655445946587457
0 0.37638198435306547 0.2992439481947157 0.0157889187335968 0.06479038662380643
1 0.028815531730651857 0.7448032591078017 0.057631063461303714 0.15482758416069878
0 0.401410111784935 0.2946677525838216 0.016828078031539916 0.06123254564073351
0 0.39005310237407687 0.2925363222757975 0.016206079721450807 0.060042084587944876
3 0.625908646825701 0.9604142930772569 0.04981223773211241 0.07917141384548611
0 0.3557297706604004 0.2978721194797092 0.022167658805847167 0.07110911475287543
1 0.42838013768196104 0.11109445889790853 0.014382374286651612 0.024363973405626085
0 0.5248751163482666 0.14367976188659667 0.006403589248657226 0.027768760257297093
0 0.3968514561653137 0.2361019876268175 0.010590946674346924 0.04351825714111328
0 0.5186159253120423 0.15876362588670517 0.007400870323181152 0.03154921001858181
3 0.9613240480422973 0.6070618099636502 0.07200460433959961 0.1970647176106771
0 0.42549410462379456 0.1347487661573622 0.007510817050933838 0.025246577792697483
0 0.5163249433040619 0.13377352820502386 0.00675286054611206 0.026378822326660157
2 0.5163285732269287 0.3349404811859131 0.08464317321777344 0.0921031845940484
