1 0.7155650615692138 0.6519570244683159 0.1421828269958496 0.20959146287706162
1 0.42857530415058137 0.3983319494459364 0.06951314806938172 0.14373942481146917
0 0.5481328010559082 0.6714754740397135 0.03400092124938965 0.15589667426215278
0 0.6212021470069885 0.3942441728379991 0.021993565559387206 0.08452351888020833
0 0.41449964344501494 0.2918805758158366 0.016956251859664918 0.06391230689154731
0 0.3341769941151142 0.38798050350613067 0.02206755131483078 0.09085180494520399
0 0.2433997869491577 0.498775143093533 0.03125948905944824 0.123773193359375
1 0.46409366130828855 0.21390226152208117 0.027834272384643553 0.050987625122070314
0 0.3090092420578003 0.4900060865614149 0.028789663314819337 0.13300645616319445
0 0.2676412105560303 0.5585615370008681 0.030573534965515136 0.13756239149305555
0 0.6607111930847168 0.40606024000379776 0.024025964736938476 0.09476716783311633
0 0.4835860252380371 0.7052302890353732 0.04643235206604004 0.17441609700520833
0 0.24984874725341796 0.7198154025607639 0.03705794811248779 0.1799969991048177
0 0.3724143236875534 0.25809426837497285 0.01644279360771179 0.0596989737616645
3 0.5358352661132812 0.23153500027126736 0.0412811279296875 0.10374704996744792
0 0.4106340080499649 0.2406394640604655 0.01441759467124939 0.05362381405300564
1 0.5126858353614807 0.539362547132704 0.09701726436614991 0.18047926161024305
0 0.9007135391235351 0.5917857699924045 0.03214340209960938 0.13082953559027777
1 0.6565991677343845 0.34252936045328775 0.0642468973994255 0.07607087029351128
0 0.08964277505874634 0.3642926534016927 0.050572323799133304 0.08186463250054253
0 0.5977258920669556 0.20963253445095487 0.01288919448852539 0.044790691799587674
3 0.19327752590179442 0.8750230153401692 0.12376012802124023 0.24995396931966146
0 0.3913498967885971 0.2016164673699273 0.011283355951309203 0.04436736636691623
0 0.5510143637657166 0.16683273315429686 0.009319472312927245 0.03315022786458333
0 0.6359465107321739 0.2565712398952908 0.015055951476097108 0.05464655558268229
1 0.5818565368652344 0.28787824842664933 0.043592309951782225 0.08307675255669487
0 0.5263249397277832 0.8952752007378473 0.05727705955505371 0.19601398044162327
0 0.7596523284912109 0.5493002573649088 0.04678597450256348 0.12148980034722222
0 0.9566509246826171 0.7603684319390192 0.04552764892578125 0.15212559170193143
0 0.47133281230926516 0.17207199732462566 0.008594369888305664 0.0328243891398112
0 0.9704582214355468 0.9124752468532986 0.05692596435546875 0.17504950629340277
0 0.4621420860290527 0.9120526631673177 0.07840251922607422 0.17589467366536457
0 0.6194751620292663 0.25747847027248805 0.019105935096740724 0.050280189514160155
0 0.01011880561709404 0.4259063296847873 0.02023761123418808 0.09639019436306423
0 0.6300002105534077 0.35751271777682836 0.022683440148830412 0.06747349633110894
0 0.42768497467041017 0.14350300365024143 0.007368922233581543 0.030133194393581815
0 0.4405470550060272 0.13466544681125217 0.0066972851753234865 0.028431447347005208
0 0.5415789365768433 0.15509284867180717 0.008124589920043945 0.029826641082763672
2 0.7143835246562957 0.6397141244676378 0.15042694807052612 0.2374695036146376
0 0.9524754524230957 0.9160893546210395 0.027295017242431642 0.06930113898383247
0 0.7412689030170441 0.3694060961405436 0.02400437593460083 0.06210011376274956
1 0.5464109420776367 0.12419512536790636 0.016800737380981444 0.02836626900566949
3 0.9476137757301331 0.5889146169026692 0.10438668727874756 0.24152942233615451
0 0.39564698934555054 0.4395566834343804 0.008398699760437011 0.0689551247490777
0 0.6730262219905854 0.26880481508043075 0.020252740383148192 0.050337198045518665
0 0.46572484970092776 0.7151122411092122 0.02628631591796875 0.07397770351833767
