0 0.5078959822654724 0.49791037241617836 0.025939631462097167 0.11755731370713976
3 0.39376725628972054 0.5432046678331163 0.1188569650053978 0.35176993476019963
0 0.6534757614135742 0.4567609151204427 0.023010873794555665 0.10021014743381076
1 0.5878676414489746 0.4794920179578993 0.06814703941345215 0.1228216807047526
0 0.553872013092041 0.808904520670573 0.04580388069152832 0.18873858981662325
1 0.43566954135894775 0.15397405094570585 0.01940627098083496 0.034816710154215495
3 0.3823436737060547 0.29246864318847654 0.0558544397354126 0.14919189876980252
0 0.19877214431762696 0.7074304792616103 0.03649324178695679 0.16142942640516494
0 0.2472870469093323 0.5125570880042182 0.027239680290222168 0.1111764801873101
0 0.7742583751678467 0.48180724249945744 0.057259654998779295 0.10388548109266493
0 0.28316988945007326 0.5301292419433594 0.027750706672668456 0.13547723558213975
0 0.6101787567138672 0.28478386137220596 0.016104888916015626 0.06355198754204644
0 0.1871105909347534 0.5742384168836806 0.03146586418151855 0.1398612552218967
0 0.33333879709243774 0.4037780549791124 0.02713510990142822 0.08913112216525608
1 0.4323123455047607 0.3490062077840169 0.04593343734741211 0.0909509023030599
0 0.6306340143084526 0.3117801136440701 0.0176251620054245 0.062849489847819
0 0.8527379989624023 0.5264750162760417 0.06791105270385742 0.10967496236165365
0 0.8775533676147461 0.8161595662434896 0.05333366394042969 0.1733931647406684
0 0.5280141353607177 0.3035757064819336 0.03155055046081543 0.06624666849772136
0 0.18842952251434325 0.8907613118489583 0.04615573883056641 0.20185614691840278
0 0.5366115212440491 0.22999946806165908 0.011549115180969238 0.051842816670735675
0 0.42687705159187317 0.2369166162278917 0.012597739696502686 0.053111754523383244
1 0.545905876159668 0.12426150110032823 0.016886281967163085 0.027735572391086153
0 0.5635634064674377 0.2319752057393392 0.011350607872009278 0.049036725362141924
0 0.2643601417541504 0.6962122175428602 0.036685633659362796 0.18123126559787325
0 0.3448088049888611 0.2750188191731771 0.014580994844436646 0.06079300774468316
1 0.7384164333343506 0.8757926093207465 0.15757474899291993 0.23931011623806422
0 0.8942259788513184 0.48941557142469616 0.05806732177734375 0.10685140821668837
0 0.4427940666675568 0.18499831093682184 0.009331047534942627 0.03680464426676432
0 0.31439220905303955 0.3717333793640137 0.02247776985168457 0.0845335430569119
0 0.15983527898788452 0.39451624552408854 0.05017993450164795 0.08764559427897135
0 0.552468478679657 0.17876791424221464 0.008534550666809082 0.035136307610405815
0 0.5546431183815003 0.31761564678615994 0.029448342323303223 0.06501360999213325
0 0.5374274253845215 0.19186404546101887 0.009676313400268555 0.039623027377658424
3 0.6807936191558838 0.8648521211412218 0.07903776168823243 0.27029575771755643
0 0.6537728071212768 0.2958034939236111 0.031182146072387694 0.057259156968858506
0 0.10691723823547364 0.3872642517089844 0.05718806982040405 0.08758837381998698
0 0.8129702568054199 0.43189445071750215 0.025898551940917967 0.06953468322753906
3 0.5560925483703614 0.796648195054796 0.061728906631469724 0.13811832004123265
0 0.5295028805732727 0.15003287527296277 0.007921385765075683 0.03021277321709527
0 0.41642625629901886 0.18558900621202257 0.009532040357589722 0.03934508429633247
0 0.5762760996818542 0.31186181174384225 0.025400853157043456 0.06301886240641276
1 0.87503582239151 0.8261887232462565 0.06835577487945557 0.18241030375162762
0 0.37933728992939 0.19717110527886283 0.01571571230888367 0.036107847425672746
0 0.795494657754898 0.5055914878845215 0.025648391246795653 0.05825294918484158
0 0.547335147857666 0.1647373835245768 0.00766901969909668 0.03333312140570747
1 0.10585569143295288 0.4003394232855903 0.05408546924591064 0.05780834621853299
0 0.566566276550293 0.20050775739881727 0.00908665657043457 0.04332906934950087
0 0.527020251750946 0.19690412945217556 0.009266066551208495 0.0400454839070638
0 0.4210761308670044 0.146545934677124 0.00768129825592041 0.029277027977837457
0 0.08661924898624421 0.4054562038845486 0.024065643548965454 0.04952782524956597
3 0.9642412185668945 0.5707466125488281 0.0685499668121338 0.28608016967773436
3 0.4316598355770111 0.3435525417327881 0.0478974461555481 0.10932730568779839
1 0.771808671951294 0.4886957009633382 0.05641937255859375 0.08444183137681749
0 0.12381086349487305 0.36175305048624673 0.02516438961029053 0.039019838968912764
0 0.5247561693191528 0.13130773968166776 0.006555891036987305 0.024012862311469183
0 0.09738331139087678 0.3475929790072971 0.024770230054855347 0.039086638556586374
2 0.4318476915359497 0.343505769305759 0.04769308567047119 0.10923376083374023
3 0.4940338730812073 0.10157468054029677 0.015807795524597167 0.03282651901245117
0 0.273480749130249 0.3082782639397515 0.018758535385131836 0.055667601691351994
