1 0.5512535691261291 0.25372514724731443 0.05034573078155517 0.08181154463026259
1 0.6604500770568847 0.7122222900390625 0.15231261253356934 0.309457524617513
0 0.8294757843017578 0.5981967502170139 0.07537155151367188 0.18281839158799912
0 0.6443480372428894 0.26925985548231335 0.03464481830596924 0.07900598314073351
0 0.07473866939544678 0.39556554158528645 0.058776718378067014 0.08537648518880209
0 0.5932290315628052 0.15903814103868272 0.011846923828125 0.03497286902533637
0 0.31263060569763185 0.42412889268663195 0.041980934143066403 0.11392957899305556
0 0.46345295906066897 0.16711419423421223 0.013378620147705078 0.033875189887152775
0 0.2915323257446289 0.348867925008138 0.037797045707702634 0.0925537109375
3 0.8301130771636963 0.6009844038221571 0.09149813652038574 0.20660264756944444
0 0.3323729708790779 0.30155652364095054 0.024120941758155823 0.07757174173990886
0 0.1822451114654541 0.522503916422526 0.047423362731933594 0.12824762132432727
0 0.4049068629741669 0.17186410162183974 0.013907551765441895 0.042915693918863934
1 0.8298372387886047 0.6005308998955621 0.08882701396942139 0.20226037767198352
0 0.4288967430591583 0.17581120596991645 0.014485371112823487 0.04877702924940321
0 0.5661572933197021 0.1728750334845649 0.013522958755493164 0.03863086700439453
0 0.5817862391471863 0.16188656489054362 0.012027430534362792 0.03386643727620443
1 0.17698174118995666 0.5186590671539306 0.0603354811668396 0.1543000857035319
2 0.5259131491184235 0.10998560587565104 0.043205726146698 0.09424635569254557
2 0.8300074577331543 0.5969778696695963 0.093603515625 0.20608028835720485
0 0.40765499472618105 0.139026493496365 0.011257553100585937 0.0328304926554362
1 0.2902333736419678 0.35083252059088815 0.046436405181884764 0.09940911398993599
3 0.6468526482582092 0.6833930439419217 0.14691970348358155 0.37251029544406467
2 0.675501573085785 0.6907854292127821 0.15100314617156982 0.378775872124566
0 0.05097557604312897 0.5031818177964952 0.03197703957557678 0.07066400316026476
