0 0.20173997879028321 0.8077977498372396 0.09203485250473023 0.22738719516330294
2 0.5306752860546112 0.21213385264078777 0.0585823655128479 0.11271430121527778
0 0.8395814895629883 0.6154395209418403 0.06941680908203125 0.16411721971299914
1 0.4041212826967239 0.30333900451660156 0.052222412824630735 0.09060736762152778
0 0.6499946236610412 0.3388751135932075 0.03735525608062744 0.09452828301323785
1 0.19804512858390808 0.6007863362630208 0.07110081911087036 0.15647515190972222
0 0.15517609119415282 0.5186288621690538 0.04992917776107788 0.12489501105414497
1 0.1528744339942932 0.5172281954023573 0.05917673110961914 0.12836391660902235
0 0.33016094043850897 0.311089653438992 0.019696880877017976 0.08281981150309245
0 0.3696723207831383 0.2800130420260959 0.022197189927101135 0.06546893649631076
0 0.1971508264541626 0.6124706268310547 0.05585503578186035 0.17472712198893228
0 0.6016693711280823 0.16801108254326713 0.011902356147766113 0.03583596547444661
1 0.4218750447034836 0.37302362653944227 0.07029655575752258 0.13457281324598525
0 0.27542972564697266 0.3799530029296875 0.02731335163116455 0.09853324890136719
0 0.5825988411903381 0.15921009911431205 0.011790156364440918 0.03381538391113281
3 0.8393207669258118 0.6140170627170138 0.08458359241485595 0.1844270494249132
1 0.8396062970161438 0.614342286851671 0.08880736827850341 0.1904023912217882
0 0.4519433379173279 0.2227630509270562 0.01356503963470459 0.042995643615722653
0 0.07621943354606628 0.40099411010742186 0.05875729322433472 0.08094685872395833
0 0.4105129808187485 0.2194661988152398 0.013320773839950562 0.0437801996866862
3 0.20365575551986695 0.8140708499484592 0.10567820072174072 0.26536856757269967
2 0.8404877364635468 0.6139579349093967 0.08530522584915161 0.1853395250108507
3 0.5305179595947266 0.19848946465386286 0.05708389282226563 0.1339944945441352
