2 0.6531223058700562 0.3421279589335124 0.13438038825988768 0.3620089848836263
1 0.5508349776268006 0.3478172196282281 0.066650652885437 0.14156776004367405
0 0.8307016372680665 0.5475819057888455 0.055579853057861325 0.13622347513834634
0 0.7806161880493164 0.44692874484592016 0.03924336433410645 0.09527719285753038
0 0.07670893669128417 0.39586902194552953 0.05681552290916443 0.08373561435275607
3 0.6750556945800781 0.34936438666449654 0.14684805870056153 0.32039928436279297
1 0.8304299473762512 0.5468977186414931 0.06723215579986572 0.15848507351345487
1 0.3837913513183594 0.5021492852105035 0.09712626934051513 0.17677430046929254
2 0.5510593295097351 0.3434800148010254 0.060769057273864745 0.109182251824273
3 0.8302488029003143 0.5484273274739583 0.06592494249343872 0.1586668226453993
0 0.5269898414611817 0.25052511427137586 0.030283117294311525 0.06701891157362196
0 0.5542482852935791 0.12087489234076607 0.008486413955688476 0.029980829026963977
