0 0.5364326477050781 0.5457719590928819 0.07058944702148437 0.10524313184950086
0 0.3698615550994873 0.41176567077636717 0.046866106986999514 0.08803499009874131
0 0.2723304271697998 0.5760535346137152 0.06015176773071289 0.12267049153645833
0 0.5519363522529602 0.3968886269463433 0.022568440437316893 0.09308755662706163
0 0.8269280433654785 0.5495049370659723 0.07717418670654297 0.10777609083387586
0 0.33452907800674436 0.2761932796902127 0.015450596809387207 0.06028781467013889
0 0.5240080535411835 0.34473834567599826 0.025703012943267822 0.07425647311740452
0 0.6468106746673584 0.48739636739095055 0.06723356246948242 0.091534423828125
0 0.38160511255264284 0.2961692068311903 0.016328978538513183 0.05982685089111328
0 0.5270509243011474 0.44180420769585504 0.05420598983764648 0.08313691880967881
0 0.2155081510543823 0.5224697536892361 0.06952242851257324 0.1082436031765408
0 0.44472321271896365 0.23456978268093534 0.01312398910522461 0.05326830546061198
0 0.45328943729400634 0.3607712639702691 0.03320655822753906 0.08121897379557291
0 0.48238205909729004 0.39512355592515735 0.032762765884399414 0.08884241316053602
0 0.059629911184310914 0.6712576972113715 0.08960872292518615 0.12411299811469184
0 0.4550550699234009 0.2134561644660102 0.011842703819274903 0.04709305233425564
0 0.4177087336778641 0.2772674878438314 0.016084235906600953 0.062322044372558595
0 0.6736380577087402 0.7261995951334635 0.051587152481079104 0.15735359191894532
0 0.4742301940917969 0.8906455145941841 0.056201171875 0.1923113505045573
0 0.7798351764678955 0.4425975375705295 0.057740306854248045 0.08952005174424914
0 0.4369594633579254 0.19689492649502224 0.01080249547958374 0.04313929875691732
0 0.2747016668319702 0.4330792744954427 0.05961818695068359 0.09268307156032986
0 0.5540828585624695 0.16994998719957138 0.009875273704528809 0.037695588005913626
0 0.3831307053565979 0.21435586081610786 0.012916159629821778 0.048060205247667104
0 0.31843594312667844 0.3129448466830783 0.01818554401397705 0.06836079491509331
0 0.36125078350305556 0.29641648398505316 0.019144806265830993 0.06077611711290148
0 0.7271819114685059 0.6293936835394965 0.042707061767578124 0.12434658474392361
0 0.7176625728607178 0.5596111297607422 0.060373687744140626 0.10481770833333333
0 0.11892445087432861 0.381006834242079 0.05941823720932007 0.08297186957465277
0 0.3657175898551941 0.2377786530388726 0.01238110065460205 0.04892253875732422
1 0.8227872848510742 0.5612913555569119 0.07274074554443359 0.09207937452528211
1 0.2709187507629395 0.5785860273573133 0.06894512176513672 0.12214491102430555
0 0.5296326994895935 0.1668509324391683 0.009618735313415528 0.03548322253757053
0 0.6976888179779053 0.453167978922526 0.057271289825439456 0.09166022406684028
0 0.523612779378891 0.14322722752888997 0.007546436786651611 0.028695699903700085
0 0.6689283728599549 0.43644672499762643 0.03763096332550049 0.07266992992824978
0 0.4043066054582596 0.2238845083448622 0.012528342008590699 0.04926776885986328
0 0.710954201221466 0.6562451468573676 0.018716597557067872 0.07860569424099392
1 0.545529592037201 0.12359981536865235 0.016741251945495604 0.028785620795355904
0 0.16379907131195068 0.6729530334472656 0.08194408416748047 0.12280307345920138
0 0.22302634716033937 0.4601384056939019 0.04619927406311035 0.08397564358181424
0 0.4528424382209778 0.15530672073364257 0.007402491569519043 0.03152429792616102
1 0.6444859981536866 0.4907354407840305 0.07068867683410644 0.09914651446872287
1 0.7017936527729034 0.4767797787984212 0.06107641458511352 0.07268356747097439
0 0.5371228098869324 0.14759654468960232 0.008692479133605957 0.0303590456644694
0 0.6573225244879722 0.25335191090901693 0.024533846974372865 0.052136272854275176
0 0.4380305528640747 0.16020595762464734 0.008438873291015624 0.03274082607693142
1 0.7801487803459167 0.45048975414699977 0.05026299953460693 0.06917239295111763
0 0.8966968536376954 0.46657096015082467 0.05540132522583008 0.0984108395046658
0 0.41840268969535827 0.2130796856350369 0.0125512957572937 0.046134567260742186
0 0.16704672574996948 0.3674268086751302 0.05021326541900635 0.07741803063286676
1 0.11856913566589355 0.3938866562313504 0.050885772705078124 0.0525117556254069
0 0.8798537254333496 0.9331570943196614 0.038094520568847656 0.1336858113606771
2 0.9519019246101379 0.7274782392713759 0.09040515422821045 0.25052719116210936
1 0.28532909154891967 0.3741728703180949 0.05155069828033447 0.0642755667368571
0 0.4114170879125595 0.2527268833584256 0.013077670335769653 0.04797708723280165
1 0.7182433396577835 0.5775640487670899 0.07391178011894226 0.09596964518229166
3 0.5046703696250916 0.15466824107699925 0.018779230117797852 0.04870489968193902
0 0.9460973739624023 0.5282518810696072 0.022522115707397462 0.05695745680067274
0 0.03328582048416138 0.5918811374240451 0.06409330368041992 0.10341097513834635
3 0.4748159348964691 0.8895782046847873 0.07411321401596069 0.20336532592773438
1 0.9540127158164978 0.6603301790025499 0.08872640132904053 0.0986442142062717
0 0.4080233573913574 0.1882875230577257 0.010651218891143798 0.04088194105360243
0 0.6904642254114151 0.41143021053738066 0.016913682222366333 0.048207537333170576
1 0.9745798468589782 0.6005446434020996 0.04966380596160889 0.1154189427693685
1 0.33036104291677476 0.17367171711391874 0.0200970858335495 0.046861023373074004
0 0.5005279898643493 0.2953202777438694 0.018036913871765137 0.07128092447916666
0 0.9572066307067871 0.7815696716308593 0.053128814697265624 0.14372579786512588
0 0.7277402877807617 0.34153043958875867 0.03346939086914062 0.07892186906602648
0 0.3773242846131325 0.2591059684753418 0.01982284486293793 0.04628056420220269
1 0.5268739283084869 0.4471635182698568 0.05561460256576538 0.08893839518229167
1 0.5374019742012024 0.5472733073764378 0.08172576427459717 0.11202615102132162
0 0.5320850372314453 0.5015445073445638 0.022975826263427736 0.04801805284288194
0 0.4670084238052368 0.1270743899875217 0.006113457679748535 0.02312719557020399
1 0.6742792010307312 0.7192843331231011 0.06515543460845948 0.17843623691134983
0 0.42148935198783877 0.14055396715799967 0.006633198261260987 0.028599876827663847
0 0.8132073521614075 0.43508258395724825 0.026755261421203613 0.06797637939453124
0 0.8621848940849304 0.5335756089952257 0.030003952980041503 0.06262363857693143
