0 0.7996708393096924 0.5571600172254775 0.06310911178588867 0.14388563368055557
1 0.799036180973053 0.5565251880221896 0.07607014179229736 0.16184391445583768
0 0.11976770162582398 0.6878256903754341 0.07485774159431458 0.1818013932969835
0 0.22916128635406494 0.40461761686537 0.040543222427368165 0.09910742441813152
1 0.2288118839263916 0.4047980917824639 0.04505400657653809 0.1039718680911594
0 0.6194422304630279 0.33342711130777997 0.025701922178268433 0.08256119622124566
0 0.07578160762786865 0.39501130845811633 0.0578007698059082 0.08183559841579861
0 0.2775064468383789 0.43537589179144964 0.037183189392089845 0.10613640679253472
0 0.6216186642646789 0.22187921735975477 0.021734404563903808 0.06074977450900608
2 0.397078275680542 0.22522578769259982 0.13660213947296143 0.11932197146945529
1 0.12042224705219269 0.689785893758138 0.0833617627620697 0.18608856201171875
0 0.6174507655203343 0.1777102682325575 0.012810377776622773 0.03420700497097439
0 0.5874665975570679 0.1730480088127984 0.01148080825805664 0.03652998606363932
0 0.5688604831695556 0.16418365902370877 0.014221382141113282 0.03682551913791233
3 0.12162329256534576 0.683987373775906 0.0820978820323944 0.18771627214219835
3 0.44920443892478945 0.19638106028238933 0.06013320684432984 0.1688847435845269
0 0.4095996022224426 0.14716953701443142 0.011514890193939208 0.033472230699327254
