1 0.3763956308364868 0.6295087178548177 0.12738661766052245 0.25731900533040364
0 0.06635510921478271 0.6263849470350478 0.05217925906181335 0.13911810980902778
1 0.6121372222900391 0.46291063096788193 0.0903564453125 0.1679032219780816
0 0.1459026336669922 0.6993115743001302 0.09493338465690612 0.18809729682074652
0 0.177629691362381 0.49061139424641925 0.04116722345352173 0.09610180324978299
0 0.3109039306640625 0.41802215576171875 0.036653971672058104 0.10374043782552084
0 0.6130265474319458 0.2571180449591743 0.02886362075805664 0.06963672637939453
0 0.3540030434727669 0.23098333146837022 0.024918767809867858 0.05821448432074653
0 0.0766275703907013 0.39721387227376304 0.057940471172332766 0.08708114624023437
0 0.27664456367492674 0.3379654778374566 0.036772966384887695 0.08287726508246528
0 0.3402770757675171 0.31079864501953125 0.022148656845092773 0.0733539793226454
1 0.17424461245536804 0.5030414846208361 0.060047447681427 0.13712737825181748
1 0.6143282322213054 0.25775346755981443 0.028143495693802832 0.075028928120931
0 0.6001720309257508 0.169201045566135 0.013502383232116699 0.035708109537760414
3 0.1429332673549652 0.7017848756578233 0.09773727655410766 0.211052491929796
0 0.6083557367324829 0.20149046579996746 0.015181684494018554 0.04959526062011719
0 0.4012704372406006 0.23183871375189888 0.02002410888671875 0.05982394748263889
0 0.6289497390389442 0.19705020586649577 0.018740126490592958 0.04779500961303711
1 0.27287447452545166 0.6891610357496474 0.076763916015625 0.15086985694037544
0 0.2499051570892334 0.42480873531765406 0.03380880355834961 0.09258833991156684
0 0.2114323139190674 0.28437964121500653 0.04229557514190674 0.05743395487467448
1 0.15098862648010253 0.6508271959092882 0.09355351924896241 0.12056783040364584
2 0.5567660689353943 0.14833603435092502 0.036100220680236814 0.0770918846130371
