1 0.5600800752639771 0.21630525588989258 0.04125347137451172 0.07100128597683376
1 0.687081241607666 0.8387574937608507 0.16933364868164064 0.3173038058810764
0 0.3929082274436951 0.273239803314209 0.026264774799346923 0.07715956370035808
0 0.6176335573196411 0.25161522759331595 0.024611377716064455 0.07150997585720487
0 0.3234731674194336 0.44955355326334634 0.047034192085266116 0.11552844577365451
1 0.840059757232666 0.6971849229600694 0.18677997589111328 0.2732669406467014
0 0.07620851993560791 0.3965804629855686 0.058127230405807494 0.08579993777804905
1 0.32085275650024414 0.4496969593895806 0.05482869148254395 0.11729385587904188
0 0.29457602500915525 0.413736809624566 0.029402732849121094 0.09812643263075087
0 0.3029695272445679 0.3384158664279514 0.03325834274291992 0.08231014675564235
0 0.35007596015930176 0.31731536653306747 0.02996377944946289 0.09377070532904731
0 0.6041760921478272 0.16623127195570203 0.011526775360107423 0.03540821075439453
0 0.4506986677646637 0.1444819344414605 0.011378681659698487 0.029824723137749566
1 0.46679354906082154 0.1871131208207872 0.02765498161315918 0.06379103130764431
0 0.39467945098876955 0.2031405766805013 0.018774032592773438 0.056113518608940975
0 0.5701366782188415 0.15173015064663356 0.010771584510803223 0.0318998654683431
0 0.35398453623056414 0.22211140526665582 0.020445504784584047 0.04648907979329427
0 0.47726441621780397 0.21002220577663847 0.013961076736450195 0.040694173177083334
0 0.4503028571605682 0.1700238545735677 0.011762416362762452 0.03578075832790799
1 0.07758738547563553 0.3958782196044922 0.06114211976528168 0.10298826429578993
