1 0.6035432815551758 0.7839287651909722 0.14026107788085937 0.2555657704671224
1 0.44121367633342745 0.40463891559176973 0.05929837822914123 0.14370297325981987
1 0.6600791335105896 0.4691499498155382 0.08950045108795165 0.14581743876139322
0 0.6291147947311402 0.3498462994893392 0.020674407482147217 0.07738717397054036
0 0.36496535390615464 0.4402360280354818 0.02128559648990631 0.10148001776801216
1 0.4354377746582031 0.5831756591796875 0.07629046440124512 0.1736975775824653
3 0.5609562397003174 0.3150175518459744 0.05637426376342773 0.13555463155110678
1 0.7732104301452637 0.7282843695746528 0.16207389831542968 0.2649336496988932
0 0.4151890218257904 0.3344862831963433 0.019616997241973876 0.07555385165744358
0 0.3508899211883545 0.664326900906033 0.0331282377243042 0.16537662082248264
0 0.2983725547790527 0.5806924608018663 0.03167183399200439 0.1478493160671658
0 0.17180521488189698 0.5758863237169054 0.03561830520629883 0.14054065280490452
0 0.6523483991622925 0.33856188456217445 0.018377161026000975 0.07193069458007813
0 0.547242796421051 0.23283145692613388 0.013639426231384278 0.04265316857231988
0 0.6233514308929443 0.2818021774291992 0.014823818206787109 0.05768491956922743
0 0.2003939628601074 0.45001903110080294 0.04217967987060547 0.10152833726671007
0 0.8903841972351074 0.9072079128689237 0.055142784118652345 0.17658216688368056
0 0.3263236522674561 0.43011237250434026 0.023352169990539552 0.11132206386990018
0 0.7798736095428467 0.5229357825385199 0.028845882415771483 0.11638285319010416
0 0.2942744016647339 0.38883102469974096 0.014096784591674804 0.058937851587931314
0 0.7417216300964355 0.5274234347873263 0.030601119995117186 0.11913248697916666
0 0.3467127442359924 0.3304149203830295 0.018712735176086424 0.0736604478624132
0 0.5163385570049286 0.17514449225531684 0.008953917026519775 0.03874070909288194
0 0.7245656490325928 0.3937016381157769 0.024139881134033203 0.0887921651204427
0 0.6358255088329315 0.25391776826646595 0.013535243272781373 0.054088825649685326
0 0.37328784465789794 0.9022761874728733 0.049217605590820314 0.191412353515625
0 0.5748346090316773 0.19695496559143066 0.011760520935058593 0.03984823226928711
0 0.3054174304008484 0.339193852742513 0.01830027103424072 0.06779903835720485
0 0.7262215375900268 0.4752915488349067 0.02772355079650879 0.0886848873562283
0 0.5109896659851074 0.3888283199734158 0.03712763786315918 0.09103190104166667
0 0.5841188192367553 0.21973932054307727 0.011044168472290039 0.044878641764322914
0 0.3865471422672272 0.27366111543443467 0.014012932777404785 0.06345382266574436
0 0.6848636865615845 0.34793471230400935 0.019742774963378906 0.06407243940565321
0 0.3943727523088455 0.31742876900566946 0.01731155514717102 0.06958378685845269
0 0.08379302024841309 0.36272201538085935 0.0507067620754242 0.08077803717719184
0 0.5382056832313538 0.1943932745191786 0.010210108757019044 0.03848853641086154
0 0.606585681438446 0.28306829664442273 0.013792824745178223 0.0573844485812717
3 0.46178773045539856 0.19212678803337946 0.03986481428146362 0.172057925330268
0 0.5002340793609619 0.31715499030219185 0.0188190221786499 0.07448806762695312
0 0.957493782043457 0.7908424377441406 0.04845781326293945 0.14780036078559028
0 0.3545593857765198 0.27105254067314993 0.015179377794265748 0.05911151038275825
0 0.3632247090339661 0.3631663428412543 0.02032649517059326 0.07489963107638889
0 0.26406251192092894 0.3725054979324341 0.01804373264312744 0.05110701984829373
0 0.37099022716283797 0.21945682101779515 0.012741568684577941 0.05495126512315538
0 0.28077096939086915 0.5211104922824435 0.026776695251464845 0.1271651373969184
0 0.7614875793457031 0.4592757331000434 0.025219202041625977 0.09481438530815972
0 0.5902313828468323 0.26001611285739473 0.014199471473693848 0.051366827223036024
0 0.5667209029197693 0.2324152946472168 0.011510205268859864 0.04617820315890842
0 0.5582836985588073 0.2124047915140788 0.009985756874084473 0.04286810557047526
0 0.6813309013843536 0.3904005898369683 0.02428722381591797 0.06282827589246961
1 0.864856767654419 0.4668992678324381 0.05809473991394043 0.06453732384575737
0 0.5980094075202942 0.2303334871927897 0.011842656135559081 0.0458659913804796
2 0.60463827252388 0.7689571380615234 0.169375741481781 0.3003441704644097
2 0.6602876432240009 0.47109914355807836 0.08844637721776963 0.1416701210869683
2 0.40447633266448973 0.19184513092041017 0.044173479080200195 0.11051279703776042
3 0.40331621170043946 0.19676893022325304 0.04423747062683105 0.10470169915093316
0 0.5523353219032288 0.17106584442986383 0.008173727989196777 0.034097448984781904
0 0.10603612661361694 0.9364022996690539 0.06700408458709717 0.12065514458550347
0 0.9738143920898438 0.9229185316297743 0.049318981170654294 0.1541629367404514
0 0.8659826278686523 0.45627933078342015 0.060092926025390625 0.09090440538194444
2 0.7769656002521514 0.7138503816392686 0.17210882902145386 0.28727972242567273
0 0.5443822860717773 0.18087857564290363 0.00780954360961914 0.03366957770453559
0 0.6032501809298992 0.3229533182250129 0.006500361859798432 0.03368768956926134
0 0.545864200592041 0.1525627613067627 0.006957340240478516 0.02768445544772678
1 0.6840103447437287 0.34910649326112536 0.021108806133270264 0.05072028636932373
1 0.9354899764060974 0.6622104432847765 0.057778239250183105 0.09652307298448351
0 0.3706439733505249 0.33807968033684627 0.011982345581054687 0.037795003255208334
0 0.28007041215896605 0.3611604266696506 0.018336176872253418 0.057675806681315105
0 0.5964636683464051 0.3079019440544976 0.018100523948669435 0.0628193113538954
0 0.6884763836860657 0.3135098558333185 0.014524388313293456 0.038593123687638176
0 0.41789763867855073 0.1315072907341851 0.008039122819900513 0.023676575554741754
0 0.39500755071640015 0.28228331671820744 0.009434866905212402 0.04672236972384983
3 0.6522392377257347 0.3396710852781932 0.01974318325519562 0.06391264994939168
0 0.3857351213693619 0.29751403133074444 0.008974355459213258 0.017250284883711074
3 0.44177889823913574 0.4074634975857205 0.05738687515258789 0.1432013193766276
0 0.5187079071998596 0.1437685012817383 0.007159829139709473 0.025719536675347224
1 0.7243875980377197 0.3985562960306803 0.029080867767333984 0.07215576171875
3 0.6392621785402298 0.7780221727159288 0.0785243570804596 0.2675127665201823
1 0.34767528176307677 0.6386243608262804 0.05472556352615356 0.18582085503472223
0 0.2876455903053284 0.30612339443630643 0.019551587104797364 0.058896848890516496
0 0.3264677166938782 0.37959473133087157 0.012568974494934082 0.0428756660885281
0 0.8160419583320617 0.43472088707817924 0.02259500026702881 0.059150144788953994
