0 0.6817998945713043 0.3673998408847385 0.037075579166412354 0.08845623864067925
0 0.8639945983886719 0.6528126186794705 0.05667304992675781 0.19666612413194445
0 0.26268603801727297 0.7415564643012152 0.06043224334716797 0.18802740308973526
0 0.2778399229049683 0.5285547468397352 0.061366844177246097 0.12089953952365451
0 0.3396040678024292 0.4913087632921007 0.0463498592376709 0.15397800869411893
0 0.3256619930267334 0.33715361489189993 0.027686452865600585 0.08251853519015842
0 0.07829324603080749 0.40371021694607206 0.06679493188858032 0.07942903306749131
0 0.3802330732345581 0.21024302376641169 0.023488569259643554 0.07345888349745008
1 0.772935688495636 0.4327571445041233 0.06437742710113525 0.13351228502061632
0 0.7727151393890381 0.43531036376953125 0.052945423126220706 0.10956882900661892
0 0.3595440059900284 0.2797509087456597 0.019345080852508544 0.0645133548312717
0 0.2590919494628906 0.3952348073323568 0.029518818855285643 0.08314524756537543
1 0.8618670463562011 0.6581743028428819 0.07079071998596191 0.20661705864800348
0 0.17271182537078858 0.6608036465115017 0.0746185302734375 0.13945503234863282
0 0.29613208770751953 0.31556368933783635 0.027285504341125488 0.07426033020019532
0 0.431746768951416 0.1401478343539768 0.010553407669067382 0.03451847500271267
0 0.5916679263114929 0.1814056502448188 0.015397000312805175 0.05370629628499349
1 0.46626819372177125 0.17744885550604927 0.029347538948059082 0.049243397182888456
1 0.5164906978607178 0.11150523821512857 0.01761455535888672 0.02874095704820421
1 0.26104522943496705 0.3927216980192396 0.03994405269622803 0.08541146914164226
0 0.43084015846252444 0.1813897344801161 0.014061164855957032 0.042393430074055986
