0 0.7217582702636719 0.6123403761121962 0.03717446327209473 0.1419735378689236
1 0.5200701177120208 0.22022149827745224 0.02863560914993286 0.04998300340440538
1 0.3970633506774902 0.3983926561143663 0.06290285587310791 0.12732071346706814
0 0.43891739249229433 0.46107506222195094 0.02433861494064331 0.1127340104844835
0 0.4893636226654053 0.6991371578640408 0.040329265594482425 0.1653790791829427
1 0.8819541931152344 0.7949762132432726 0.16919827461242676 0.2626924726698134
0 0.26401605606079104 0.6478078206380208 0.03508892059326172 0.1670627170138889
0 0.46268471479415896 0.3383660528394911 0.017617678642272948 0.07950000762939453
3 0.5744754433631897 0.3575198703342014 0.09753596782684326 0.24911388821072047
0 0.5847412109375 0.6318848927815756 0.04057135581970215 0.1522512647840712
0 0.33434051983058455 0.263695494333903 0.014185530692338943 0.057243834601508246
0 0.02069811671972275 0.48791495429144965 0.039568713307380675 0.10538872612847222
0 0.6377922862768173 0.391161134507921 0.024849385023117065 0.07892786661783854
0 0.7070170760154724 0.42024271223280163 0.024649596214294432 0.09191051059299045
0 0.5389550209045411 0.762616221110026 0.04719109535217285 0.16960199144151475
0 0.7602001190185547 0.5010421329074436 0.03027801513671875 0.11598807440863715
1 0.6429934620857238 0.34313491185506184 0.04556796550750732 0.08155913882785373
0 0.08388493061065674 0.9027350107828777 0.050766706466674805 0.1945299784342448
0 0.42973620891571046 0.22846109602186415 0.010791373252868653 0.050897174411349826
0 0.5288587093353272 0.6283129798041449 0.03792257308959961 0.14452582465277777
0 0.12797340154647827 0.7505755106608073 0.0403062105178833 0.17317911783854167
0 0.4939078509807587 0.3355521414015028 0.017576301097869874 0.07245523664686415
0 0.26491105556488037 0.35627979702419704 0.035637617111206055 0.09165999094645182
2 0.8737206637859345 0.7803354899088542 0.18682729005813598 0.31116951836480033
0 0.48178577423095703 0.29609656863742406 0.01413116455078125 0.06234690348307292
0 0.32436820268630984 0.3851336267259386 0.0292097806930542 0.07927591535780165
0 0.6210907854139804 0.244645447201199 0.014852969348430634 0.05017532772488064
0 0.6104528188705445 0.2749553468492296 0.016082620620727538 0.06082310146755642
1 0.14545164108276368 0.40072038438585067 0.1425195097923279 0.10290421379937066
0 0.5417311429977417 0.18664325608147514 0.012106227874755859 0.039064078860812715
3 0.46175583600997927 0.22522270414564344 0.04277827739715576 0.14593529171413847
3 0.7407717995345593 0.8234606001112196 0.24168275743722917 0.35307879977756074
0 0.3843207210302353 0.22310957378811305 0.010687905550003051 0.046586630079481335
0 0.5351698517799377 0.1581413745880127 0.008307290077209473 0.03325974146525065
1 0.5106938242912292 0.15904770427280002 0.021729683876037596 0.038541486528184676
0 0.3537734799087048 0.3803876135084364 0.017643256485462187 0.08050327301025391
0 0.5937345266342163 0.24370448854234483 0.013053464889526366 0.052204365200466576
1 0.4014828860759735 0.23649231592814127 0.03245155811309815 0.06837198469373915
1 0.37519807666540145 0.27528805202907985 0.036522498726844786 0.07111155192057292
0 0.5547633409500122 0.17123739454481338 0.009485578536987305 0.03733668857150608
0 0.5893939852714538 0.19649107191297743 0.01110546588897705 0.04058914184570313
1 0.4205536305904388 0.18919438785976833 0.018666350841522218 0.0417154418097602
0 0.7265397071838379 0.40708236694335936 0.026961135864257812 0.09217258029513889
0 0.35658003985881803 0.26702891455756295 0.012902319431304932 0.05363553365071615
0 0.34973511174321176 0.234574031829834 0.014081530272960663 0.04818638695610894
0 0.4089961230754852 0.16430347230699327 0.009280633926391602 0.03667579227023655
1 0.526306277513504 0.6233917554219564 0.057946193218231204 0.15299498240152995
0 0.5589552402496338 0.22355185614691842 0.012704992294311523 0.043528111775716145
0 0.4001586973667145 0.18690703709920248 0.0101232647895813 0.03749090830485026
3 0.33423691987991333 0.7274960517883301 0.13152616024017333 0.3818793190850152
0 0.33151922225952146 0.3258733848730723 0.01894989013671875 0.04271415207121107
0 0.462179559469223 0.3077047953175174 0.011273276805877686 0.03371550324890349
3 0.3792580485343933 0.3878530820210775 0.04148390293121338 0.15213406880696614
0 0.3863796889781952 0.30940720240275066 0.017582499980926515 0.0632020526462131
1 0.7613692283630371 0.4998935434553358 0.03428680896759033 0.10268691380818686
1 0.44001461267471315 0.11443339453803168 0.013423514366149903 0.02683092753092448
0 0.5393946886062622 0.13547332021925185 0.006826877593994141 0.027326255374484593
0 0.351493239402771 0.32830076217651366 0.01637134552001953 0.058329370286729604
0 0.3370304465293884 0.20093295839097763 0.011530628800392151 0.042499817742241756
1 0.5398972749710083 0.7706425772772895 0.06932229995727539 0.17406077914767795
3 0.42755585312843325 0.1561296886867947 0.024460804462432862 0.06719856262207032
0 0.8091676712036133 0.40917659335666234 0.021961784362792967 0.062001207139756945
0 0.33645540475845337 0.3556438472535875 0.013347792625427245 0.042646826638115774
2 0.34378886222839355 0.7928479512532552 0.14549894332885743 0.3916675567626953
0 0.5685880184173584 0.22062111960517036 0.01127939224243164 0.046100213792588975
0 0.578106141090393 0.19701602194044326 0.010919761657714844 0.040204397837320965
0 0.2745840072631836 0.30601934856838653 0.01731252670288086 0.05303944481743707
0 0.37880966663360593 0.1862021976047092 0.010699892044067382 0.038530264960394967
2 0.16719478368759155 0.3905974229176839 0.10906546115875244 0.09652079476250543
0 0.3724995836615562 0.22456130981445313 0.011119523644447326 0.045318518744574654
1 0.34436769485473634 0.7929300096299913 0.14799845218658447 0.397406005859375
1 0.08955425322055817 0.8466751098632812 0.07314335703849792 0.1785456339518229
