0 0.5899192810058593 0.6215541415744358 0.07704291343688965 0.1291905297173394
0 0.6255424700677394 0.2925071504380968 0.015720583498477936 0.06407877604166666
0 0.38249624967575074 0.2593642446729872 0.014493203163146973 0.06301030053032769
0 0.3310889005661011 0.6807732476128472 0.09724998474121094 0.13234185112847222
0 0.424706768989563 0.26591067843967015 0.014329171180725098 0.06188206142849392
0 0.36511980295181273 0.28925903108384876 0.01792328357696533 0.07106219397650824
1 0.4470322787761688 0.20657019085354275 0.02799738645553589 0.05536607106526693
0 0.8816227912902832 0.5336584726969401 0.06657352447509765 0.10523656209309896
0 0.6463054180145263 0.43399696350097655 0.05644369125366211 0.0936521742078993
0 0.4055731624364853 0.2810947842068142 0.015434950590133667 0.06428010728624133
0 0.32302515506744384 0.2941011746724447 0.018251895904541016 0.06535956064860025
0 0.5775603652000427 0.27334309683905705 0.016808533668518068 0.059702195061577694
1 0.3478086471557617 0.5123145951165093 0.09640655517578126 0.1492786619398329
0 0.5560082912445068 0.41051724751790364 0.05606527328491211 0.08754755655924479
0 0.5704449653625489 0.2364868270026313 0.01247549057006836 0.048435952928331166
0 0.15971715450286866 0.6868991851806641 0.09144223928451538 0.1294843037923177
3 0.5127124488353729 0.15448465347290039 0.02642146348953247 0.07756269243028428
0 0.3859473943710327 0.4304350111219618 0.04932980537414551 0.09093250698513455
2 0.21377066373825074 0.46309680938720704 0.11541779041290283 0.21564301384819878
0 0.8152045249938965 0.5099635654025607 0.055726814270019534 0.10529513888888889
0 0.15331668853759767 0.3788823021782769 0.05023587942123413 0.07630894978841146
0 0.41018037497997284 0.17487002478705513 0.010068613290786742 0.03886193169487847
0 0.5804088950157166 0.2154303550720215 0.0119248628616333 0.046340921190049914
0 0.08822228908538818 0.8213119506835938 0.05698081851005554 0.16551920572916667
0 0.5500682950019836 0.1857404973771837 0.010079312324523925 0.039617061614990234
0 0.2832301616668701 0.38548592461480036 0.04712703227996826 0.09008587731255426
0 0.311231803894043 0.3294805738661024 0.01791372299194336 0.06780683729383681
0 0.49606800079345703 0.6749907599555122 0.09307370185852051 0.1354549831814236
0 0.5784043788909912 0.5209672715928819 0.05629510879516601 0.09929695129394531
1 0.5459196090698242 0.12382433679368761 0.01639080047607422 0.02858086691962348
0 0.42417735457420347 0.15405932002597386 0.009264862537384034 0.03502740859985352
1 0.4575105905532837 0.1708093908098009 0.024161171913146973 0.04048270119561089
0 0.5343681931495666 0.1583554532792833 0.0079636812210083 0.03381461037529839
0 0.6221600770950317 0.20977201461791992 0.020397090911865236 0.038759507073296444
0 0.1396504282951355 0.6124609205457899 0.04878618717193604 0.1079018063015408
1 0.1511349558830261 0.3883037249247233 0.04883830547332764 0.05465861426459418
0 0.11105231046676636 0.4747120327419705 0.0674062728881836 0.09927821689181858
0 0.19665088653564453 0.5217755635579427 0.07272447347640991 0.1025168948703342
0 0.08329298496246337 0.3635480244954427 0.051731616258621216 0.07662592993842231
0 0.5511192917823792 0.15497803688049316 0.008181881904602051 0.030728922949896917
0 0.02786000967025757 0.42847891913519964 0.05219523906707764 0.08035740322536893
0 0.24682512283325195 0.5087569766574436 0.06858689785003662 0.10052218967013889
0 0.46636190414428713 0.6037787543402777 0.06779913902282715 0.12013435363769531
0 0.8706862092018127 0.5036498705546061 0.024188542366027833 0.05382378896077474
1 0.15749571919441224 0.6892585648430718 0.10482653379440307 0.1301541010538737
0 0.6563595727086067 0.24919638103908962 0.018943461775779723 0.04926505618625217
3 0.04773226762190461 0.5189511405097114 0.09330555628985167 0.20238787333170574
0 0.5823238730430603 0.18183088302612305 0.011134123802185059 0.03642605675591363
0 0.5954106211662292 0.19863544040256076 0.009130549430847169 0.040886603461371525
3 0.3767373387236148 0.6284973568386502 0.11093238508328795 0.19172405666775175
3 0.9582757711410522 0.5942098405626085 0.07904868125915528 0.22776565551757813
1 0.9362805843353271 0.6614406797620985 0.05834646224975586 0.09865209791395399
0 0.8109359741210938 0.4224082946777344 0.035081005096435545 0.08978733486599393
0 0.44021769762039187 0.11349946657816569 0.006390023231506348 0.021491294436984592
1 0.6476282268762589 0.4293191247516208 0.060441058874130246 0.10536978509691027
1 0.08901198208332062 0.8254653082953559 0.07290717959403992 0.16320359971788195
1 0.21528992652893067 0.4439876556396484 0.10666981935501099 0.08738072713216145
1 0.38022958040237426 0.424429194132487 0.039480185508728026 0.09258164299858941
0 0.674043607711792 0.26895307964748805 0.019984471797943115 0.05117215050591363
1 0.45151410102844236 0.09676260948181152 0.011880898475646972 0.0220430056254069
0 0.39601428508758546 0.6011026170518663 0.06376128196716309 0.09945962693956163
1 0.3497115544509143 0.6889512909783257 0.05856965938583016 0.1197329839070638
1 0.04470154047012329 0.5416479746500651 0.08940308094024658 0.145395999484592
0 0.5619855403900147 0.386454701423645 0.02147665023803711 0.04911517567104763
0 0.3209083557128906 0.2378307342529297 0.011496782302856445 0.05261709425184462
0 0.5002958536148071 0.3097786174880134 0.02605581283569336 0.04177945719824897
