3 0.6170173764228821 0.4776784340540568 0.11074421405792237 0.24607436392042373
0 0.20832335948944092 0.5173698425292969 0.038004934787750244 0.13023728264702691
0 0.8022907257080079 0.5171857621934679 0.0320643424987793 0.114892578125
0 0.274276876449585 0.544635009765625 0.029235267639160158 0.13726658291286892
0 0.6666030526161194 0.3177332136366102 0.01631906032562256 0.06303893195258246
1 0.6968584328889846 0.43966871897379556 0.07810892462730408 0.12822083367241754
1 0.3144703030586243 0.3465174357096354 0.06874821186065674 0.09449581570095486
0 0.20160653591156005 0.6981774224175348 0.039489126205444335 0.1738346947564019
1 0.29786522388458253 0.7280754937065972 0.12437644004821777 0.28055216471354166
0 0.46437854766845704 0.8708221435546875 0.052373313903808595 0.204486083984375
0 0.7037882804870605 0.5649269527859158 0.030339813232421874 0.13018841213650173
0 0.4115669220685959 0.32133311165703665 0.01625794768333435 0.07224712371826172
0 0.4982670783996582 0.4016177707248264 0.023996734619140626 0.09908239576551649
0 0.937656307220459 0.7108061896430121 0.03632335662841797 0.1492892795138889
0 0.6288421995937824 0.30073169072469075 0.018361227214336397 0.05546449025472005
0 0.6287879221141338 0.346113650004069 0.019751466810703278 0.06640603807237414
0 0.5266131639480591 0.17423091994391549 0.00902543067932129 0.03446247312757704
3 0.8165501594543457 0.7619515313042535 0.2097259521484375 0.38000784979926217
0 0.1401660442352295 0.6911476135253907 0.04633312225341797 0.17068468729654948
1 0.7027078151702881 0.9339679294162326 0.17119321823120118 0.12727466159396703
3 0.547366064786911 0.26973918279012044 0.06881872415542603 0.16241058773464626
1 0.3826879024505615 0.2804309209187826 0.044166183471679686 0.08681488037109375
0 0.5851196408271789 0.191543976465861 0.011227107048034668 0.0422087033589681
1 0.5072352468967438 0.16490927272372777 0.01799064874649048 0.037485938602023657
3 0.29712700843811035 0.7128330442640517 0.15023016929626465 0.3396061791314019
3 0.45572935342788695 0.2530132611592611 0.047915196418762206 0.17175040774875217
0 0.4532811164855957 0.7478044297960069 0.04137711524963379 0.14436442057291668
0 0.02973532974720001 0.37045970492892794 0.05477268099784851 0.08815951877170139
0 0.7407905399799347 0.4441177792019314 0.02373627424240112 0.09432364569769966
1 0.41575908958911895 0.21304833094278972 0.0204582154750824 0.05113667382134331
3 0.42631312906742097 0.1735370847913954 0.02408091425895691 0.06935437520345052
0 0.6240475416183472 0.26498663160536023 0.01479959487915039 0.04713766309950087
0 0.44916620254516604 0.6384361267089844 0.04183669090270996 0.13707004123263888
0 0.41896905899047854 0.5744438171386719 0.03570365905761719 0.12353617350260417
0 0.065917107462883 0.4340322865380181 0.019535034894943237 0.06607968012491862
0 0.2809877395629883 0.4519301520453559 0.025462412834167482 0.10347133212619358
1 0.591046142578125 0.24785213470458983 0.0267794132232666 0.06392572191026476
0 0.5078105509281159 0.34957525465223527 0.01997135877609253 0.06467827690972222
0 0.6256280899047851 0.2111078898111979 0.021601772308349608 0.038525560167100695
0 0.5398794651031494 0.1427898195054796 0.0071925163269042965 0.027588547600640192
2 0.817343807220459 0.7594309488932292 0.2091921329498291 0.37261013454861114
0 0.6564171701669693 0.24892882241143122 0.018413442373275756 0.04900536007351346
1 0.45369423627853395 0.31394939952426487 0.04291443824768067 0.05012102127075195
0 0.8146515965461731 0.44199682341681584 0.02237722873687744 0.05051842795477973
3 0.6966500669717789 0.4421745406256782 0.07754873633384704 0.13088673485649957
0 0.58431978225708 0.2653898662990994 0.010803031921386718 0.0521742926703559
0 0.3943287134170532 0.5255330403645834 0.03220114707946777 0.12737833658854167
0 0.34520473405718805 0.3036960601806641 0.016359968483448027 0.060589641994900176
0 0.5598312020301819 0.16749378840128581 0.009983706474304199 0.03465951283772786
0 0.33741105198860166 0.251384088728163 0.01923462748527527 0.04962715572781033
0 0.33030656576156614 0.2852011150783963 0.016968131065368652 0.04544317457411024
1 0.34558976590633395 0.6336875279744466 0.05055453181266785 0.154847166273329
3 0.6643514633178711 0.9221689012315538 0.11192207336425782 0.15396753946940103
0 0.5388801693916321 0.17049234178331163 0.010815739631652832 0.03335092332628038
0 0.9922428131103516 0.9533055199517144 0.014777946472167968 0.07235276963975694
0 0.40577366948127747 0.16965579986572266 0.008655273914337158 0.034871419270833336
0 0.015557803399860858 0.3877613279554579 0.021251794323325156 0.04500696394178602
0 0.5675303339958191 0.1795943472120497 0.009359478950500488 0.03392844729953342
1 0.5039331436157226 0.1312179300520155 0.0142974853515625 0.0314845085144043
0 0.3985127925872803 0.18937614228990343 0.01064753532409668 0.03824893103705512
2 0.6962688088417053 0.44181803862253827 0.07465858459472656 0.13020661142137316
0 0.4978541672229767 0.2785362985399034 0.013896477222442628 0.05791517893473307
3 0.9626895070075989 0.6009565565321181 0.07292864322662354 0.2156522962782118
3 0.6668233901262284 0.3208727485603756 0.016517001390457153 0.056005050076378717
0 0.49484471678733827 0.3521018664042155 0.015791523456573486 0.06817913055419922
0 0.36655824929475783 0.23764014773898653 0.014872524142265319 0.047277069091796874
