0 0.6520311698317528 0.25018947389390733 0.018235841393470766 0.054778734842936196
0 0.8791629791259765 0.6205596499972873 0.058405303955078126 0.13759629991319444
0 0.6248249888420105 0.22021657096015082 0.018498539924621582 0.05290618472629123
0 0.7241763114929199 0.3684905158148872 0.033303022384643555 0.08745379977756076
0 0.5966628193855286 0.17213606304592557 0.014883828163146973 0.0437189949883355
0 0.13682711124420166 0.7735500759548611 0.05650123357772827 0.16321368747287326
0 0.3270954966545105 0.2771994484795464 0.02942845821380615 0.0853255377875434
0 0.30406343936920166 0.3665465354919434 0.03244857788085938 0.08404517703586155
1 0.8787418484687806 0.6220684899224176 0.06940090656280518 0.1493634541829427
0 0.07985238432884216 0.40601721869574653 0.06598736047744751 0.08855879041883681
0 0.3746494725346565 0.1957010163201226 0.014285406470298767 0.04064922332763672
0 0.4309573471546173 0.21861679289076064 0.01490081548690796 0.04994004567464193
0 0.31050662994384765 0.44859241909450953 0.03673121929168701 0.1030867682562934
1 0.5389844357967377 0.253909354739719 0.04133535623550415 0.07236220041910807
0 0.42769925892353056 0.17511158519321018 0.015690869092941283 0.04377567503187391
0 0.40821089744567873 0.1426318539513482 0.01092761754989624 0.033219199710422094
3 0.1349075496196747 0.7741782718234592 0.06899360418319703 0.19434407552083333
0 0.4184905916452408 0.2250979423522949 0.014363807439804078 0.05421170128716363
