1 0.5184365272521972 0.37755169338650174 0.08963866233825683 0.09204080369737414
0 0.6403791442513466 0.3359821849399143 0.020220336318016053 0.07587566375732421
0 0.13418400287628174 0.5741415659586588 0.0749247908592224 0.10409138997395834
0 0.592240059375763 0.2952425744798448 0.014989924430847169 0.06200856102837456
1 0.5323298215866089 0.2404073715209961 0.03532562255859375 0.0615952385796441
0 0.35512123107910154 0.5029493119981554 0.06209499835968017 0.09839816623263889
0 0.6151520490646363 0.2573634359571669 0.012355756759643555 0.053646829393174916
0 0.028041180968284608 0.38620062934027777 0.056082361936569215 0.0843769285413954
0 0.6319128543138504 0.24756638209025064 0.013462895154953003 0.05236763424343533
0 0.7334115505218506 0.7031521691216363 0.09462938308715821 0.13976465861002604
0 0.37711993902921676 0.3329212400648329 0.01758064329624176 0.06917805141872829
1 0.2977442741394043 0.6007982042100695 0.16346428394317628 0.1328818851047092
0 0.526211941242218 0.17578323152330186 0.01001441478729248 0.040240075853135854
1 0.36041377587243917 0.40842550065782335 0.07724972162395716 0.08099988301595053
0 0.34616459384560583 0.33210987514919704 0.019345442950725555 0.06854731241861979
0 0.5784921646118164 0.19496275583902994 0.010175085067749024 0.0417983161078559
0 0.32970997150987386 0.30137064192030166 0.017109240964055063 0.06250326368543836
1 0.42124388217926023 0.22695540322197807 0.03248660564422608 0.0676197263929579
0 0.9118950843811036 0.7399400499131944 0.07691535949707032 0.13234299553765191
0 0.15951231122016907 0.40687992307874893 0.021032536029815675 0.051699850294325084
0 0.5427162528038025 0.1640349335140652 0.008568453788757324 0.033754762013753256
0 0.3176127552986145 0.3421814494662815 0.019232583045959473 0.062416225009494355
0 0.48462578654289246 0.2920636283026801 0.015590155124664306 0.0629638671875
1 0.5459666848182678 0.12387944327460396 0.01713516712188721 0.029040569729275174
0 0.40412345826625823 0.2827466434902615 0.013571828603744507 0.05953532324896919
0 0.4594264328479767 0.2980398284064399 0.017164456844329833 0.059352938334147134
0 0.4331232726573944 0.3044817818535699 0.018234217166900636 0.060141966078016494
1 0.30638699531555175 0.4327228334214952 0.059651756286621095 0.07324286566840278
3 0.4612544536590576 0.21298437118530272 0.03994674682617187 0.11070249345567491
1 0.16471610069274903 0.5220105489095052 0.10906320810317993 0.09090554979112413
0 0.44520946145057677 0.29675299326578775 0.016686403751373292 0.057547844780815975
0 0.4163102596998215 0.2940901862250434 0.017138200998306274 0.061538781060112846
0 0.11221716403961182 0.361289299858941 0.04806681275367737 0.07532191806369358
0 0.7126237392425537 0.6829238891601562 0.015377521514892578 0.05381130642361111
1 0.16904000639915467 0.4609973642561171 0.04203089475631714 0.06671296225653754
0 0.3590310409665108 0.29363074832492403 0.017373403906822203 0.061975648668077254
0 0.3830801546573639 0.2943023787604438 0.014809238910675048 0.05891903771294488
1 0.13433526158332826 0.5815880457560222 0.07384058237075805 0.09519767761230469
0 0.41649298965930937 0.17961012522379557 0.008722466230392457 0.03691351148817274
0 0.31763463020324706 0.30592819849650066 0.015419673919677735 0.046040280659993486
0 0.3837927520275116 0.21692611906263565 0.013355231285095215 0.04210495418972439
0 0.5525924324989319 0.1643974675072564 0.007843518257141113 0.0309202512105306
1 0.4665833353996277 0.11524073282877605 0.012834382057189942 0.027501678466796874
0 0.5526124119758606 0.18698925971984864 0.016051220893859863 0.03759455151028103
0 0.42322689294815063 0.16224515702989367 0.007863664627075195 0.033442391289605036
0 0.9201284527778626 0.6887522909376357 0.030426335334777833 0.10027268727620443
0 0.3806903600692749 0.18215434816148546 0.012310647964477539 0.04171454111735026
0 0.8505962014198303 0.43550565507676864 0.0243241548538208 0.05638474358452691
3 0.625792571157217 0.9617518530951605 0.048871321976184844 0.07649629380967882
0 0.5198812007904052 0.1163640922970242 0.005414438247680664 0.022886329227023654
3 0.07939193099737167 0.4751364178127713 0.15313821136951447 0.24833505418565538
0 0.3730501040816307 0.2597533014085558 0.01432415544986725 0.050304137335883244
0 0.4639973521232605 0.15062096383836535 0.008462023735046387 0.02616215811835395
0 0.33204254470765593 0.20371840794881185 0.01239902451634407 0.040986527336968316
0 0.2743133187294006 0.30940811369154186 0.017546200752258302 0.05476046668158637
0 0.015102851390838622 0.49165034823947484 0.029208898544311523 0.09455252753363716
