0 0.6425315260887146 0.33873101340399847 0.03266222476959228 0.08921048906114366
0 0.7150665044784545 0.3884321742587619 0.03259806632995606 0.09780190785725912
0 0.7457460463047028 0.44978319803873695 0.045548665523529056 0.11493759155273438
0 0.6343913219869137 0.2745971891615126 0.026889260113239288 0.07801043192545573
0 0.6937568694353103 0.32479802237616645 0.030836337804794313 0.07637534671359592
0 0.6691364049911499 0.3288514243231879 0.026908016204833983 0.07032966613769531
0 0.6085245728492736 0.19697743521796332 0.015531516075134278 0.04430378807915582
0 0.5577442288398743 0.2968195809258355 0.038640284538269044 0.08585531446668837
1 0.5568103194236755 0.29857346216837566 0.04045755863189697 0.0921306398179796
1 0.7443346738815307 0.4487959967719184 0.05246937274932861 0.12080167134602865
0 0.41942572593688965 0.3150507820977105 0.03187568187713623 0.08718859354654948
0 0.2972411513328552 0.3440886073642307 0.031819510459899905 0.0882150650024414
1 0.6932324051856995 0.32674987316131593 0.032797932624816895 0.07572196854485405
0 0.5649356961250305 0.13142897288004557 0.009467148780822754 0.032780859205457896
0 0.6271029472351074 0.21561041937934028 0.01791229248046875 0.05342701805962457
0 0.43414429426193235 0.1174645635816786 0.008205342292785644 0.026528252495659724
0 0.07549113035202026 0.3952612559000651 0.055087947845458986 0.08274943033854167
0 0.417037358880043 0.24770337210761176 0.02321619391441345 0.04372475941975911
