1 0.65465407371521 0.5518418576982286 0.11275019645690917 0.17473616070217557
1 0.5691632270812989 0.7327334933810764 0.13032569885253906 0.23696789211697047
0 0.516218775510788 0.3701080428229438 0.021281778812408447 0.0856019549899631
0 0.3449317455291748 0.6926656934950087 0.03883094787597656 0.17642957899305556
0 0.6199968099594116 0.3706032752990723 0.020945644378662108 0.07221194373236763
1 0.460027813911438 0.2912206755744086 0.0441570520401001 0.09029216766357422
0 0.1747035264968872 0.6251424153645834 0.03600085973739624 0.13951822916666667
2 0.656238240422681 0.5526154836018881 0.11158724939450622 0.17248641120062935
1 0.36908180415630343 0.3123968654208713 0.0512897789478302 0.10081924862331815
0 0.5568496823310852 0.27066086663140193 0.014316821098327636 0.06154713100857205
0 0.2833442687988281 0.6323373582628038 0.03267478942871094 0.16225704616970485
0 0.6562597870826721 0.4195845286051432 0.024656510353088378 0.08843180338541666
0 0.56819748878479 0.4378575642903646 0.023473310470581054 0.09963887532552083
0 0.2597372531890869 0.5182862599690755 0.02712092399597168 0.08868018256293403
0 0.1735935926437378 0.8935689290364583 0.05063272714614868 0.20147696601019965
0 0.0274865984916687 0.4177967071533203 0.054571342468261716 0.09273249308268229
0 0.7606932640075683 0.6752754635281033 0.043019866943359374 0.15691214667426215
0 0.8596477508544922 0.4938303629557292 0.057467174530029294 0.10546434190538194
0 0.3279240369796753 0.557708740234375 0.028843450546264648 0.13688672383626302
0 0.318668794631958 0.4550411542256673 0.018129777908325196 0.07462249332004123
0 0.8756317138671875 0.7448315938313802 0.048491382598876955 0.1571711646185981
0 0.7764720916748047 0.5462037404378255 0.03540802001953125 0.11567247178819444
1 0.5260528087615967 0.2568260510762533 0.031310319900512695 0.05870774586995443
0 0.5717801809310913 0.3352189275953505 0.02001032829284668 0.07098314497205946
0 0.15222704410552979 0.7558134290907118 0.041727197170257566 0.1825299580891927
0 0.2969620943069458 0.42070433298746746 0.02120809555053711 0.08170661926269532
0 0.06563760638237 0.8733226352267796 0.05149860382080078 0.2097905476888021
0 0.5449740290641785 0.1714625464545356 0.008632206916809082 0.03743404812282986
0 0.6308871626853942 0.44208299848768445 0.024209189414978027 0.09059952629937065
0 0.5578513741493225 0.1793631606631809 0.009238600730895996 0.03776886198255751
0 0.20666399002075195 0.7284669664171007 0.034880757331848145 0.17841839260525175
0 0.5544982552528381 0.21696447796291776 0.012487339973449706 0.049442100524902347
1 0.546069598197937 0.12398888270060221 0.016673994064331055 0.029902415805392796
0 0.821849250793457 0.778151109483507 0.041431427001953125 0.15111266242133248
0 0.33674400616437195 0.3938536008199056 0.021166190132498743 0.08464980655246311
0 0.23933057785034179 0.9235714382595486 0.05000789165496826 0.15285712348090277
1 0.23687857389450073 0.917728508843316 0.0711195707321167 0.16454298231336806
1 0.42190254628658297 0.19894001219007704 0.02839866280555725 0.053793907165527344
0 0.8342418670654297 0.6600676642523872 0.038072967529296876 0.1458301544189453
3 0.6237299261556473 0.27518931494818794 0.04710958042414859 0.1547051747639974
1 0.17188127040863038 0.8899833891126845 0.07143988609313964 0.18828612433539496
1 0.41603162586688996 0.5007519827948677 0.07570595145225525 0.17868995666503906
1 0.4379752933979034 0.13474219110276964 0.017658817768096923 0.03628373675876194
0 0.36309422850608825 0.42542235056559247 0.021395695209503175 0.10058106316460504
2 0.5679087996482849 0.7221969180636936 0.15375144481658937 0.2681288825141059
0 0.32299511432647704 0.35735219584570993 0.010556316375732422 0.04584379725986057
0 0.943082332611084 0.49140277438693575 0.05940876007080078 0.10747498406304254
0 0.7229123592376709 0.5000921885172526 0.028827667236328125 0.1041947258843316
1 0.7598649978637695 0.6768512301974826 0.061962437629699704 0.13493109809027778
0 0.7422389030456543 0.5686781141493056 0.034235906600952146 0.12168986002604167
0 0.6998218536376953 0.435888417561849 0.02042980194091797 0.08229743109809028
3 0.4161143496632576 0.492497354083591 0.0917161077260971 0.21948459413316515
0 0.38482423722743986 0.21947295930650498 0.011870843172073365 0.044826571146647134
1 0.5100521683692932 0.1096108012729221 0.01125786304473877 0.0224853515625
3 0.9593380928039551 0.6090702056884766 0.07695446014404297 0.2000985887315538
1 0.0299169410020113 0.4319288306766086 0.05219884142279625 0.06840567058987088
0 0.3529712200164795 0.47399219936794706 0.028607678413391114 0.1199374728732639
3 0.4652279257774353 0.1888066079881456 0.028101396560668946 0.08829038408067491
0 0.6807665228843689 0.47411325242784286 0.025945019721984864 0.07170291476779514
1 0.6842393398284912 0.48613350126478405 0.027506566047668456 0.04707046084933811
0 0.41960680186748506 0.2689724498324924 0.012043315172195434 0.05632550981309679
1 0.4592268943786621 0.1459636582268609 0.017490100860595704 0.0340945561726888
1 0.7450120389461518 0.577699851989746 0.050185096263885495 0.10500814649793837
0 0.4045160710811615 0.3112068125771152 0.013426387310028076 0.04124448514646954
1 0.8224892020225525 0.7692146725124783 0.06408636569976807 0.14066942003038194
3 0.4591487109661102 0.3139320903354221 0.046708095073699954 0.05008640289306641
0 0.395803165435791 0.3259243865807851 0.00789332389831543 0.04261279503504435
1 0.8798189401626587 0.6473474078708225 0.04657583236694336 0.11696561177571614
0 0.5683730244636536 0.38654415872361925 0.021764111518859864 0.05212316513061523
0 0.3939990192651749 0.24510069953070746 0.011819535493850708 0.045255025227864586
0 0.3799502044916153 0.24868235058254665 0.013895267248153686 0.046096950107150605
2 0.6074694514274597 0.26952760484483507 0.07923076152801514 0.15292485555013022
0 0.5307475924491882 0.16868199242485893 0.007687258720397949 0.035691155327690974
0 0.7265411376953125 0.41875894334581165 0.028531408309936522 0.09255260891384548
0 0.29887120723724364 0.34525125291612413 0.01828732490539551 0.08397148980034722
0 0.8789260864257813 0.6483323838975694 0.038472461700439456 0.12410638597276476
0 0.39536387026309966 0.20156869888305665 0.01022518277168274 0.040899297926161024
0 0.3264484189450741 0.30531538857354057 0.012271837890148162 0.05541748470730252
0 0.8191549777984619 0.4776272455851237 0.030155277252197264 0.0576178232828776
0 0.25448707342147825 0.39619948069254557 0.02094004154205322 0.05176556905110677
0 0.5193072974681854 0.14514766799079049 0.007135260105133057 0.029363155364990234
0 0.07062820196151734 0.3719426049126519 0.05073897242546081 0.0847812228732639
1 0.8579033017158508 0.5108606762356228 0.04976794719696045 0.061053170098198786
3 0.5672472178936004 0.7222452163696289 0.15450116395950317 0.27806951734754776
3 0.4652136445045471 0.10520017411973741 0.017279791831970214 0.03337194654676649
2 0.5150078415870667 0.19027166366577147 0.030026745796203614 0.06892185211181641
0 0.9007207870483398 0.5898465898301867 0.031491565704345706 0.12017508612738716
0 0.25694904327392576 0.4497036192152235 0.028651905059814454 0.07465222676595053
0 0.2627208113670349 0.42105049027336966 0.012683606147766114 0.053896088070339625
0 0.3652614176273346 0.22286341985066732 0.01107572317123413 0.04611038631863064
0 0.020602071657776833 0.3915070957607693 0.017139201611280443 0.03896622127956814
3 0.5157958507537842 0.1913193384806315 0.03166818618774414 0.07577103508843316
2 0.8884284019470214 0.9005991617838541 0.21627426147460938 0.1830860561794705
0 0.5323696613311768 0.1443917857276069 0.007774066925048828 0.028374046749538844
0 0.3556437537074089 0.2570043563842773 0.015245690941810608 0.049360360039605033
0 0.7969264984130859 0.44103427463107636 0.053153610229492186 0.09238739013671875
1 0.3849134087562561 0.5324557622273763 0.028820395469665527 0.13638716803656684
3 0.366994584351778 0.3273122125201755 0.050602863729000094 0.07684664726257324
