1 0.4382560640573502 0.22554276784261068 0.04365074038505554 0.08152843051486545
0 0.19643502235412597 0.46625345018174913 0.05041657686233521 0.12111689249674479
1 0.19691667556762696 0.4633641507890489 0.06480374336242675 0.14372970792982315
0 0.6664564132690429 0.404738277859158 0.04128012657165527 0.10162461598714193
0 0.3939816325902939 0.2737534946865506 0.023116427659988403 0.07020291222466363
0 0.3746515154838562 0.3315482669406467 0.025229287147521973 0.07950566609700521
0 0.6186615109443665 0.226510492960612 0.026729941368103027 0.06638666788736979
0 0.594537878036499 0.2021913104587131 0.0179534912109375 0.04290970696343316
0 0.07559733390808106 0.3927663167317708 0.0561750590801239 0.08058088090684679
0 0.367255862057209 0.2645810021294488 0.019781085848808288 0.05686844719780816
0 0.3917947053909302 0.21588404973347983 0.01825861930847168 0.049805471632215714
0 0.3891678273677826 0.18146998087565105 0.015467512607574462 0.041172960069444445
0 0.7131082057952881 0.4209540473090278 0.041695690155029295 0.11302358839246962
1 0.6638449266552925 0.41128944820827906 0.05184648931026459 0.1265033721923828
1 0.7107319921255112 0.4240876966052585 0.06014450192451477 0.12507488992479113
0 0.715104603767395 0.3549149407280816 0.02576904296875 0.05596347384982639
0 0.5347243428230286 0.2698871188693576 0.026298117637634278 0.07179976569281685
0 0.43439679145812987 0.11149018075731065 0.008299612998962402 0.025147554609510632
0 0.41957748830318453 0.17505046526590984 0.014812928438186646 0.04151983261108398
