1 0.439250111579895 0.4007001664903429 0.05998871326446533 0.1459806654188368
0 0.5500794529914856 0.2741527027553982 0.015227770805358887 0.06271114349365234
0 0.6022504329681396 0.36996647516886394 0.017808818817138673 0.07695420583089192
0 0.662604558467865 0.44418532053629556 0.02942122220993042 0.09409650166829427
0 0.7502894878387452 0.6744825998942058 0.03621854782104492 0.15951902601453993
0 0.574922239780426 0.26819852193196614 0.014632582664489746 0.058322313096788196
0 0.7280935287475586 0.5523571014404297 0.029255151748657227 0.1283596462673611
0 0.36763031780719757 0.23444882498847114 0.013882535696029662 0.05332457224527995
0 0.6212698459625244 0.27915831671820746 0.01653451919555664 0.05945294698079427
0 0.5595616340637207 0.2087037616305881 0.011335039138793945 0.046535152859157984
0 0.3218111276626587 0.3791256692674425 0.025464773178100586 0.08857364654541015
3 0.43189765214920045 0.255295287238227 0.045480751991271974 0.1257344987657335
0 0.10763447284698487 0.37205077277289494 0.051889616250991824 0.08606965806749133
0 0.5395557403564453 0.5668954637315539 0.035547494888305664 0.14180412292480468
0 0.3554797857999802 0.3178400463528103 0.017711353302001954 0.0738796657986111
0 0.7246976554393768 0.4747150209214952 0.029481947422027588 0.08927158779568142
0 0.6481411457061768 0.3605798191494412 0.020564174652099608 0.07637877994113498
0 0.6710919857025146 0.5548692491319445 0.027655792236328126 0.13143039279513888
0 0.39739956259727477 0.24606172773573134 0.012730944156646728 0.0552931891547309
0 0.9536653518676758 0.9114200168185764 0.06003074645996094 0.1751019795735677
0 0.5741718292236329 0.42753236558702257 0.03764472007751465 0.10402666727701823
0 0.37091879844665526 0.34420848422580297 0.01839578151702881 0.07684351603190104
0 0.5836430788040161 0.20506188074747722 0.012885475158691406 0.048551283942328556
0 0.37594075202941896 0.26532463497585723 0.014168930053710938 0.05958434210883246
1 0.46156821250915525 0.7802691989474826 0.09830322265625 0.2672447204589844
1 0.1977926969528198 0.40453436109754776 0.14573326110839843 0.1076396730211046
1 0.5458794236183167 0.12409174707200792 0.01686728000640869 0.02879720264010959
0 0.38725361227989197 0.2756282700432671 0.012977147102355957 0.060931883917914494
0 0.39592700004577636 0.18903308444552952 0.012159192562103271 0.04143367343478733
0 0.8937060356140136 0.4891231960720486 0.06457061767578125 0.10325139363606771
0 0.5282561898231506 0.15734785397847492 0.007615876197814941 0.034065892961290145
0 0.6617652535438537 0.296834839714898 0.02564260959625244 0.05818540785047743
0 0.5449583530426025 0.16073453691270617 0.009430837631225587 0.036051432291666664
3 0.44078734517097473 0.16184918085734049 0.02834097146987915 0.07624166276719835
0 0.6055361509323121 0.30133198632134334 0.01478719711303711 0.06501312255859375
0 0.6147798277437687 0.3491650793287489 0.016582690179347992 0.06441508399115668
0 0.5284860253334045 0.30661229027642145 0.017948603630065917 0.06206779479980469
0 0.05062268972396851 0.8456754896375868 0.052195405960083006 0.1738033718532986
0 0.48930710554122925 0.306742795308431 0.015725302696228027 0.06128022935655382
0 0.4123895674943924 0.1852790355682373 0.01058545708656311 0.038507768842909074
2 0.22680588960647582 0.3892777231004503 0.1030510663986206 0.12311979929606119
1 0.8927789211273194 0.5046435674031575 0.06470818519592285 0.07327465481228299
0 0.23410453796386718 0.915258280436198 0.050978469848632815 0.08561511569552951
1 0.43061400949954987 0.30397489600711397 0.03950902819633484 0.030172014236450197
1 0.4597803056240082 0.20053798887464735 0.02004119157791138 0.046516736348470054
1 0.45573888421058656 0.11111693912082249 0.012227833271026611 0.022796673244900173
3 0.47135983407497406 0.755013370513916 0.13840487599372864 0.3788824929131402
3 0.4378918170928955 0.40284398396809895 0.059065628051757815 0.13692181905110676
0 0.8119052886962891 0.43028043111165365 0.03039274215698242 0.0994691636827257
0 0.6384621098637581 0.22667020161946613 0.017183730006217958 0.04464980231391059
0 0.4064891993999481 0.21330228381686742 0.012134957313537597 0.0413134045071072
0 0.4227895200252533 0.15979993608262805 0.008236110210418701 0.03231101565890842
1 0.9364461421966552 0.660177739461263 0.06119771003723144 0.10186674329969618
0 0.47480723857879636 0.2970547252231174 0.01437392234802246 0.06458153194851346
0 0.47251824140548704 0.3384248521592882 0.019287371635437013 0.07101533677842882
0 0.7138903498649597 0.3510588394271003 0.012844300270080567 0.04914181762271457
0 0.4990019559860229 0.30248387654622394 0.01380610466003418 0.06527904934353299
2 0.4403869926929474 0.16001818974812826 0.030104148387908935 0.07457752227783203
3 0.9674498200416565 0.5742426554361979 0.061897110939025876 0.2527837117513021
0 0.6565561830997467 0.34742832713656957 0.012913191318511963 0.03679073121812609
1 0.625515069393441 0.9614283667670356 0.04888082379475236 0.07714326646592883
