0 0.7068007498979568 0.4044541464911567 0.0258356511592865 0.08566152784559462
0 0.7314239501953125 0.6496311611599392 0.03441290855407715 0.14329732259114583
0 0.8614863395690918 0.6546925862630208 0.0392913818359375 0.14918009440104166
0 0.6776016831398011 0.33022594451904297 0.018226981163024902 0.06630083719889322
0 0.5589786529541015 0.8011467827690972 0.05428390502929688 0.1824538336859809
0 0.619308590888977 0.38168976042005753 0.020300912857055663 0.07719546424018012
0 0.15472733974456787 0.6005672878689237 0.035242331027984616 0.14616949293348525
0 0.6555287599563598 0.4135991414388021 0.025141572952270506 0.0854815165201823
1 0.3394131541252136 0.4717587365044488 0.06048462390899658 0.13867840237087672
0 0.5446468949317932 0.5075564914279513 0.028075671195983885 0.12183778550889757
0 0.8987345695495605 0.8018805609809028 0.047229576110839847 0.17892388237847223
0 0.3883180648088455 0.2752396371629503 0.013021343946456909 0.06035166846381294
0 0.4981513559818268 0.38033810721503364 0.01905308961868286 0.07714498307969835
0 0.771267318725586 0.5734886169433594 0.029440689086914062 0.12018547058105469
0 0.2655216693878174 0.5233206431070964 0.028172874450683595 0.13189722696940104
0 0.30625256299972536 0.4262769275241428 0.021466374397277832 0.08638267517089844
0 0.49095768928527833 0.6527677747938369 0.049279308319091795 0.14829249911838108
0 0.7409362316131591 0.7752716064453125 0.0421177864074707 0.17282049391004775
1 0.5297241568565368 0.23780986997816297 0.031006217002868652 0.053079838222927514
0 0.7845910072326661 0.6795470343695746 0.03870887756347656 0.1571322970920139
0 0.1839480519294739 0.7779778374565972 0.036544966697692874 0.16502982245551215
0 0.18841525316238403 0.6405815548366971 0.033957934379577635 0.15446226331922744
0 0.5974347114562988 0.3107671101888021 0.015323781967163086 0.061847686767578125
1 0.5623015642166138 0.1799714247385661 0.0218963623046875 0.049471145206027564
0 0.7725238800048828 0.4700669182671441 0.02656235694885254 0.10285352071126302
0 0.3620399236679077 0.32792239718967015 0.01712789535522461 0.06172671847873264
0 0.3818624705076218 0.20716319613986545 0.012524455785751343 0.04573838975694444
0 0.2374945640563965 0.468376456366645 0.02776005268096924 0.11675593058268229
0 0.32990535791032016 0.3349544949001736 0.0165797115303576 0.06861436631944444
0 0.45598496198654176 0.16358207066853842 0.008616089820861816 0.036654726664225264
0 0.37319706827402116 0.2943971739874946 0.015157827734947204 0.06746383243136936
0 0.3126164436340332 0.3150463528103299 0.017194128036499022 0.06897290547688802
0 0.436995267868042 0.17909160719977485 0.009369611740112305 0.0404971546596951
0 0.28232927322387696 0.3628654479980469 0.020929670333862303 0.06827952067057291
0 0.6473447799682617 0.353377808464898 0.019011545181274413 0.0642403072781033
1 0.5581113815307617 0.3095412572224935 0.048111677169799805 0.08567068311903211
0 0.6018603205680847 0.2589418411254883 0.014748930931091309 0.05163438585069444
0 0.6161423444747924 0.2230680465698242 0.01311478614807129 0.045730336507161455
0 0.2448142409324646 0.3914465374416775 0.01936604976654053 0.051270251803927955
0 0.42477039992809296 0.17941629621717664 0.009040814638137818 0.038173209296332465
0 0.07996479272842408 0.7661270989312066 0.04789531826972961 0.1929706573486328
0 0.5828388094902038 0.18727428648206923 0.010891938209533691 0.038825501335991754
3 0.4379857540130615 0.2909016927083333 0.06466550827026367 0.1347217771742079
0 0.5991127610206604 0.21475613911946614 0.012143969535827637 0.03871095445421007
0 0.11616222858428955 0.8147797478569878 0.04377155900001526 0.2016569349500868
1 0.5121853351593018 0.19677486419677734 0.027431726455688477 0.052501805623372394
0 0.6134953975677491 0.2881554921468099 0.01580018997192383 0.057258987426757814
0 0.48856687545776367 0.5142257266574436 0.04106616973876953 0.11309814453125
0 0.5567848324775696 0.24153052435980904 0.013158059120178223 0.05352257622612847
0 0.389225035905838 0.2353981441921658 0.01222686767578125 0.04980621337890625
0 0.5444488167762757 0.1885373804304335 0.008919787406921387 0.04016945097181532
0 0.6239844918251037 0.26886722776624894 0.014969897270202637 0.051296170552571616
0 0.20766258239746094 0.9284955766465929 0.04781177043914795 0.14300884670681424
1 0.5705307602882386 0.23211985694037543 0.03425872325897217 0.05239715576171875
0 0.4145526558160782 0.15820395681593152 0.00955919623374939 0.03501738442314996
0 0.3505042552947998 0.3660813649495443 0.020466113090515138 0.08731055789523655
0 0.42798147201538084 0.20698598225911458 0.011603999137878417 0.041567484537760414
1 0.3499616622924805 0.2682602564493815 0.035108304023742674 0.07575492858886719
0 0.3273394465446472 0.39096215301089815 0.017884421348571777 0.05287213325500488
3 0.5085367262363434 0.13881820042928059 0.024145734310150147 0.05810133616129557
0 0.5334268808364868 0.17551014688279892 0.00935826301574707 0.036047670576307506
0 0.3944777697324753 0.20107416576809353 0.011629408597946167 0.038392066955566406
0 0.5594544887542725 0.37507315741644964 0.04534454345703125 0.09061571756998697
0 0.5176724851131439 0.3356760130988227 0.021512329578399658 0.06494871775309245
1 0.4927267611026764 0.654809464348687 0.06376150846481324 0.14350912306043836
0 0.8562562942504883 0.9497161865234375 0.06244077682495117 0.09286999172634548
0 0.6362217903137207 0.33121136426925657 0.016605138778686523 0.039643205536736385
0 0.586004114151001 0.28119933870103625 0.014469194412231445 0.05399468739827474
3 0.5565943956375122 0.786088392469618 0.07868328094482421 0.17508638170030383
0 0.4789499998092651 0.28362527423434786 0.015942025184631347 0.060415755377875434
0 0.6233947396278381 0.32463471094767254 0.016123461723327636 0.05883418189154731
0 0.35821638256311417 0.1918252362145318 0.014347395300865174 0.04113442103068034
0 0.6390663161873817 0.3026507483588325 0.013925132155418397 0.049124187893337674
0 0.4592555582523346 0.12011553976270888 0.0061354517936706545 0.024515226152208115
0 0.8118946075439453 0.43232332865397133 0.02899627685546875 0.09817301432291667
0 0.42095601856708526 0.13807124031914605 0.007540792226791382 0.027038955688476564
0 0.4426282227039337 0.15177039040459528 0.006801426410675049 0.0310482660929362
0 0.4055999994277954 0.2128891944885254 0.011291134357452392 0.04155924055311415
3 0.5608279585838318 0.3210216677747667 0.04722917079925537 0.06374339066031906
0 0.6556198596954346 0.25345453686184355 0.015941941738128663 0.049475373162163626
0 0.2547475814819336 0.4224935955471463 0.017971611022949217 0.06607822842068142
1 0.6528187751770019 0.36048523055182563 0.034165453910827634 0.05886994467841254
1 0.5277708411216736 0.13784485393100315 0.01728212833404541 0.029695860544840493
1 0.5572752952575684 0.3870245615641276 0.04553589820861816 0.06085275014241536
0 0.46165940165519714 0.24560423956976996 0.012811338901519776 0.04996172587076823
3 0.6254519376903772 0.9617425918579101 0.04641252681612969 0.07651481628417969
1 0.784155422449112 0.6730165587531196 0.04920352697372436 0.15249830881754559
1 0.6045454274863005 0.2585172653198242 0.009090854972600936 0.04840558369954427
