1 0.6170538425445556 0.3632111655341254 0.06043782234191895 0.09926202562120226
0 0.5458438515663147 0.36660125520494247 0.02203691005706787 0.08276674482557508
0 0.37537035942077634 0.5114407009548612 0.024455451965332033 0.13084288703070746
1 0.5756319999694824 0.6916510687934028 0.11494040489196777 0.2158241695827908
0 0.3322890877723694 0.3888363626268175 0.020187067985534667 0.09017598893907335
0 0.27943034172058107 0.7505525377061631 0.03561809062957764 0.17782355414496528
0 0.8496315956115723 0.6141153971354166 0.03690357208251953 0.13515714009602864
1 0.6930873364210128 0.525358157687717 0.1118565857410431 0.18309173583984376
0 0.6963646233081817 0.4041341357760959 0.022619521617889403 0.07906447516547309
3 0.537836217880249 0.248685179816352 0.04209132194519043 0.09863175286187066
0 0.7183473110198975 0.7009778340657552 0.03563079833984375 0.16240980360243057
0 0.6601027607917785 0.3766747792561849 0.020457863807678223 0.08241653442382812
0 0.8235903739929199 0.7901180691189236 0.047674560546875 0.18177854749891492
0 0.6374860763549804 0.29186308119032117 0.01473550796508789 0.059875869750976564
0 0.3563504695892334 0.4170771280924479 0.022969818115234374 0.10213385687934028
0 0.3917319267988205 0.29719340006510414 0.016469138860702514 0.061554633246527775
0 0.5807485580444336 0.26349284913804794 0.013186454772949219 0.06032941606309679
0 0.3052337408065796 0.5234493679470487 0.02780146598815918 0.12446242438422309
0 0.24087541103363036 0.6729973687065972 0.03657126426696777 0.17567816840277778
0 0.1970067024230957 0.3759458753797743 0.04452857971191406 0.08865119086371528
0 0.8628017425537109 0.7464669969346788 0.04414834976196289 0.15824228922526043
1 0.7470203995704651 0.4300698333316379 0.0406524658203125 0.06870366202460396
0 0.25975379943847654 0.42114779154459636 0.02616147994995117 0.11345019870334201
0 0.04080946147441864 0.8996412489149306 0.05126754641532898 0.1976573520236545
0 0.9171408653259278 0.9239933437771267 0.07187366485595703 0.1469541761610243
0 0.786654281616211 0.634177483452691 0.03165130615234375 0.1524020724826389
0 0.6373027950525284 0.24905631807115342 0.013562828302383423 0.04698017968071832
0 0.7482158184051514 0.422627936469184 0.03963747024536133 0.09268074035644532
3 0.4599977731704712 0.21708847681681315 0.0441497802734375 0.18283312055799697
0 0.9700430870056153 0.8957606845431858 0.05525951385498047 0.19733903672960068
1 0.39906446933746337 0.8634808858235677 0.11775050163269044 0.2681269327799479
0 0.3059140682220459 0.44234595828586154 0.026580810546875 0.09127388000488282
0 0.4627030372619629 0.39825015597873265 0.04677004814147949 0.09205504523383247
0 0.6028279185295105 0.23797747294108074 0.011723017692565918 0.047304195827907985
3 0.4305521219968796 0.5575186040666368 0.09531479477882385 0.22979540295071071
2 0.6928220093250275 0.5302928818596734 0.11469415426254273 0.17954989539252386
0 0.519199013710022 0.15456728935241698 0.0074330329895019535 0.032735686832004125
3 0.3906455397605896 0.22293904622395833 0.061063551902771 0.11936832004123264
0 0.7969507217407227 0.5283609178331163 0.027739858627319335 0.11164381239149306
0 0.5735944032669067 0.21561112933688695 0.009839677810668945 0.04371318817138672
0 0.5609623312950134 0.21866270701090496 0.010187268257141113 0.046648661295572914
3 0.366462242603302 0.8057905409071181 0.06697485446929932 0.2428274366590712
2 0.624358270294033 0.362841542561849 0.047391270147636534 0.10968748728434245
0 0.6096967935562134 0.29214495552910696 0.016503143310546874 0.05747241973876953
0 0.5664756417274475 0.18925161361694337 0.009134936332702636 0.03504310184054905
0 0.6777122497558594 0.33788253996107315 0.017790889739990233 0.06661612192789713
0 0.5066668808460235 0.1461566925048828 0.006829893589019776 0.029359457227918835
0 0.7151326775550843 0.36293938954671223 0.010359644889831543 0.06558850606282553
2 0.5758093893527985 0.6862269401550293 0.13960298299789428 0.2346694310506185
0 0.5451951742172241 0.178649197684394 0.008840847015380859 0.03898490269978841
0 0.582005500793457 0.22445878982543946 0.009838676452636719 0.044697549608018666
0 0.33829281143844125 0.32776142756144205 0.015882811695337295 0.06052591535780165
3 0.42932083606719973 0.18039201100667318 0.025565958023071288 0.0628996107313368
0 0.5321557998657227 0.18493764135572646 0.009051370620727538 0.036156813303629555
1 0.43127079010009767 0.558750491672092 0.07865548133850098 0.21445706685384114
0 0.5303476810455322 0.1637434747483995 0.007599830627441406 0.032965829637315536
0 0.5759215474128723 0.19222436481051974 0.009071564674377442 0.036222224765353736
2 0.3902899563312531 0.22318460676405166 0.06020737886428833 0.1210298326280382
0 0.3496245972812176 0.27562020619710287 0.013212199509143829 0.05705570644802517
0 0.6569796934723854 0.24960622787475586 0.018166276812553405 0.049632157219780815
0 0.5008298099040985 0.3089168005519443 0.020567786693573 0.04005582332611084
0 0.2941442489624023 0.2947998152838813 0.02111186981201172 0.06506510840521919
1 0.4315409541130066 0.16688688066270616 0.02306811809539795 0.03636262681749132
0 0.559558117389679 0.17372668584187825 0.009174990653991699 0.034320301479763456
0 0.5387350082397461 0.14737961027357313 0.007186365127563476 0.028583992852105035
1 0.39112210273742676 0.307753508620792 0.016469764709472656 0.03772923946380615
1 0.6600436568260193 0.3905632230970595 0.02072763442993164 0.05820888943142361
0 0.11555359363555909 0.37574920654296873 0.05562517046928406 0.08804774814181858
0 0.6490008234977722 0.3429969045850966 0.015756773948669433 0.06572433047824436
0 0.2749272346496582 0.30672857496473527 0.016869401931762694 0.051096471150716145
1 0.38016921281814575 0.25398267110188805 0.03827393054962158 0.06665310329861111
1 0.7014531284570694 0.2967812008327908 0.033649271726608275 0.05244085523817274
0 0.35696624517440795 0.3751896169450548 0.013099312782287598 0.04678640365600586
1 0.9189981341361999 0.9282935672336154 0.08855702877044677 0.14163521660698786
1 0.45915762186050413 0.30230768389172025 0.03755981922149658 0.026837590005662708
0 0.5558878183364868 0.19428135553995768 0.009302663803100585 0.03626278771294488
