1 0.6464801788330078 0.8311125861273871 0.1297013759613037 0.245919672648112
3 0.719126558303833 0.5993663787841796 0.18243589401245117 0.3413076612684462
0 0.3814596891403198 0.6264451768663194 0.0682797908782959 0.13395203484429252
1 0.6339692354202271 0.37916795942518444 0.06833057403564453 0.10959264967176649
3 0.5472175002098083 0.3016082657708062 0.05321924686431885 0.1293448766072591
0 0.3599474668502808 0.4339915805392795 0.02593207359313965 0.11352043151855469
1 0.42440504431724546 0.19839932653639053 0.02544447183609009 0.0454238149854872
0 0.17675772905349732 0.3806538475884332 0.05167109966278076 0.0892531712849935
1 0.4542315721511841 0.30163449181450736 0.05220682621002197 0.10279676649305555
0 0.42072386741638185 0.7137156168619792 0.060939693450927736 0.1505165523952908
0 0.2824449300765991 0.35631190405951607 0.02560272216796875 0.06588215298122829
0 0.09864847660064698 0.6017552693684896 0.05327255129814148 0.13385946485731337
0 0.6033130764961243 0.307282480928633 0.017813563346862793 0.03678718407948812
0 0.6810984492301941 0.38958872689141166 0.019482111930847167 0.07718893686930338
0 0.25525014400482177 0.5158077663845486 0.030096960067749024 0.13161438835991754
0 0.6335450649261475 0.47498016357421874 0.028676319122314452 0.10787434048122829
0 0.5250978469848633 0.6845192803276909 0.03690171241760254 0.15907597011990018
1 0.5870899796485901 0.26303202311197915 0.03120753765106201 0.06931686401367188
3 0.45892302989959716 0.21307609875996908 0.03290514945983887 0.09281884299384223
0 0.4224961221218109 0.2593618286980523 0.012385141849517823 0.06181452009412977
0 0.7036299347877503 0.3632209565904405 0.017673134803771973 0.07315177917480468
0 0.6192255258560181 0.29583206176757815 0.015136623382568359 0.05663176642523871
0 0.5199625015258789 0.576991695827908 0.032782697677612306 0.12669609917534722
3 0.3417771816253662 0.3131846957736545 0.059098553657531736 0.1314358393351237
0 0.5808171153068542 0.21332679324679904 0.012027287483215332 0.041874270968967016
0 0.7288527488708496 0.4047314961751302 0.03014092445373535 0.09393564860026042
0 0.6752816438674927 0.32190458178520204 0.01739015579223633 0.04344927072525025
3 0.39407552480697633 0.23662187788221573 0.031014275550842286 0.1013413323296441
2 0.6360117108561099 0.3799974746174283 0.0667457876726985 0.11859593126508924
0 0.6397193312644959 0.2827104250590006 0.014577889442443847 0.04912480248345269
3 0.6580406995723024 0.823893674214681 0.11539378720335662 0.25326228671603734
0 0.138661128282547 0.38025457594129775 0.033874261379241946 0.05717502170138889
0 0.6305588483810425 0.2568250020345052 0.014501285552978516 0.05059411790635851
2 0.6430195808410645 0.8223962148030599 0.1421729564666748 0.27115419175889754
0 0.08427674174308777 0.36411399841308595 0.049613463878631595 0.0786556667751736
0 0.5952142477035522 0.20155886544121637 0.01175098419189453 0.03999724917941623
2 0.4365457773208618 0.14607902103000217 0.0245880126953125 0.04825062221950955
3 0.5552080154418946 0.18240082528856066 0.027930164337158205 0.08238030539618599
0 0.012809577584266662 0.3894396464029948 0.02518254518508911 0.08558131323920357
0 0.815762996673584 0.5857979668511285 0.029720497131347657 0.12926207648383248
1 0.389111316204071 0.25671187506781684 0.02177736759185791 0.07516326904296874
0 0.40990222096443174 0.17344111336602105 0.00926457643508911 0.0353740480211046
2 0.5515078902244568 0.18315162658691406 0.03609778881072998 0.08382390340169271
1 0.012573668512050062 0.40094774829016794 0.024741205270402133 0.05034790568881565
1 0.3711502909660339 0.6274463229709202 0.05769941806793213 0.14973263210720486
3 0.5258652687072753 0.2042782677544488 0.04359169006347656 0.08977722591824001
0 0.41932147145271303 0.16405724949306913 0.00946730375289917 0.030284786224365236
0 0.6524213030934334 0.3264226794242859 0.009311673045158387 0.031292271614074704
0 0.606057095527649 0.24415519502427843 0.013071680068969726 0.0453555425008138
1 0.7028551369905471 0.3708186229070028 0.01863357424736023 0.05908852153354221
3 0.5113236904144287 0.11931505733066135 0.02327699661254883 0.059791978200276694
0 0.6476170539855957 0.3022125667995877 0.016082763671875 0.05206570095486111
2 0.5380084633827209 0.13065681987338595 0.03458263874053955 0.04877941343519423
