2 0.6394934058189392 0.2859431955549452 0.12080271244049072 0.23988788392808702
0 0.9579400062561035 0.8733283148871528 0.08168411254882812 0.22495591905381945
0 0.7166858375072479 0.3257936159769694 0.028251135349273683 0.07901223500569661
0 0.3091598033905029 0.3189345465766059 0.028098177909851075 0.08475072648790148
0 0.7920226097106934 0.5025922987196181 0.033856773376464845 0.10562154981825086
0 0.08039244413375854 0.40907936096191405 0.06385886669158936 0.09124645657009549
0 0.573755407333374 0.16932533582051595 0.014599800109863281 0.04245907465616862
0 0.2718455195426941 0.5024291144476997 0.03138458728790283 0.0995618184407552
0 0.5914314985275269 0.16209342744615343 0.01250753402709961 0.037207603454589844
1 0.4373911201953888 0.15437326431274415 0.027432405948638917 0.05482722388373481
0 0.5270437002182007 0.12948847346835665 0.008767938613891602 0.029977809058295356
0 0.5523682236671448 0.12494068675571018 0.00881969928741455 0.02641551759507921
1 0.08226407766342163 0.4089792357550727 0.07005946636199951 0.11803438398573134
0 0.7113672018051147 0.22685005399915908 0.017305803298950196 0.048169517517089845
0 0.41943918764591215 0.15601523717244467 0.01057705283164978 0.03704516092936198
0 0.5729974031448364 0.14236860275268554 0.012470817565917969 0.02922960917154948
0 0.43502073287963866 0.19427328639560276 0.013795900344848632 0.042681556277804907
