0 0.672917902469635 0.35779954062567815 0.03550984859466553 0.09165715111626518
1 0.5548859238624573 0.2829939842224121 0.0424027681350708 0.0908612781100803
1 0.581602132320404 0.36575459374321834 0.07918741703033447 0.11753289964463975
0 0.636497151851654 0.24530229568481446 0.018948578834533693 0.06001834869384766
1 0.6722634732723236 0.3585192680358887 0.0405448317527771 0.09343399471706815
0 0.5973724246025085 0.22869566811455622 0.017573952674865723 0.05248860253228082
0 0.5779544234275817 0.15788918601142035 0.011329865455627442 0.03887460496690538
0 0.6226472616195678 0.2244026396009657 0.01725606918334961 0.04952591790093316
0 0.3582115888595581 0.23235783047146266 0.01914844512939453 0.05227241516113281
0 0.8422801971435547 0.5654239230685764 0.03653564453125 0.12521158854166667
1 0.538607370853424 0.19134350352817112 0.032260680198669435 0.061468919118245445
0 0.37494066953659055 0.188478422164917 0.014243054389953613 0.04308006498548719
0 0.37247653007507325 0.24683843188815646 0.0193756103515625 0.051473172505696614
0 0.6463579326868057 0.22773406770494248 0.010884803533554078 0.03430822160508898
3 0.5378707051277161 0.18142398728264703 0.03320944309234619 0.08013518651326497
1 0.08552631586790085 0.40306044684516057 0.07636972963809967 0.10641004774305556
0 0.5552753806114197 0.15210730764600966 0.009970593452453613 0.030910057491726345
0 0.42974785566329954 0.19598907364739312 0.013077807426452637 0.043129020267062716
0 0.5618921041488647 0.3825179100036621 0.03292703628540039 0.09497386084662543
0 0.4155300557613373 0.2036960071987576 0.01554170846939087 0.05058735741509331
0 0.4420169770717621 0.2013151274787055 0.013797938823699951 0.048548444112141924
0 0.08337717056274414 0.3994607713487413 0.0682362973690033 0.08310411241319444
0 0.47550064921379087 0.19792816374037 0.012037289142608643 0.039104737175835506
0 0.5937878608703613 0.1874260107676188 0.015265798568725586 0.0428945435418023
0 0.39194378852844236 0.17120316823323567 0.011713266372680664 0.0360479990641276
