0 0.7057498335838318 0.47992254892985026 0.024046444892883302 0.10671840243869357
0 0.6116695761680603 0.45153556399875217 0.02183654308319092 0.10416577657063802
0 0.22073075771331788 0.6392035590277778 0.04505630731582642 0.14763391282823352
0 0.6922362327575684 0.6545396592881945 0.03720703125 0.15518226623535156
0 0.886649227142334 0.5064733717176649 0.058145332336425784 0.09963323805067274
0 0.14386701583862305 0.5199840121799045 0.04512782096862793 0.11363783942328559
0 0.7891657829284668 0.8727725558810764 0.05224251747131348 0.18890694512261286
0 0.12019646167755127 0.60008544921875 0.04587608575820923 0.129583740234375
0 0.43535190224647524 0.38928616841634117 0.020310604572296144 0.09557842678493923
0 0.42616536617279055 0.3003281381395128 0.015895485877990723 0.06782944997151692
0 0.8864828109741211 0.7716829935709636 0.05067873001098633 0.1581995646158854
0 0.7608893394470215 0.4889630635579427 0.0299252986907959 0.1148673587375217
0 0.323419451713562 0.488331052992079 0.026099252700805663 0.1235521952311198
0 0.6694871038198471 0.3003469361199273 0.016874796152114867 0.062130673726399736
0 0.2779076337814331 0.4941785229576959 0.02553720474243164 0.08602378633287218
0 0.8071237564086914 0.7432586669921875 0.053322649002075194 0.1501326666937934
0 0.8023902893066406 0.6424917856852214 0.03708715438842773 0.12834498087565105
1 0.5090385794639587 0.15649054315355088 0.02051389217376709 0.041375488705105254
0 0.2597224712371826 0.45318785773383247 0.0243147611618042 0.10730294121636284
0 0.6685010433197022 0.5084073596530491 0.031107997894287108 0.11417978074815538
0 0.30367493629455566 0.4113925721910265 0.02028646469116211 0.07352146572536893
1 0.40206549763679506 0.264810307820638 0.043221008777618405 0.09645038180881077
1 0.5461519002914429 0.12461067835489908 0.016535139083862303 0.028578673468695748
0 0.6414536952972412 0.5319218953450521 0.031164836883544923 0.11880391438802083
0 0.3388214573264122 0.3479209687974718 0.019900444149971008 0.07296070522732205
0 0.016181759536266327 0.48978669908311634 0.032363519072532654 0.11902012295193143
0 0.3305748229380697 0.42025818294949 0.019747274089604618 0.0871667226155599
0 0.9521488189697266 0.9153780619303385 0.08364219665527343 0.15770602756076388
1 0.4624478340148926 0.29855656094021266 0.04054503440856934 0.09193284776475695
1 0.8063563168048858 0.7377019670274523 0.06798356771469116 0.14990497165256075
3 0.3904368683695793 0.3532500574365258 0.04695556461811066 0.12820597965684202
0 0.3878918170928955 0.37387190924750435 0.024967885017395018 0.09517578548855252
0 0.8942163467407227 0.6401340908474392 0.041046142578125 0.12046000162760416
0 0.39264721274375913 0.22570833630032008 0.011456120014190673 0.04489943186442057
0 0.5346237540245056 0.137888945473565 0.007292819023132324 0.028991497887505425
0 0.2915406465530396 0.3680794345008002 0.01183633804321289 0.04801261689927843
0 0.3645667746663094 0.33066303465101454 0.01601381003856659 0.06711419423421223
1 0.42039631903171537 0.1942320982615153 0.02416312098503113 0.04276020261976454
0 0.676556071639061 0.44874659644232856 0.02227180600166321 0.05504824320475261
3 0.4624807059764862 0.19229065577189128 0.04235407114028931 0.1496233410305447
0 0.6430495992302895 0.246725591023763 0.012467512488365173 0.05246734619140625
0 0.3789848625659943 0.26451128853691946 0.013588917255401612 0.05545753902859158
0 0.8116801261901856 0.43466686672634547 0.030326318740844727 0.09598240322536893
1 0.693892526626587 0.6390674167209202 0.0426910400390625 0.13431311713324653
0 0.500561660528183 0.3087691889868842 0.017925560474395752 0.03976060019599067
0 0.2727684736251831 0.39199930826822915 0.023443841934204103 0.08906211853027343
1 0.45970345139503477 0.24524830712212456 0.03286072015762329 0.06022054884168837
0 0.3529229909181595 0.3195171770122316 0.014076215028762818 0.04378651711675856
0 0.40360209345817566 0.20193459192911783 0.0105066180229187 0.03859937455919054
1 0.24135786294937134 0.9580207612779406 0.055292916297912595 0.08395847744411893
2 0.40328208804130555 0.26426511340671116 0.04616292715072632 0.0985163582695855
1 0.654311952739954 0.5107565350002713 0.06665573567152024 0.11069933573404948
1 0.7863896727561951 0.8393666161431207 0.061775708198547365 0.10296588473849827
0 0.4291564881801605 0.1670037693447537 0.008801424503326416 0.03146741655137804
0 0.5662166476249695 0.15761389202541776 0.010610556602478028 0.03393455081515842
0 0.10158096551895142 0.35745281643337673 0.059655284881591795 0.07543186611599392
0 0.3078027248382568 0.3396910031636556 0.016910409927368163 0.055879105461968316
0 0.9791370391845703 0.8116867913140191 0.03890180587768555 0.1254450480143229
0 0.7139168381690979 0.3511966771549649 0.012791323661804199 0.0512580845091078
0 0.6366323545575142 0.2273823102315267 0.013599058985710144 0.043738068474663626
0 0.3255720682442188 0.22668258878919814 0.010519136488437653 0.045967886182996964
