0 0.6341027021408081 0.3707356346978082 0.03694438934326172 0.09844326443142361
1 0.38086705207824706 0.5517381456163194 0.12149899005889893 0.2691934797498915
0 0.11064157485961915 0.6161815643310546 0.05774024724960327 0.1570933871799045
0 0.7374347090721131 0.4270175721910265 0.03334648609161377 0.1027595943874783
0 0.3761204659938812 0.28363929324679904 0.024145233631134033 0.07153977288140191
3 0.38697266499511895 0.5567628542582194 0.13276839414611458 0.3098633024427626
0 0.42677903175354004 0.22198219299316407 0.01547999382019043 0.04844428168402778
0 0.3519494265317917 0.28078713946872286 0.023720842599868775 0.06530980004204644
0 0.343638452142477 0.3375051710340712 0.025159777700901033 0.06619576348198784
0 0.3988029509782791 0.22917764451768663 0.015955859422683717 0.04591242472330729
0 0.09485041797161102 0.4056899309158325 0.024846750497817992 0.0581718815697564
0 0.2618138313293457 0.49411341349283855 0.041560935974121097 0.1187050289577908
2 0.3882715905085206 0.558826806810167 0.12838857881724836 0.3000386979844835
0 0.5506826877593994 0.22601662741767037 0.016772985458374023 0.04323622385660807
1 0.11021053791046143 0.6188686264885797 0.0640064001083374 0.17244137658013237
0 0.314545738697052 0.2801128175523546 0.024646067619323732 0.0657570309109158
1 0.6330736994743347 0.3721234639485677 0.0450577974319458 0.10399805704752604
0 0.24839168787002563 0.41809925503200956 0.03084890842437744 0.08901680840386285
0 0.415203458070755 0.19338274002075195 0.01226898431777954 0.04083262549506293
0 0.39088006019592286 0.1940264066060384 0.014780402183532715 0.03928614722357856
0 0.32805843353271485 0.347736750708686 0.013736152648925781 0.03353489769829644
0 0.2695702791213989 0.4218819671207004 0.015986108779907228 0.04722977744208442
0 0.25110032558441164 0.34406438403659395 0.026356220245361328 0.08017253875732422
0 0.351931132376194 0.22287157906426325 0.018568345904350282 0.052522468566894534
