0 0.8595698356628418 0.5422515445285373 0.05285854339599609 0.11004918416341146
0 0.6226047269999981 0.4211406919691298 0.025014419853687287 0.08325555589463976
0 0.6471132501959801 0.294357246822781 0.017831626534461974 0.058659595913357204
1 0.0677819311618805 0.47846692403157554 0.12862881422042846 0.1203230963812934
1 0.2970866680145264 0.6421065436469184 0.15521814823150634 0.1867206573486328
0 0.5786204814910889 0.7440747578938802 0.038811874389648435 0.18763868543836806
1 0.4721246242523193 0.6598608652750652 0.09037513732910156 0.21552098592122396
0 0.43250141143798826 0.4809992472330729 0.0263458251953125 0.1257818857828776
0 0.419882208108902 0.1889530340830485 0.010245168209075927 0.04237955941094292
0 0.39090380668640134 0.6222866482204861 0.03338356018066406 0.14389491611056857
3 0.45268276929855344 0.24832063251071507 0.04328408241271973 0.12315972646077473
3 0.6949467182159423 0.4159377310011122 0.05571379661560059 0.1359635459052192
0 0.4132837325334549 0.29179266823662653 0.0155087411403656 0.06384101443820529
0 0.6952502250671386 0.5208417256673177 0.027541589736938477 0.11689724392361112
0 0.3801521763205528 0.29373518625895184 0.019723549485206604 0.06535610622829861
0 0.4631986618041992 0.9015216403537326 0.043366193771362305 0.18393012152777777
0 0.39235771000385283 0.20178022384643554 0.011759883165359497 0.04369335174560547
0 0.36128413677215576 0.49993243747287325 0.025866079330444335 0.12196858723958333
0 0.2518649697303772 0.49768006006876625 0.028660082817077638 0.08638070424397787
0 0.28802850246429446 0.5036051432291667 0.027498483657836914 0.1096954345703125
0 0.6700776576995849 0.34922445085313586 0.024114179611206054 0.06380339728461372
0 0.7939676761627197 0.5204271104600694 0.04603757858276367 0.10407736036512587
0 0.24494569301605223 0.7031615363226996 0.048058271408081055 0.15355156792534722
0 0.37711930871009824 0.23862393697102866 0.01534348726272583 0.04959424336751302
0 0.08474943637847901 0.3649277581108941 0.05403070449829102 0.07841226789686415
0 0.7462101101875305 0.49056110382080076 0.028098297119140626 0.08784641689724393
0 0.3247909426689148 0.47026451958550347 0.030178475379943847 0.08577490912543403
2 0.2998489856719971 0.3514112260606554 0.11276695728302003 0.1366802003648546
0 0.20927853584289552 0.45960108439127606 0.03208334445953369 0.12063802083333333
0 0.40117566883563993 0.17453949716356065 0.010450261831283569 0.03796243667602539
3 0.4713920712471008 0.6613938331604003 0.11365292072296143 0.24264032575819228
0 0.4037197113037109 0.5395176357693142 0.026690244674682617 0.13067605760362414
2 0.28775045871734617 0.6410079956054687 0.1525486469268799 0.238834720187717
0 0.405679726600647 0.2571869214375814 0.01422213315963745 0.05535038842095269
1 0.6015965938568115 0.25199797948201497 0.04282541275024414 0.06295736100938586
0 0.5921564340591431 0.21843104892306858 0.013728523254394531 0.0439933353000217
1 0.3245212435722351 0.38168911404079864 0.056242060661315915 0.06945504082573785
0 0.673943766951561 0.30576372146606445 0.017904943227767943 0.049671236673990884
0 0.4394570529460907 0.14158974753485787 0.007825672626495361 0.028334426879882812
0 0.3597972929477692 0.29543300204806855 0.019444537162780762 0.06261511908637153
0 0.6210416555404663 0.21688251495361327 0.016692972183227538 0.04162716335720486
0 0.7403360068798065 0.4382803440093994 0.022944700717926026 0.06149846182929145
0 0.5708320260047912 0.17479254404703776 0.012273716926574706 0.03804507785373264
3 0.570659852027893 0.35128723780314125 0.06825113296508789 0.1384558147854275
0 0.39553294479846957 0.28210541407267253 0.01586713194847107 0.06644874148898655
0 0.5596639156341553 0.15594309171040852 0.00975642204284668 0.03273519939846463
0 0.8553253412246704 0.4825324800279405 0.027043867111206054 0.048365147908528645
0 0.6525081157684326 0.3835945129394531 0.02764577865600586 0.09483807881673177
0 0.43988595008850095 0.1678515911102295 0.008589863777160645 0.034100013309054905
1 0.696185827255249 0.4440925598144531 0.05098037719726563 0.10634142557779948
1 0.6533196851611137 0.39424992932213676 0.04025556147098541 0.07064833641052246
3 0.5027870893478393 0.13568242390950522 0.02332484722137451 0.05066663953993056
0 0.20619970560073853 0.4062921206156413 0.02394821643829346 0.04182351430257161
3 0.9681183338165283 0.5926736407809787 0.05909509658813476 0.22824745178222655
0 0.04405566155910492 0.6779825846354167 0.08811132311820984 0.12740050421820748
1 0.9361401796340942 0.6620637893676757 0.05937094688415527 0.09725456237792969
1 0.5699161529541016 0.36317965189615886 0.06388716697692871 0.11759533352322049
1 0.8581209778785706 0.5481803258260091 0.05761983394622803 0.10184928046332466
1 0.7930966258049011 0.527193366156684 0.049956011772155764 0.08227912055121528
0 0.38555790185928346 0.5369456291198731 0.028884196281433107 0.08291331397162544
3 0.29990004301071166 0.35605809423658585 0.11350290775299073 0.13433841069539387
1 0.4621149003505707 0.8977613872951932 0.06793380975723266 0.20447722540961372
0 0.6980040073394775 0.3359408020973206 0.01732330322265625 0.03723646534813775
0 0.5231825411319733 0.1466847366756863 0.008181130886077881 0.028847832149929472
0 0.7991319179534913 0.45497478908962674 0.0485997200012207 0.08935729132758247
3 0.6260778590571136 0.9616402308146159 0.0490928084589541 0.07671953837076823
