3 0.3994077205657959 0.6807328118218317 0.12346153259277344 0.4031914605034722
3 0.6099793910980225 0.5279670715332031 0.1484990119934082 0.42703823513454864
1 0.5293711662292481 0.21287448671129014 0.03094487190246582 0.05103210873074002
0 0.39247562885284426 0.31318908267551 0.015785014629364012 0.06876737806532118
0 0.64488765001297 0.35987974802652994 0.018957114219665526 0.07729309929741754
0 0.2707773447036743 0.3963894102308485 0.018740034103393553 0.08050202263726128
0 0.6619624018669128 0.4099970923529731 0.02192056179046631 0.08939870198567708
0 0.6879062533378602 0.35683929655287 0.017854714393615724 0.06881220075819228
1 0.762479591369629 0.6003178914388021 0.09895787239074708 0.15689290364583333
0 0.845770263671875 0.5874741448296441 0.03697195053100586 0.1304587894015842
0 0.7595321655273437 0.7511379665798611 0.04504265785217285 0.16335508558485243
1 0.340397047996521 0.33409029642740884 0.05614948272705078 0.08913803100585938
0 0.3820255160331726 0.26422798368665906 0.012847590446472167 0.05575194888644748
0 0.5569392085075379 0.16567440032958985 0.008240151405334472 0.03314204745822483
1 0.3960350066423416 0.2277327749464247 0.026481908559799195 0.05452022552490234
0 0.5578790187835694 0.9190774705674913 0.05210790634155273 0.15239410400390624
0 0.6287717342376709 0.30688184102376304 0.014092397689819337 0.057553609212239586
0 0.2992617130279541 0.41444409688313805 0.02301456928253174 0.10935931735568577
0 0.48233887553215027 0.3005009545220269 0.013729965686798096 0.06959338717990451
0 0.5727016925811768 0.2597727457682292 0.016843414306640624 0.052694278293185765
1 0.42117778658866883 0.2705795711941189 0.03743854761123657 0.07246916029188367
1 0.07319390177726745 0.4169317881266276 0.13343650102615356 0.10684127807617187
0 0.6039072751998902 0.2524417347378201 0.012592220306396484 0.053898853725857204
0 0.7057210445404053 0.4120048522949219 0.025147724151611327 0.10115055508083767
0 0.6526216030120849 0.3058319091796875 0.018309640884399413 0.059364869859483506
1 0.5146010994911194 0.12619003719753688 0.01563584804534912 0.02655599382188585
0 0.5623020648956298 0.215709654490153 0.01105194091796875 0.045936732821994355
0 0.5902389883995056 0.22947777642144096 0.010730242729187012 0.04532479180230035
0 0.6379170432686806 0.2727882809109158 0.014406624436378478 0.04875322977701823
0 0.5711191415786743 0.20918733808729384 0.010580730438232423 0.043907080756293404
3 0.4303581267595291 0.3686029300921493 0.06678442358970642 0.15448339796728558
0 0.9829875946044921 0.9222342173258463 0.033068084716796876 0.15553156534830728
3 0.5596790432929992 0.9290275361802843 0.06644637584686279 0.14083697001139323
1 0.8461389780044556 0.5854553858439128 0.04798555374145508 0.1224204593234592
0 0.5427529692649842 0.1426433033413357 0.007488512992858886 0.02964577145046658
0 0.3153026461601257 0.30297062132093644 0.019169116020202638 0.06287335289849175
3 0.46404909491539004 0.19613033930460613 0.031655967235565186 0.09753072526719835
0 0.6126812160015106 0.305029042561849 0.015389147400856017 0.04597990247938368
0 0.6179510802030563 0.2776373863220215 0.01492009162902832 0.04820427364773221
0 0.364203941822052 0.2670116000705295 0.016243815422058105 0.05542471143934462
0 0.6276206016540528 0.9591108534071181 0.055992650985717776 0.07858344184027778
0 0.5921106100082397 0.296237850189209 0.014667177200317382 0.05796731313069661
0 0.3796399712562561 0.21877306832207574 0.011620843410491943 0.044231605529785153
1 0.41104244589805605 0.19987563557094998 0.031601083278656 0.054779868655734594
0 0.4614716112613678 0.2916855494181315 0.015173137187957764 0.062443712022569445
1 0.37710813283920286 0.5342411465115018 0.04578373432159424 0.1200942145453559
3 0.34889981071464715 0.3336663352118598 0.05633963504806161 0.08955489264594184
1 0.9368181467056275 0.6617602242363824 0.05989837646484375 0.09837031894259983
0 0.8457046508789062 0.9466166178385417 0.07364397048950196 0.10004408094618056
1 0.43221627175807953 0.3718585756089952 0.0579628050327301 0.1498783959282769
0 0.8123772859573364 0.4303577423095703 0.022128820419311523 0.0686280992296007
0 0.41018795371055605 0.1599724504682753 0.008686113357543945 0.03164277606540256
0 0.3196705222129822 0.24335766898261177 0.015307307243347168 0.05330948299831814
3 0.43034146130084994 0.1468187067243788 0.023028415441513062 0.05100475947062175
2 0.3427164554595947 0.33239569965129095 0.06666779518127441 0.08633644773314396
2 0.432526683807373 0.3711514366997613 0.05745277404785156 0.1425503200954861
0 0.27346436977386473 0.30674413045247395 0.017583799362182618 0.05449689229329427
1 0.6278850436210632 0.959485838148329 0.06490824222564698 0.08102832370334201
0 0.5300832509994506 0.1272027121649848 0.006143712997436523 0.024818526373969182
1 0.97979656457901 0.9231232325236003 0.04026448726654053 0.14694370693630643
1 0.5089413404464722 0.10664164755079482 0.010205793380737304 0.01783397462632921
2 0.6513898968696594 0.5601035647922092 0.10277979373931885 0.29276334974500867
3 0.9643396735191345 0.5875606113009982 0.0699716329574585 0.24299536810980904
3 0.4922818303108215 0.10144994258880616 0.012401533126831055 0.028174850675794814
1 0.7059056341648102 0.40880619419945613 0.03280400037765503 0.08460144996643067
