0 0.1000565767288208 0.788701883951823 0.08030934333801269 0.21931126912434895
0 0.1854676365852356 0.48333091735839845 0.044602465629577634 0.10458958943684896
0 0.2742466926574707 0.45649515787760414 0.03180551528930664 0.09256566365559896
0 0.2944068431854248 0.642146725124783 0.04157860279083252 0.1411497328016493
0 0.29227142333984374 0.31486546198527016 0.024050140380859376 0.07189290788438585
1 0.4552254259586334 0.21986412472195097 0.048110353946685794 0.10717502170138889
0 0.2797210574150085 0.380903434753418 0.036220669746398926 0.08312933180067274
0 0.20686919689178468 0.6364512125651042 0.04521032571792603 0.15183851453993055
0 0.32683279514312746 0.2906938764784071 0.02731771469116211 0.05362820095486111
0 0.40028896927833557 0.3438762982686361 0.021573245525360107 0.07914922502305773
0 0.24496922492980958 0.3746147579616971 0.03290097713470459 0.08908634185791016
0 0.3805240288376808 0.29534003999498154 0.020550712943077087 0.07215404510498047
0 0.35490781217813494 0.2969046592712402 0.02804517447948456 0.06930370330810547
0 0.3241619229316711 0.35285058551364473 0.03289000988006592 0.08378687964545356
1 0.29425437450408937 0.6435479376051161 0.059282541275024414 0.16049908532036675
0 0.41774301528930663 0.5077388339572483 0.038228845596313475 0.12919493781195746
1 0.18870686292648314 0.4851851039462619 0.06144406795501709 0.11840703752305773
0 0.09499738216400147 0.4053354342778524 0.025508880615234375 0.05641488499111599
0 0.3403382062911987 0.4472689734564887 0.027345657348632812 0.10222261216905382
0 0.418633434176445 0.22332003911336262 0.013938075304031372 0.04503947363959419
0 0.35809874534606934 0.37034013536241317 0.026641464233398436 0.09455189175075955
1 0.27775566577911376 0.38063691722022164 0.03996729850769043 0.08704589737786186
0 0.35709347724914553 0.23589160707261828 0.01664443016052246 0.048559082878960505
3 0.4531413555145264 0.2183089150322808 0.06261816024780273 0.1089622179667155
1 0.2092458963394165 0.6248062345716688 0.06576380729675294 0.17260975307888454
0 0.26273776292800904 0.9122738732231988 0.03223750591278076 0.06834996541341146
2 0.456659197807312 0.2167535463968913 0.04927337169647217 0.11420459747314453
0 0.4093609482049942 0.18928147421942818 0.012905234098434448 0.048886511060926646
0 0.4338156938552856 0.13626288837856718 0.008979296684265137 0.03151602215237088
0 0.3604956269264221 0.4581609514024523 0.02583019733428955 0.07262569003634983
0 0.4110140264034271 0.15106927553812663 0.010667598247528077 0.03413917753431532
