0 0.08215740323066711 0.6125663757324219 0.05997089147567749 0.14973233540852865
1 0.19007163643836975 0.4943582163916694 0.06491645574569702 0.13566647635565865
0 0.1882349967956543 0.4963528103298611 0.05304107666015625 0.11338962978786893
1 0.08213695585727691 0.6114149517483182 0.07314171195030213 0.1671444786919488
0 0.56041339635849 0.3032717492845323 0.026469779014587403 0.08783236609564887
2 0.6170964002609253 0.24550257788764107 0.09295496940612794 0.15554673936631944
0 0.6220087885856629 0.3432833777533637 0.02626922130584717 0.07100067138671876
0 0.07615958452224732 0.395041995578342 0.055482369661331174 0.08350639343261719
1 0.39894819259643555 0.18276074197557238 0.03661535978317261 0.06571796205308703
0 0.3108872175216675 0.30126800537109377 0.029633188247680665 0.07639774746365018
0 0.4141032725572586 0.1924447801378038 0.016937941312789917 0.051862208048502605
0 0.40891331136226655 0.14636470476786295 0.012437587976455689 0.03522045347425673
0 0.31396117210388186 0.4114368862575955 0.0322052001953125 0.10671840243869357
0 0.46999548077583314 0.1924804581536187 0.013698732852935791 0.040953509012858075
1 0.296768045425415 0.42460614310370554 0.07886271476745606 0.14247642093234592
3 0.6177665710449218 0.24378225538465711 0.090155029296875 0.1473957273695204
