0 0.6193636626005172 0.3715240054660373 0.012538474798202515 0.04152247111002604
0 0.6974085062742233 0.4587222205268012 0.02060578465461731 0.061681705050998265
0 0.6549572288990021 0.4087994893391927 0.016025590896606445 0.050608592563205296
0 0.3343375451862812 0.39375647173987494 0.01488891988992691 0.04786339335971408
0 0.7347876548767089 0.4719825267791748 0.021819305419921876 0.0642348501417372
1 0.22673414945602416 0.5813033633761936 0.0680100679397583 0.10507486131456163
1 0.6418654017150403 0.49012525346544056 0.04710042625665665 0.0956441667344835
1 0.588477623462677 0.35014064576890735 0.02681152820587158 0.040664492713080515
1 0.32514309883117676 0.5644894282023112 0.0606689453125 0.09558177524142795
1 0.4156972378492355 0.38333785268995496 0.03229969143867493 0.05365730921427409
1 0.41088175773620605 0.6322428385416666 0.06606521606445312 0.11136767069498697
1 0.24677048921585082 0.45084821383158363 0.04518392086029053 0.06903624004787869
0 0.4052102953195572 0.4975760036044651 0.024550706148147583 0.07370162540011936
1 0.36448121070861816 0.3965500725640191 0.03373403549194336 0.05833594004313151
1 0.5660467863082885 0.3903043005201552 0.03583993911743164 0.06335612403021919
1 0.21096696853637695 0.36667281786600747 0.02978482246398926 0.04540792041354709
1 0.43808500170707704 0.46245383156670467 0.04196213483810425 0.0701253890991211
0 0.41336439549922943 0.3466058929761251 0.013605767488479614 0.03497699366675483
1 0.6497917175292969 0.6984853108723958 0.09070663452148438 0.14191182454427084
1 0.17445946335792542 0.4431830088297526 0.04114314317703247 0.06313819885253906
1 0.46468191146850585 0.3084948463572396 0.018364453315734865 0.03335718512535095
0 0.2113602876663208 0.38653611077202693 0.01610884666442871 0.04836001925998264
1 0.35353846065700056 0.501157898373074 0.05011350885033607 0.08707497914632162
0 0.7443926811218262 0.6423575083414713 0.0394927978515625 0.10295817057291666
3 0.056967977341264485 0.6222221692403157 0.11069399584084749 0.22440831926133897
1 0.5473104000091553 0.3224884311358134 0.01903839111328125 0.036074476771884495
1 0.2189349889755249 0.7758408440483942 0.10150637626647949 0.1499298095703125
0 0.3936420440673828 0.47367926703559027 0.012156820297241211 0.06245363023546007
0 0.4328016459941864 0.3099465600318379 0.009875333309173584 0.032568652431170145
1 0.8597780227661133 0.8616505093044705 0.11294264793395996 0.18865797254774305
1 0.34351699352264403 0.8492977566189236 0.10210366249084472 0.17231784396701388
0 0.3033815503120422 0.5324117554558648 0.029533743858337402 0.06852910783555773
3 0.6467540842480958 0.08029730199939675 0.09093546029180288 0.15838131085038185
0 0.3531836271286011 0.5031930711534288 0.05110840797424317 0.07930319044325086
3 0.5097610592842102 0.3591479061378373 0.047076058387756345 0.13915102779865265
3 0.35893554985523224 0.819769647386339 0.07724609971046448 0.24033800760904947
1 0.11183979511260986 0.9553655836317274 0.12708704471588134 0.08926883273654514
3 0.6104517205560114 0.30183251698811847 0.020705703098792584 0.056018235948350696
1 0.5725513339042664 0.30599200050863956 0.025612568855285643 0.03171735629439354
1 0.6104550527059474 0.3142104989952511 0.020546173746697604 0.033937402566274005
