2 0.70127474963665 0.3465637187163035 0.04265797734260559 0.0836366057395935
0 0.431907457113266 0.3907579157087538 0.01644214391708374 0.0456028938293457
1 0.65672587454319 0.5301360130310059 0.0653696358203888 0.10968197716606988
1 0.7846956551074982 0.3903633673985799 0.039258134365081784 0.0534394105275472
1 0.6410298809409142 0.3343941158718533 0.02457379400730133 0.035273170471191405
0 0.7342408001422882 0.40348258018493655 0.01742304563522339 0.048101223839653866
0 0.8046751618385315 0.5154442681206597 0.0222883939743042 0.06974249945746527
1 0.6697055339813233 0.3914025492138333 0.03571624755859375 0.05646335283915202
1 0.7522244870662689 0.45296761724683976 0.048098623752593994 0.06988039016723632
0 0.7393092155456543 0.6206849416097006 0.03668532371520996 0.09359156290690104
0 0.794435691833496 0.7195239596896701 0.056562042236328124 0.11754468282063803
1 0.4531593382358551 0.43803741137186686 0.038389313220977786 0.0662743780348036
3 0.6413853287696838 0.3343477898173862 0.024307513236999513 0.03577911323971218
3 0.6836756348609925 0.08531264728969998 0.06978700160980225 0.17062529457939996
1 0.2973257780075073 0.6628365198771159 0.07998485565185547 0.11719356113009982
1 0.6135711356066167 0.351944989628262 0.026334896869957446 0.035117610295613604
