1 0.45220276713371277 0.4238890171051025 0.03752228021621704 0.0640944480895996
1 0.18254917860031128 0.3533412469757928 0.02776641845703125 0.040562891960144044
1 0.2484857201576233 0.54474425845676 0.061057639122009275 0.0931986067030165
1 0.42831838726997373 0.4978092564476861 0.0525894045829773 0.09014147652520074
1 0.13276609778404236 0.6539525985717773 0.07458471059799195 0.10780220031738282
1 0.15608593821525574 0.5548750665452745 0.06419953107833862 0.09664605458577474
1 0.35342989638447764 0.5005567656622992 0.05712849944829941 0.09090807172987196
1 0.4632300674915314 0.3363276521364848 0.02421966791152954 0.04276003572675917
1 0.5997906565666199 0.5127703825632731 0.05742218494415283 0.10537985695732964
1 0.38800485581159594 0.5437734285990398 0.05313209593296051 0.09994593726264106
1 0.6342098258435727 0.44814041985405817 0.05386834889650345 0.08712357415093316
1 0.3996668040752411 0.4010071039199829 0.03463603258132934 0.0563705391354031
1 0.36904591619968413 0.3785443147023519 0.03254474997520447 0.05285793940226237
1 0.41270259618759153 0.31771441565619574 0.021598315238952635 0.035996903313530816
0 0.4282266438007355 0.3399251447783576 0.012704718112945556 0.035912855466206865
0 0.43993368148803713 0.3522045135498047 0.01261134147644043 0.03728427886962891
1 0.4163802206516266 0.3780914518568251 0.02874552011489868 0.045481469896104604
1 0.3717643260955811 0.4507575988769531 0.041840624809265134 0.06098772684733073
0 0.84708251953125 0.7290743509928386 0.04514741897583008 0.11435296800401476
0 0.7218434333801269 0.5515158335367839 0.03049302101135254 0.09302461412217881
1 0.5822407126426696 0.33622941308551363 0.03343546390533447 0.05188703801896837
2 0.6419172763824463 0.34768857227431404 0.04891581535339355 0.08854439391030205
0 0.411887988448143 0.3501937442355686 0.013492840528488158 0.02838053173489041
2 0.2941191136837006 0.828917588127984 0.21176177263259888 0.3360817379421658
1 0.4514034628868103 0.3028810673289829 0.02258484363555908 0.027984356880187987
3 0.27202478647232053 0.38703594472673203 0.039563441276550294 0.0919513013627794
1 0.24009125232696532 0.334474413924747 0.029788112640380858 0.0379298554526435
1 0.2613313913345337 0.7328764385647244 0.09353718757629395 0.16389884948730468
3 0.6475974202156067 0.07312006569570965 0.13773853778839112 0.14321032332049477
1 0.5689802169799805 0.3058190769619412 0.030036401748657227 0.0338603761461046
3 0.6444172859191895 0.3470870123969184 0.050475454330444335 0.08553163740370008
0 0.15734510421752929 0.5569004482693143 0.06193708181381226 0.0909820556640625
