1 0.28666301965713503 0.6419656329684787 0.05910656452178955 0.093004396226671
1 0.3872466340661049 0.6415743933783637 0.05919604003429413 0.10792236328125
3 0.2685385227203369 0.882041507297092 0.20411419868469238 0.22313656277126737
1 0.40109788328409196 0.561673927307129 0.0636665552854538 0.07990955776638455
1 0.2787458419799805 0.7275744967990452 0.07092385292053223 0.12376141018337673
1 0.6202893495559693 0.4518944634331597 0.05683984756469727 0.07479332817925347
1 0.5104826927185059 0.42675628662109377 0.04122085571289062 0.048246341281467015
0 0.42627298533916474 0.45074867672390406 0.03786008954048157 0.06723637051052517
0 0.4786472380161285 0.4312361823187934 0.0307886004447937 0.044089253743489584
1 0.7515977323055267 0.49633699523078073 0.05876632928848267 0.06961208979288737
