1 0.6710379600524903 0.5307999928792317 0.11556801795959473 0.17340732150607638
1 0.6521955609321595 0.16930948363410103 0.06124389171600342 0.07473120159573025
1 0.2855587363243103 0.15965247684054903 0.042202544212341306 0.06554603576660156
1 0.41932839155197144 0.10370470417870416 0.03290359973907471 0.052958578533596465
1 0.5376393735408783 0.2530389044019911 0.058116686344146726 0.09055254194471571
1 0.6083603024482727 0.24483983781602647 0.06530811786651611 0.11354429456922743
1 0.4614347815513611 0.10538412464989556 0.034484481811523436 0.05287177297804091
1 0.6644574776291847 0.3901308165656196 0.07033316791057587 0.12443858252631293
1 0.2624011754989624 0.5890980190700955 0.17127615213394165 0.22487996419270834
0 0.7765141487121582 0.5312648349338107 0.052826309204101564 0.1396201663547092
1 0.5610056161880493 0.13491948445638022 0.0415740966796875 0.061609437730577254
1 0.6017690658569336 0.7770063612196181 0.2792703151702881 0.2747902340359158
2 0.8976846814155579 0.4832030905617608 0.11571986675262451 0.21149854130215115
2 0.6679055074928328 0.7860190285576715 0.13448629775084556 0.22813089158799912
1 0.026254399679601192 0.19949016041225856 0.04822276420891285 0.08121008343166775
3 0.1778620481491089 0.11520365609063042 0.0909149169921875 0.14461150699191624
1 0.5213983237743378 0.2045129034254286 0.055771934986114505 0.08269180721706815
1 0.6112483620643616 0.4193817986382378 0.10005605220794678 0.18781339857313367
1 0.5691422104835511 0.36198161641756693 0.06260426044464111 0.11945804622438219
1 0.9188159942626953 0.5104798210991753 0.15099897384643554 0.2203952365451389
0 0.8565526962280273 0.5605931176079644 0.056097412109375 0.1566883511013455
0 0.7660427093505859 0.424847666422526 0.0474886417388916 0.11117083231608073
1 0.5277854382991791 0.15664488474527996 0.040904772281646726 0.06299917432996961
1 0.03486966888303868 0.38177475730578103 0.06959965626010671 0.16342760059568617
3 0.2433370590209961 0.27450269063313804 0.07964124679565429 0.14504451751708985
0 0.7624865055084229 0.3928606351216634 0.0199249267578125 0.04363176557752821
2 0.6034875869750976 0.4187496609157986 0.11667847633361816 0.20108909606933595
