1 0.6717132568359375 0.5314903259277344 0.114599609375 0.17325236002604166
1 0.6742247119545937 0.40216410954793297 0.07324833571910858 0.12967522939046225
1 0.46771048903465273 0.11022890938652886 0.03551727533340454 0.054477458530002174
1 0.5835214376449585 0.14448366165161133 0.0455970287322998 0.06351307762993706
1 0.6117893695831299 0.42093381881713865 0.0985374927520752 0.19023312462700737
1 0.4228106737136841 0.10746107896169027 0.03400602340698242 0.05298773977491591
1 0.28252402544021604 0.14834383328755696 0.04104206562042236 0.06545451482137045
1 0.21898202896118163 0.5535438961452908 0.15387554168701173 0.21039047241210937
0 0.7861319541931152 0.5445939805772569 0.053122520446777344 0.14415372212727864
1 0.5366258442401886 0.16644816398620604 0.04332631826400757 0.06928194893731011
1 0.546321552991867 0.26264156765407987 0.05962139368057251 0.09065331353081597
1 0.02995162606239319 0.36202836566501195 0.05990325212478638 0.1462789535522461
2 0.8992371797561646 0.4855378998650445 0.1151360034942627 0.21343792809380424
1 0.4825875282287598 0.752728271484375 0.25653300285339353 0.24556842380099828
1 0.024152565654367207 0.1882116158803304 0.04544635880738497 0.08004730012681749
0 0.7786469459533691 0.44327714708116317 0.04540119171142578 0.11586134168836805
0 0.8630739212036133 0.5670469072129991 0.05681009292602539 0.1552914089626736
1 0.6194960236549377 0.25322723388671875 0.06795918941497803 0.11581531100802951
3 0.24156246185302735 0.2624335183037652 0.07837255001068115 0.13216128879123265
3 0.1773286819458008 0.1096096674601237 0.09175642728805541 0.13529022004869248
1 0.5737261056900025 0.3430047035217285 0.06384248733520508 0.07957337697347006
1 0.9208070755004882 0.5122232225206164 0.15105257034301758 0.22738206651475695
3 0.6033342719078064 0.40863427387343515 0.10664784908294678 0.21686485475964015
2 0.6057785034179688 0.4182332780626085 0.12289962768554688 0.20610989464653862
0 0.9440599203109741 0.41911825603908964 0.019628095626831054 0.055046929253472224
1 0.2391398549079895 0.3077198717329237 0.05050551891326904 0.03766196568806966
