2 0.7429314196109772 0.3554112884733412 0.07381552457809448 0.10356095102098253
1 0.6160584688186646 0.43218037287394206 0.11104950904846192 0.1987031512790256
1 0.7785003006458282 0.5059406492445204 0.11083124876022339 0.16449996100531683
1 0.4340458959341049 0.18846328523423936 0.04419932961463928 0.07528777652316623
1 0.4842091500759125 0.24619815614488388 0.055281221866607666 0.08344953325059679
0 0.23671491146087648 0.4602311028374566 0.046962404251098634 0.12201932271321615
1 0.5345131635665894 0.3209825939602322 0.0710677146911621 0.1297601064046224
1 0.6837846279144287 0.38739475674099394 0.08315000534057618 0.1323396470811632
1 0.7053092002868653 0.5797337849934896 0.1244783878326416 0.1936187744140625
1 0.9270462036132813 0.6976354810926649 0.14322738647460936 0.24114006890190973
1 0.4586811900138855 0.1511862066056993 0.04036819934844971 0.06296288172403972
0 0.3486536979675293 0.6904681311713324 0.05474922657012939 0.15793974134657118
1 0.6650964498519898 0.2883087793986003 0.0710373878479004 0.11247283087836371
1 0.5061362385749817 0.19737252659267848 0.04553544521331787 0.07374656465318467
1 0.5761047005653381 0.2803490426805284 0.06191079616546631 0.10551531049940321
1 0.109569451212883 0.3800954209433662 0.0675906479358673 0.1139593071407742
0 0.2106989622116089 0.6683155483669705 0.05416483879089355 0.15668741861979166
1 0.4122024208307266 0.15082371499803332 0.03977686762809753 0.06334000693427191
1 0.8753682136535644 0.4892338646782769 0.12615413665771485 0.1939282735188802
2 0.6666251078248024 0.31325776047176784 0.06320413053035737 0.04873774316575792
1 0.8367759346961975 0.45848678482903377 0.04994094371795654 0.07487548192342122
2 0.6164559841156005 0.43637852138943145 0.11997957229614258 0.20476101769341362
2 0.6500163740478456 0.23487886852688258 0.09698114264756441 0.22405965593126084
1 0.7422122955322266 0.35268096923828124 0.08458404541015625 0.12134490542941623
2 0.8727882504463196 0.46397522820366754 0.1335047483444214 0.23277036878797744
0 0.28185235261917113 0.3334249006377326 0.01603224277496338 0.04782763852013482
3 0.6825460433959961 0.5640510982937283 0.07495584487915039 0.22407336764865451
1 0.20920135974884033 0.6501389821370442 0.03741545677185058 0.11707628038194444
0 0.8529365658760071 0.4668525589836968 0.020575976371765135 0.062152332729763456
