1 0.545108848810196 0.5726382785373264 0.0774523138999939 0.10965296427408854
1 0.6585420263931155 0.6934718873765734 0.10584864355623722 0.15677146911621093
1 0.7882655620574951 0.8836432562934028 0.14097719192504882 0.19549730088975695
1 0.5032202541828156 0.6595946629842122 0.07368577718734741 0.10207752651638455
1 0.482503616809845 0.43890696631537546 0.0507220983505249 0.06689491271972656
1 0.4382854163646698 0.5518600251939562 0.06452721357345581 0.10770708719889323
3 0.5499278604984283 0.7539926317003038 0.08813694715499878 0.13888312445746528
1 0.6467384457588196 0.5585504002041287 0.062128090858459474 0.09297924041748047
1 0.3652710199356079 0.5953015433417426 0.05961589813232422 0.09815949334038629
1 0.6216628670692443 0.49251836670769583 0.056800436973571775 0.07106106016370985
1 0.5511940956115723 0.747058614095052 0.0887786865234375 0.15066146850585938
1 0.8026827096939086 0.681959703233507 0.06923141479492187 0.08886854383680555
1 0.9505050659179688 0.7862658182779948 0.09570894241333008 0.1467130872938368
1 0.5613688230514526 0.4356900586022271 0.046234941482543944 0.056606451670328774
0 0.4983809471130371 0.6628508673773872 0.07183570861816406 0.10972243414984809
