1 0.6381277680397034 0.5010636647542318 0.07414424419403076 0.10865275065104167
1 0.7883868515491486 0.5372776031494141 0.07722285985946656 0.09366446601019965
1 0.8067523002624511 0.6700249248080783 0.08951349258422851 0.11300843556722005
1 0.283776593208313 0.6318436516655817 0.06148514747619629 0.11890555487738716
3 0.592038893699646 0.8292893091837565 0.11339569091796875 0.20918074713812934
1 0.28008008003234863 0.7845177968343099 0.0939300537109375 0.17996766832139757
0 0.2844394207000732 0.6282024807400174 0.06611111164093017 0.11890326605902778
3 0.44600701332092285 0.9162065505981445 0.12555181980133057 0.16251123216417102
1 0.3914619907736778 0.6133946312798394 0.057739165425300595 0.0994490729437934
3 0.280084490776062 0.7767798105875651 0.09526600837707519 0.19116846720377603
1 0.4247991740703583 0.5583468331231012 0.05097755193710327 0.07966829935709635
1 0.44272918701171876 0.9131668090820313 0.12959747314453124 0.16469794379340277
1 0.594592809677124 0.8268054538302951 0.11148223876953126 0.20024812486436633
1 0.6689918681979179 0.7215763303968642 0.10833641588687896 0.14744071960449218
0 0.35149010792374613 0.42243074311150447 0.02841496914625168 0.049238194359673394
0 0.4083505779504776 0.6408714506361219 0.021992188692092896 0.052207565307617186
0 0.7894193649291992 0.5447797139485677 0.07781615257263183 0.10409138997395834
