2 0.7589293241500854 0.42152417500813805 0.060596370697021486 0.11231257120768229
1 0.8416686058044434 0.5904695298936632 0.07280559539794922 0.12038213941786025
1 0.6721039414405823 0.39473005135854083 0.03716597557067871 0.05866599082946777
1 0.7183463096618652 0.49263250562879773 0.05272345542907715 0.08052054511176215
1 0.7035403251647949 0.7074347601996528 0.09490599632263183 0.14975179036458333
0 0.8158514022827148 0.5046630011664497 0.028322505950927734 0.07575798034667969
1 0.49866320490837096 0.32838657895723977 0.021422755718231202 0.035619138346778025
1 0.6152065972564742 0.37794784439934626 0.029547480726614596 0.051740911271837026
1 0.3775518238544464 0.5866044150458442 0.060583078861236574 0.11521466573079427
1 0.648058931529522 0.3626721700032552 0.027367416024208068 0.04484600490993924
1 0.6288735050708055 0.41393638186984594 0.03327495083212852 0.051712417602539064
2 0.10654330253601074 0.5892744700113932 0.14128563404083253 0.2339341057671441
1 0.6781398802995682 0.3389299366209242 0.028252869844436646 0.03338019582960341
1 0.6430255144834518 0.3374388376871745 0.02452039122581482 0.03973388671875
0 0.8676327705383301 0.7940016852484809 0.051458549499511716 0.13364088270399305
3 0.11272016316652297 0.6488249725765652 0.16839226186275483 0.4062355359395345
0 0.7818837344646454 0.7758874257405599 0.037203657627105716 0.1083481682671441
0 0.47102229595184325 0.32491106126043534 0.010468649864196777 0.031086631615956626
0 0.4384653091430664 0.43678080240885414 0.037409734725952146 0.06663581000434028
1 0.37348184585571287 0.7343795140584309 0.05303630828857422 0.15797589619954427
0 0.8270593643188476 0.8053043789333767 0.04178314208984375 0.1266842312282986
1 0.43872528672218325 0.4362083329094781 0.03996511697769165 0.06876205868191189
3 0.6816680669784546 0.08138392766316732 0.07443470954895019 0.16276785532633464
1 0.6107406184135471 0.3374217576450772 0.021223220217507333 0.04302006562550863
3 0.6512709021568298 0.3108980538944403 0.03795125484466553 0.03986504558059904
3 0.04058633269742131 0.9315515942043728 0.0798349654302001 0.13689681159125433
1 0.27961658239364623 0.43815362718370227 0.03906204700469971 0.09588682386610244
3 0.6754691958427429 0.3271010309457779 0.024536395072937013 0.05430845353338454
1 0.6324252009391784 0.3090553945965237 0.023251843452453614 0.04033301141526964
