1 0.33590638637542725 0.6680361747741699 0.05869812965393066 0.10882477230495877
3 0.2805539608001709 0.8285893970065646 0.10499286651611328 0.21798828972710504
1 0.5506368100643158 0.7458532545301649 0.08523179292678833 0.15837656656901042
1 0.2850395321846008 0.585052596198188 0.05766937732696533 0.1158786349826389
1 0.6920811414718628 0.5849718517727323 0.05646271705627441 0.10646430121527778
1 0.8623207688331604 0.5759933047824436 0.09390828609466553 0.12663358052571613
1 0.5370024144649506 0.48627959887186684 0.05636163949966431 0.07886533737182617
1 0.5282128334045411 0.5772988849216037 0.06359543800354003 0.09580684238009983
1 0.28057658672332764 0.8270358615451389 0.11353201866149902 0.23027072482638888
0 0.2875927686691284 0.5852355533175998 0.06397156715393067 0.10729022555881076
1 0.2669585824012756 0.6847023540072971 0.07033588886260986 0.14203446706136066
3 0.4668109893798828 0.8592128965589735 0.1375960350036621 0.26938531663682724
1 0.6127213716506958 0.5367053137885199 0.05485973358154297 0.07537129720052084
1 0.6475818514823913 0.4784125645955404 0.059429717063903806 0.07595956590440538
1 0.25159635543823244 0.4802281697591146 0.04535508155822754 0.06789440578884548
