1 0.46447121500968935 0.3554696242014567 0.024496257305145264 0.04347319073147244
1 0.451115745306015 0.39078418413798016 0.03226264715194702 0.05626938078138563
3 0.39244809150695803 0.608805677625868 0.11966753005981445 0.28225347730848527
1 0.07830345332622528 0.5963804033067491 0.07613423466682434 0.1100479973687066
1 0.23778054714202881 0.45066829787360296 0.039600467681884764 0.06700828340318468
1 0.259288489818573 0.40027708212534585 0.03349945545196533 0.052990092171563044
1 0.19653524160385133 0.566323619418674 0.06520984172821045 0.10378655327690972
1 0.7406612396240234 0.6721308814154731 0.0881619930267334 0.12809643215603297
1 0.4383696913719177 0.3291239857673645 0.021438097953796385 0.03420368565453424
3 0.22501980066299437 0.32050954802996584 0.036631417274475095 0.06053472550378906
1 0.41018877029418943 0.3179059856467777 0.01836181879043579 0.03679643604490492
1 0.28919007778167727 0.9100506252712673 0.12028536796569825 0.16079686482747396
1 0.34431195966899397 0.4067397541469998 0.03586411252617836 0.06453266143798828
1 0.4056553035974503 0.39939245382944744 0.036882680654525754 0.08996709717644585
2 0.6933380097150803 0.41154158380296496 0.0713785707950592 0.13654055065578885
1 0.6013392329216003 0.3742194387647841 0.029771924018859863 0.04903952280680338
1 0.5896306514739991 0.33605927361382376 0.022633838653564452 0.0346176995171441
1 0.7665629267692566 0.39832642873128254 0.05663154125213623 0.0718054453531901
1 0.4177921324968338 0.3457271138827006 0.021644467115402223 0.03781419595082601
1 0.5626971602439881 0.35636041561762494 0.028464150428771973 0.05676883856455485
1 0.3251328706741333 0.5661341985066731 0.0480341911315918 0.0893774668375651
1 0.36699888706207273 0.4844652864668104 0.05391697883605957 0.07560928132798937
3 0.6464204072952271 0.07501864433288574 0.1428750991821289 0.15003728866577148
1 0.5724021553993225 0.4162060366736518 0.039131665229797365 0.07466552522447374
1 0.5683460593223572 0.8355672412448459 0.05364501476287842 0.1389749738905165
3 0.2845055818557739 0.9094882753160265 0.11308836936950684 0.18102344936794704
3 0.4059240758419037 0.39887578752305775 0.03658193349838257 0.08626662360297309
3 0.6917861461639404 0.4114681985643175 0.05705270767211914 0.12928858862982856
