1 0.5551773190498352 0.18739369710286458 0.04860875606536865 0.07819001939561632
1 0.7398357480764389 0.4850849363538954 0.09556615948677064 0.14438497755262586
3 0.19911073446273803 0.06281304491890802 0.04168708324432373 0.08853294319576688
3 0.23646820783615113 0.13177380032009547 0.042249512672424314 0.08190801408555773
1 0.47364474534988404 0.16348073217603895 0.041425681114196776 0.06927508248223199
1 0.6696114234626294 0.5263840357462565 0.11077939420938492 0.16689915127224392
0 0.8174030303955078 0.5942213270399306 0.056894683837890626 0.15232408311631945
3 0.6177745699882508 0.4038118044535319 0.1246788740158081 0.22984583112928603
0 0.9245325088500976 0.6443121168348525 0.05956192016601562 0.1483091990152995
0 0.8437891006469727 0.5562132305569119 0.03636856079101562 0.103895017835829
1 0.4372220575809479 0.17749367819892037 0.04880801439285278 0.08398274315728081
1 0.6361051082611084 0.25805299546983507 0.06166830062866211 0.10321994357638889
1 0.023029592446982862 0.17756447792053223 0.044176644459366796 0.08235663308037652
1 0.6143374800682068 0.4215229034423828 0.11358826160430908 0.19724917941623263
2 0.6435380786657333 0.3827322347296609 0.08707615733146667 0.1713938984606001
1 0.027300098538398744 0.2673525598314073 0.05460019707679749 0.11557454003228082
2 0.9105916500091553 0.4924395243326823 0.13638682365417482 0.22503492567274305
2 0.7236517190933227 0.3460919698079427 0.08622202873229981 0.1519757588704427
1 0.921668815612793 0.5066046396891276 0.14876432418823243 0.20854398939344618
1 0.4248703956604004 0.14149648878309462 0.03803360462188721 0.04838661617702908
1 0.7295108795166015 0.7572420756022136 0.2244687557220459 0.2364841037326389
1 0.8520916938781739 0.7980600992838541 0.1358959197998047 0.21568717956542968
3 0.7261738806962967 0.35903666615486146 0.08478216528892517 0.11548525889714559
1 0.7067370533943176 0.4826041963365343 0.027150893211364747 0.10106773376464843
1 0.6292835496366024 0.32662700712680814 0.0564702108502388 0.06364056997829014
3 0.7580663084983825 0.7470892800225152 0.15300872325897216 0.21869205898708768
0 0.9907084822654724 0.5469776153564453 0.018292546272277832 0.06433431837293836
1 0.7292167186737061 0.3645952012803819 0.08671302795410156 0.1180866453382704
3 0.2663870930671692 0.058852269914415146 0.02638123035430908 0.042958312564426
2 0.6499294962733984 0.22694993548923068 0.09338681176304817 0.15841227637396918
3 0.42432394027709963 0.11205403804779053 0.03593745231628418 0.059618467754787866
2 0.66954185962677 0.7608224021063911 0.10154128074645996 0.1842672136094835
