1 0.6024470448493957 0.5317454020182292 0.06135294437408447 0.08268085055881076
1 0.29736827611923217 0.6464271757337782 0.06161835193634033 0.13158395555284289
1 0.3334060311317444 0.7775384055243598 0.07992269992828369 0.15973752339680988
1 0.7275116384029389 0.513526005215115 0.07061592340469361 0.09272528754340278
0 0.2975062370300293 0.64429931640625 0.06797459125518798 0.12249098883734809
1 0.44339148998260497 0.5018270916408962 0.05871884822845459 0.07438621520996094
1 0.3649309754371643 0.5515168295966254 0.06589787006378174 0.15792982313368056
1 0.5294430673122406 0.49212550587124293 0.053617346286773684 0.07399305767483182
1 0.7817169606685639 0.5105930116441515 0.06145974397659302 0.08971824645996093
0 0.5899361848831177 0.439037111070421 0.017076635360717775 0.04216427273220486
1 0.5583434700965881 0.4485600365532769 0.03373167514801025 0.05066892835828993
1 0.26306025981903075 0.557248920864529 0.05336465835571289 0.09397146436903211
1 0.28729857206344606 0.5010321935017904 0.04822394847869873 0.06647970411512587
