3 0.28509141206741334 0.8803859498765734 0.1208512544631958 0.2288456810845269
1 0.5364993929862976 0.44445730845133463 0.05448329448699951 0.0675591786702474
1 0.36280628442764284 0.5798377143012152 0.06003916263580322 0.10389938354492187
1 0.4938110947608948 0.4693854120042589 0.04605188369750977 0.0722815407647027
1 0.6062872886657715 0.6699611239963108 0.10116667747497558 0.13053673638237848
1 0.556080675125122 0.5159430397881402 0.04971160888671875 0.07286550733778212
1 0.6430542230606079 0.44991849263509115 0.05283041000366211 0.07286995781792535
0 0.360291051864624 0.5792218526204427 0.0626370668411255 0.1142849392361111
1 0.9464130282402039 0.6673893398708768 0.10386159420013427 0.08744354248046875
0 0.4709968566894531 0.6199545542399089 0.06968955993652344 0.10359929402669271
