1 0.42796801328659057 0.17006974750094944 0.04333827495574951 0.06679024166531033
1 0.2775290489196777 0.12571080525716147 0.03668966293334961 0.06081583234998915
1 0.22557738423347473 0.38200343979729545 0.08156388998031616 0.13092790179782443
1 0.09320178627967834 0.49046236673990884 0.1750780463218689 0.2828843858506944
0 0.19339524507522582 0.5904191758897569 0.0812056303024292 0.15677672492133246
3 0.09081494994461536 0.48733201026916506 0.16045746430754662 0.26702862845526804
1 0.17413897514343263 0.19658560752868653 0.05409698486328125 0.10821072260538737
3 0.17408671379089355 0.19445985158284504 0.06676055192947387 0.10976748996310765
1 0.4387671172618866 0.07134447097778321 0.02628072500228882 0.04089188045925564
0 0.4281730055809021 0.08946122328440348 0.013149642944335937 0.030909066730075412
3 0.9623329401016235 0.8459224489000109 0.07355122566223145 0.3081551021999783
0 0.41315470039844515 0.0706937657462226 0.009754472970962524 0.024024873309665257
