1 0.2938147187232971 0.6529889106750488 0.0717500925064087 0.13544394175211588
1 0.8806637167930603 0.6162724600897895 0.09912660121917724 0.164397218492296
1 0.7509669840335846 0.5265119234720866 0.07385452985763549 0.09655373891194662
1 0.48660534620285034 0.6248618549770779 0.06744349002838135 0.10420356326633029
1 0.4115842878818512 0.5393391291300456 0.061447322368621826 0.09238717820909288
1 0.6141554355621338 0.4711436960432265 0.05682759284973145 0.07710856331719293
1 0.3565278291702271 0.5875856505499946 0.05247049331665039 0.09886086781819661
1 0.538583767414093 0.444961060418023 0.04184987545013428 0.05363171895345052
0 0.2915153980255127 0.6444515228271485 0.06855723857879639 0.13734173244900175
1 0.4548683226108551 0.4192114882998996 0.04000600576400757 0.06555785073174371
