1 0.5492819547653198 0.5992262946234809 0.06322097778320312 0.09439010620117187
3 0.4668704986572266 0.403254579173194 0.11833815574645996 0.21751338905758327
1 0.7757861614227295 0.6460394223531087 0.0847078800201416 0.11064671410454643
1 0.5764346957206726 0.5209152221679687 0.05098116397857666 0.08316849602593315
1 0.6684899806976319 0.5758519702487521 0.06776900291442871 0.0934067620171441
0 0.3285330653190613 0.5220305548773871 0.01644113063812256 0.06657460530598959
1 0.613607326845522 0.4900700887044271 0.0271987781918142 0.06228298611111111
1 0.6830324649810791 0.5139693684048123 0.0706367015838623 0.09344175126817492
0 0.537084299325943 0.6025391472710504 0.03862875699996948 0.07531356811523438
1 0.40502636432647704 0.5405812581380208 0.06095800399780273 0.08612738715277778
1 0.505308985710144 0.48711569044325087 0.08395342826843262 0.07102550930447049
1 0.414994490146637 0.7643225775824652 0.08901972770690918 0.17154820760091147
0 0.4542583465576172 0.5425711737738715 0.04484429359436035 0.07189466688368056
0 0.6138869076967239 0.4916006724039714 0.027773815393447875 0.05714569091796875
