0 0.38366726636886594 0.5196601549784342 0.028333449363708497 0.07632609473334419
1 0.6418527036905288 0.3306057824028863 0.022025972604751587 0.035492155287000865
0 0.7052565693855286 0.4805633438958062 0.021165871620178224 0.06556614769829644
0 0.7212891578674316 0.401577631632487 0.0179948091506958 0.04992855919731988
0 0.2767573595046997 0.42450317276848687 0.021087646484375 0.05315052668253581
1 0.6969934225082397 0.36853699154324004 0.029816222190856934 0.05292521582709418
0 0.4348780870437622 0.3919157875908746 0.015674471855163574 0.04670174916585287
1 0.3633837003260851 0.6497080802917481 0.07306969985365867 0.14742340511745877
0 0.7335282802581787 0.5732267591688368 0.03484830856323242 0.1058876461452908
1 0.6211636209860444 0.39259521961212157 0.039615220949053766 0.08105470339457194
3 0.5690923690795898 0.3685043667132656 0.05075325965881348 0.15789317799111208
1 0.7017097234725952 0.3191260443793403 0.02191128730773926 0.030406358506944446
2 0.6676097542047501 0.31269006888097567 0.029033762216567994 0.04754088401742693
3 0.5584349393844604 0.5921765327453613 0.13187026977539062 0.3683466381496853
1 0.6671935647726059 0.3125458849800958 0.028895658254623414 0.047313992182413736
3 0.6172615532083 0.29239713880750867 0.03450324455843656 0.04663208855523004
