1 0.5813825607299805 0.33619717756907147 0.024013566970825195 0.039916711383395725
1 0.6116679549217224 0.4319279882642958 0.042655539512634275 0.07820309533013238
1 0.20580323338508605 0.501925532023112 0.053855836391448975 0.08126436869303386
1 0.7668808102607727 0.6117022196451823 0.07055904865264892 0.1152573479546441
0 0.6079266042914242 0.349989120165507 0.013460099417716264 0.040775103039211696
0 0.6383963093161583 0.38033191098107233 0.014998599886894226 0.046151664521959096
0 0.6835786491632462 0.5282646497090657 0.027926355600357056 0.07311492496066624
1 0.1683054208755493 0.6695137235853407 0.08534383773803711 0.12474547492133246
0 0.2498297929763794 0.6303995980156792 0.031131744384765625 0.10140461391872829
0 0.40387377738952634 0.3643724468019274 0.014928996562957764 0.03952087296379937
1 0.21275149583816527 0.3857328123516507 0.031560111045837405 0.04826307826571995
0 0.6842066049575806 0.42129854096306696 0.018211019039154053 0.053506586286756724
0 0.31793137788772585 0.4151616361406114 0.01752450466156006 0.053797435760498044
1 0.3289035677909851 0.5533138593037923 0.06091644763946533 0.10851993560791015
1 0.3420679926872253 0.4277078893449571 0.04030129909515381 0.07095715204874674
1 0.6084025859832763 0.5534557766384549 0.0585968017578125 0.09453137715657552
1 0.555504035949707 0.34900898933410646 0.026745033264160157 0.04768707487318251
1 0.2864856481552124 0.6428398132324219 0.08127574920654297 0.11806619432237413
1 0.45626487135887145 0.32116098403930665 0.02093719244003296 0.0341300540500217
1 0.3899827837944031 0.4150753180185954 0.01989104747772217 0.06596636242336697
1 0.3852806806564331 0.7240532769097222 0.08003058433532714 0.13653700086805556
0 0.711631441116333 0.44006055196126304 0.01678619384765625 0.05250642564561632
0 0.38693282604217527 0.5657435099283854 0.027532052993774415 0.09222763909233941
1 0.42574913501739503 0.5225604799058702 0.05032417774200439 0.08846855163574219
1 0.6034568428993226 0.30464662737730475 0.02621309757232666 0.031193330014745394
0 0.17569265961647035 0.35750101937188045 0.013113915920257568 0.03499185774061415
0 0.4223629832267761 0.3310586558447944 0.010643386840820312 0.038241375817192926
1 0.14889824390411377 0.47948269844055175 0.04926488399505615 0.07383273442586263
0 0.8890490531921387 0.8635904100206163 0.04811534881591797 0.13017103407118055
1 0.30930371284484864 0.9547826131184896 0.11784255504608154 0.07649375067816841
0 0.20127946138381958 0.40015621185302735 0.015654444694519043 0.05010227627224392
3 0.5096124112606049 0.36435955895317923 0.04717031717300415 0.15094134012858074
3 0.14180648624897002 0.9198012669881185 0.14453291296958923 0.15409270392523872
1 0.4769145488739014 0.3015810039308336 0.01865880489349365 0.02538423008388943
1 0.1419599771499634 0.9191942003038195 0.14121475219726562 0.14690204196506076
0 0.4334006130695343 0.2991163518693712 0.008384907245635986 0.020454925960964626
3 0.6498936104821041 0.08052763938903809 0.09891926287673414 0.16105527877807618
1 0.5691640853881836 0.3021598656972249 0.02131643295288086 0.026541953616672092
1 0.5674614071846008 0.8372090021769206 0.05432760715484619 0.13789939880371094
0 0.059585025906562804 0.500292714436849 0.0188587486743927 0.060537295871310765
