1 0.41284967958927155 0.7331661860148112 0.0649192750453949 0.0754278818766276
0 0.6282374206930399 0.7516908433702257 0.03502035662531853 0.08503019544813369
1 0.33673558235168455 0.8265281677246094 0.09903252124786377 0.10897132025824653
1 0.1979794979095459 0.8486897786458333 0.10577192306518554 0.10964694552951389
1 0.24774532318115233 0.9264501783582899 0.17135633230209352 0.12595163981119792
1 0.566912031173706 0.8221401638454862 0.09679336547851562 0.11876966688368056
1 0.5626420259475708 0.664461432562934 0.03565216064453125 0.04925401475694444
0 0.024483540654182435 0.8801484849717882 0.048095065355300906 0.11410429212782118
0 0.24366766214370728 0.48177644941541886 0.0180103063583374 0.03690808614095052
1 0.8297946810722351 0.6116166220770942 0.05758702754974365 0.05313114590115017
1 0.512451308965683 0.44220958285861545 0.05805083513259888 0.06976089477539063
1 0.643856143951416 0.6457856920030381 0.1969674587249756 0.1233817630343967
1 0.622920512361452 0.6801672193739149 0.04405064741149545 0.05680211385091146
