0 0.530918025970459 0.17645757463243272 0.019971370697021484 0.05681279500325521
1 0.4822723209857941 0.24494930903116863 0.06458114385604859 0.11588454776340061
0 0.5535580396652222 0.20802945560879177 0.022481584548950197 0.06336456934611003
0 0.5349596023559571 0.24773027631971573 0.02661595344543457 0.07530907524956597
1 0.6359176635742188 0.4833569844563802 0.10011520385742187 0.1526219685872396
0 0.6091248750686645 0.2163558218214247 0.024547481536865236 0.07086751725938585
1 0.46500310897827146 0.5525248209635417 0.1472013473510742 0.20735405815972222
1 0.2987636089324951 0.6815005408393012 0.20032970905303954 0.21092792087131076
1 0.4254424750804901 0.11221337848239475 0.03343292474746704 0.05238071017795139
1 0.6551130972802639 0.2841438505384657 0.06698458939790726 0.10392354329427084
1 0.44108410477638244 0.17340915997823078 0.045504534244537355 0.07713776694403754
0 0.5877351760864258 0.26854127248128257 0.03674583435058594 0.09372033013237847
1 0.4718830704689026 0.16187428368462456 0.0379828929901123 0.06345541212293837
0 0.7358952522277832 0.36003066168891057 0.04033241271972656 0.10261628892686632
3 0.20453502535820006 0.04363223380512661 0.02539612054824829 0.04806267023086548
2 0.30309281349182127 0.6633791075812445 0.1892676830291748 0.21856844160291883
1 0.04989702254533768 0.10921057330237495 0.039452001452445984 0.05928856001959907
3 0.02433079183101654 0.13993216620551216 0.04866158366203308 0.17331691318088108
2 0.6483051767572761 0.2300568209754096 0.09347835965454579 0.21795235739813912
2 0.6555853947997093 0.31082881424162123 0.06443984806537628 0.04387985070546468
1 0.41279557049274446 0.08857062657674154 0.02877969145774841 0.04745822482638889
2 0.47202986776828765 0.5219472885131836 0.16297366023063659 0.2612890879313151
0 0.13034611344337463 0.9856819364759657 0.021754491329193115 0.028636127048068578
1 0.8439510345458985 0.8471960279676649 0.18568296432495118 0.24349314371744793
3 0.16503238081932067 0.392850653330485 0.11519266366958618 0.20792352888319227
2 0.4619541108608246 0.10020030339558919 0.03511546850204468 0.06679672665066189
1 0.4618647575378418 0.10318489869435628 0.03489451408386231 0.061927016576131186
0 0.738126528263092 0.33599124484592013 0.0202178955078125 0.03771519131130642
1 0.3479431480169296 0.6555516137017144 0.05526129603385925 0.1111189948187934
