1 0.5171507716178894 0.6904258092244466 0.10497586727142334 0.17153451707628037
1 0.5542524337768555 0.47873708936903214 0.048899364471435544 0.06716257731119792
1 0.6179351449012757 0.5316915618048774 0.08114826679229736 0.10932500627305773
0 0.28847765922546387 0.6088690439860026 0.06043388843536377 0.10929294162326389
1 0.3111369490623474 0.47330378426445857 0.05086486339569092 0.07449898189968533
1 0.28822898864746094 0.6085528903537326 0.05649566650390625 0.1056884765625
1 0.720623329281807 0.5025657071007623 0.07299713492393493 0.08564481735229493
0 0.515059369802475 0.44108995861477324 0.018266499042510986 0.04442676968044705
1 0.2313754916191101 0.5015915287865533 0.0448134183883667 0.07143212424384224
0 0.22451765537261964 0.5041498396131727 0.03189916610717773 0.05961201985677083
