0 0.3799584150314331 0.5574711269802517 0.026402711868286133 0.08082249959309896
0 0.7119163453578949 0.38804052140977646 0.014209878444671632 0.0457238515218099
1 0.688603812456131 0.35986157523261175 0.02624760866165161 0.04383470747205946
0 0.7009820073843003 0.45927872127956815 0.016648250818252563 0.057715225219726565
0 0.26778072118759155 0.45244970321655276 0.021274399757385255 0.06074466705322266
0 0.4184405833482742 0.4136254946390788 0.017195361852645873 0.05394202338324653
1 0.6201181256910786 0.38533956739637587 0.038822371931746605 0.056353590223524305
1 0.5458822250366211 0.32327799134784274 0.02359285354614258 0.03632622030046251
1 0.6383212208747864 0.3232089188363817 0.02245337963104248 0.03616743352678087
0 0.7258214473724365 0.5462091657850477 0.03513641357421875 0.09446953667534722
3 0.5696803450584411 0.36964311500390373 0.04843790531158447 0.15711534486876594
1 0.35317320883623327 0.7095742755466037 0.06537004589335993 0.17015546162923176
3 0.5601698875427246 0.5912824365827772 0.1307593822479248 0.3696178118387858
1 0.6636784791946411 0.3095797630647818 0.02509903907775879 0.039879865282111696
3 0.6828786373138428 0.08043860329522026 0.07161540985107422 0.16087720659044052
2 0.6389870047569275 0.3230845133463542 0.023527884483337404 0.039228566487630206
1 0.6169681972358376 0.30517073414391943 0.032357453089207414 0.029558850493696002
