2 0.12057061046361923 0.5660250557793511 0.14392919838428497 0.27841343349880643
2 0.7824991166591644 0.45527095794677735 0.06965433359146118 0.13267868889702691
1 0.6364787936210632 0.4500762992435031 0.04034006595611572 0.06880809995863173
1 0.7399380683898926 0.555378892686632 0.06083006858825683 0.09511392381456163
1 0.6597042262554169 0.3827293316523234 0.031394779682159424 0.05306092898050944
1 0.6861736983060837 0.42711791462368437 0.04017224907875061 0.06999296612209743
1 0.41288465559482573 0.5872938474019368 0.06382731795310974 0.10504097408718532
1 0.6220599327236414 0.39954382313622366 0.03298751637339592 0.05498034689161513
1 0.7094595909118653 0.7324411180284288 0.0978208065032959 0.16152462429470485
0 0.8530025482177734 0.5613377465142144 0.02938232421875 0.08169208102756076
3 0.12213862836360931 0.5876168939802382 0.14482534527778626 0.3339938799540202
0 0.868619728088379 0.7949530707465278 0.051405715942382815 0.1286450703938802
3 0.5719140291213989 0.36996399561564125 0.054848432540893555 0.16215021345350478
1 0.8881439685821533 0.6588131374782986 0.08417973518371583 0.15441767374674478
0 0.7841686725616455 0.7956280178493924 0.04024190902709961 0.12493616739908854
1 0.6498179018497467 0.35197145409054226 0.02804180383682251 0.048711199230617945
1 0.4696912705898285 0.3795881430308024 0.029969894886016847 0.053852113087972005
1 0.1460574150085449 0.8842454698350695 0.1505876898765564 0.17380057440863717
0 0.8262391090393066 0.8011293199327257 0.040102577209472655 0.12363171047634548
3 0.68812475502491 0.34053672949473063 0.026498192548751832 0.06272707515292697
1 0.4258957624435425 0.5008873674604628 0.048143315315246585 0.08145365185207791
1 0.6130414600193035 0.3535321023729112 0.025941474235150964 0.04473794301350911
3 0.5593798875808715 0.5933833281199138 0.1297367572784424 0.37281535466512045
2 0.6379478812217713 0.319083027044932 0.023068451881408693 0.041353578037685815
1 0.6690588295459747 0.3290264341566298 0.020564472675323485 0.03717392815483941
3 0.6690986931324006 0.3259650495317247 0.022657883167266846 0.04321601655748156
1 0.6113758563995362 0.3180943641397688 0.020302438735961915 0.03113673660490248
1 0.509790176153183 0.3058608545197381 0.018810689449310303 0.027847033076816134
1 0.550173568725586 0.8916130065917969 0.18522896766662597 0.15224388970269098
1 0.2755388617515564 0.40865756140814885 0.03792827129364014 0.07694721221923828
