1 0.8423917829990387 0.5880028618706598 0.0990606665611267 0.14675242106119793
1 0.4647687256336212 0.5385508643256294 0.06060458421707153 0.08009685940212674
1 0.9659971475601197 0.6213177786933051 0.06800570487976074 0.13115425109863282
1 0.5035699605941772 0.6295434104071723 0.07879705429077148 0.13056822882758246
1 0.35222618938423694 0.5757433785332574 0.06205369709059596 0.10506095886230468
3 0.4510334223508835 0.8966176138983832 0.12151058316230774 0.19998427497016058
3 0.2692814826965332 0.8748760647243924 0.10894074440002441 0.20865885416666666
1 0.7538616538047791 0.6091621822781033 0.09826910495758057 0.11146536933051215
1 0.7479771792888641 0.526737297905816 0.06359039545059204 0.10681063334147135
1 0.5814608931541443 0.5212422476874458 0.05986411571502685 0.07113465203179253
0 0.4644524574279785 0.5415944417317708 0.06047720909118652 0.07944878472222222
0 0.35414876937866213 0.5708931393093533 0.06764404773712158 0.11859673394097223
0 0.7488242149353027 0.5278788248697917 0.06495308876037598 0.09009590148925781
