1 0.4624635875225067 0.34450864791870117 0.026607716083526613 0.041649415757921006
1 0.6095339678227901 0.3710849655999078 0.019067935645580292 0.04944273630777995
1 0.1617385506629944 0.5876956515842013 0.08306601047515869 0.12785220675998263
1 0.3745312333106995 0.6143276426527235 0.050937533378601074 0.14232368469238282
1 0.203194659948349 0.3404832310146756 0.03106423616409302 0.037341202629937065
1 0.4796083688735962 0.3176303899950451 0.020861339569091798 0.03902235362264845
1 0.5865592002868653 0.34186087714301217 0.024089670181274413 0.037695058186848956
1 0.2868672251701355 0.6639949374728733 0.08221008777618408 0.12968198988172744
1 0.09794700145721436 0.5525597890218099 0.06295616626739502 0.09431885613335503
3 0.40910139083862307 0.4712744394938151 0.07482705116271973 0.17740037706163195
1 0.6187224712222814 0.3060496264137328 0.02240372970700264 0.03390491006688939
1 0.5719111323356628 0.40347969002193873 0.03673198223114014 0.09063522020975749
0 0.015967107377946377 0.588612174987793 0.021621822193264962 0.07750477261013455
1 0.6219453573226928 0.41635618209838865 0.040602922439575195 0.06878333621554905
1 0.24978786706924438 0.37736417717403836 0.03044445514678955 0.05170703993903266
0 0.3270603656768799 0.7369614283243815 0.038178110122680665 0.11194708082411024
0 0.5594211220741272 0.3304516341951158 0.011243224143981934 0.03596479098002116
1 0.6263647079467773 0.6017665439181857 0.07386727333068847 0.11223869323730469
1 0.17439357042312623 0.47253185907999673 0.0484637975692749 0.07920280032687717
1 0.2700838088989258 0.4494867006937663 0.04616537094116211 0.07065258026123047
1 0.38147262185812 0.3590622875425551 0.029045000672340393 0.04185795783996582
3 0.7634565114974976 0.4727964719136556 0.09991874694824218 0.24509186214870876
3 0.4285914897918701 0.34763658311631945 0.027075767517089844 0.06084865993923611
1 0.4212684273719788 0.30963311245044073 0.01779444217681885 0.03548976480960846
2 0.7654016017913818 0.5026473999023438 0.09682798385620117 0.17522909376356338
1 0.42833709716796875 0.3573343488905165 0.030953598022460938 0.04594641791449653
1 0.5683093905448914 0.8347925186157227 0.05241672992706299 0.14148309495713976
1 0.34460279941558836 0.9195241292317708 0.11784110069274903 0.1485789828830295
1 0.382131016254425 0.42378969457414417 0.03428394794464111 0.10928354793124728
3 0.6454927333630621 0.07921847874919573 0.08875133823603391 0.1576251220371988
3 0.5109322488307952 0.3538440238270495 0.04191890954971313 0.12554347564776738
