0 0.7523559272289276 0.5683384789360895 0.02835320234298706 0.08462986416286893
1 0.4431787431240082 0.47417142656114364 0.044817769527435304 0.07731441921657986
1 0.41491022408008577 0.5643852339850531 0.06150183081626892 0.1051073498196072
1 0.40105490684509276 0.3385145597987705 0.023351228237152098 0.03801474306318495
1 0.31081620454788206 0.5900760650634765 0.07395598888397217 0.11813269721137153
1 0.37321841195225713 0.6411450915866428 0.06637105792760849 0.11458702087402343
0 0.6732487142086029 0.47267679108513727 0.023120927810668945 0.06758527755737305
1 0.20028222799301149 0.3772681872049967 0.02825496196746826 0.044255828857421874
0 0.4309168517589569 0.38160482512580024 0.015452706813812256 0.047342374589708115
1 0.33862532377243043 0.5159380912780762 0.05742013454437256 0.08578862084282769
0 0.4178233027458191 0.36746155420939125 0.013254499435424805 0.0438153796725803
1 0.04283600151538849 0.683683204650879 0.08567200303077697 0.15720914204915365
1 0.3818389058113098 0.4351272741953532 0.03463575839996338 0.06822459962632921
1 0.4596862494945526 0.3613980107837253 0.027431237697601318 0.04703576299879286
1 0.5713615775108337 0.4119147221247355 0.03776261806488037 0.08029348055521647
1 0.2767592310905457 0.3618877622816298 0.029104018211364747 0.04661021762424045
1 0.18267833590507507 0.6421271430121528 0.0798874020576477 0.10773222181532117
1 0.6145786166191101 0.40556742085350883 0.042191576957702634 0.07128868632846408
1 0.4407092869281769 0.31913305852148266 0.02214914560317993 0.03766295247607761
0 0.8299253463745118 0.6662383185492622 0.037428760528564455 0.10177391899956598
1 0.5792690634727478 0.3262425104777018 0.025292563438415527 0.03566568162706163
3 0.2449204921722412 0.42844766510857474 0.05155048370361328 0.11041203604804145
1 0.6884993553161621 0.7975083245171442 0.12462539672851562 0.2022459242078993
1 0.3401750326156616 0.4189784155951606 0.038047170639038085 0.06380475362141927
0 0.38633121848106383 0.39115583101908363 0.015687811374664306 0.043908150990804036
1 0.8906719207763671 0.9506840176052518 0.11164655685424804 0.09863196478949653
2 0.6279919415712356 0.3290751374223166 0.03901373147964478 0.08014906317823463
3 0.6690990686416626 0.7828137079874674 0.10102677345275879 0.23400544060601128
1 0.04282518029212952 0.8190719816419814 0.08565036058425904 0.16979501512315537
1 0.24604966640472412 0.4298021740383572 0.046417951583862305 0.09923413594563803
1 0.4033677101135254 0.3977595011393229 0.036574053764343264 0.051374265882703996
3 0.652495276927948 0.08373132778538597 0.13078563213348388 0.16643084486325582
0 0.8369338035583496 0.6096174452039931 0.030876922607421874 0.08287467956542968
3 0.6279836177825928 0.32890433205498587 0.036927080154418944 0.0718974855211046
1 0.5415386319160461 0.3171848022275501 0.023733639717102052 0.037729328870773314
