2 0.8478752851486206 0.5408852524227566 0.11263866424560547 0.20377187728881835
1 0.7277889788150788 0.5247800191243489 0.0564186692237854 0.09368968539767795
1 0.6870804607868195 0.4410565694173177 0.04202669858932495 0.07341410319010416
1 0.663122171163559 0.5711582819620769 0.06166951656341553 0.10066426595052083
1 0.6391448974609375 0.46672682762145995 0.042725205421447754 0.07951894336276584
1 0.1787958025932312 0.578440793355306 0.08043725490570068 0.1444984859890408
1 0.9467401504516602 0.7447879367404514 0.09677467346191407 0.163937505086263
1 0.804167240858078 0.6919252819485134 0.08489471673965454 0.13820423550075955
1 0.6700051158666611 0.3987626393636068 0.03069261908531189 0.05216030544704861
1 0.47578532695770265 0.3835680643717448 0.027695107460021972 0.050251536899142794
1 0.7099181175231933 0.7370351155598959 0.09234061241149902 0.15875201755099827
1 0.696490204334259 0.37021634313795304 0.026346874237060548 0.04541249805026584
1 0.616926753334701 0.3532823456658257 0.023697471991181374 0.035616026984320745
0 0.8689571380615234 0.792820061577691 0.05011701583862305 0.13042492336697048
1 0.5052551329135895 0.4011153433057997 0.03392704725265503 0.0537613762749566
1 0.3093531489372253 0.5629461076524522 0.05901072025299072 0.10603913201226128
1 0.6548678278923035 0.350674655702379 0.02928478717803955 0.052274396684434676
2 0.20581799149513244 0.4667654461330838 0.10906919240951538 0.21034957038031685
3 0.2078695297241211 0.45307102203369143 0.11046056747436524 0.18975351121690537
0 0.7023479133844376 0.34365321662690906 0.012350291013717651 0.032405039999220106
1 0.6244118183851242 0.39913321601019963 0.035023033618927 0.062296549479166664
3 0.7207468271255493 0.39014288319481744 0.037430977821350096 0.0784488730960422
0 0.7865935325622558 0.7945322672526042 0.036816644668579104 0.11778903537326389
2 0.9430132985115052 0.7012599203321669 0.10359632968902588 0.2582216686672635
1 0.5052124381065368 0.30887801994880043 0.019767403602600098 0.03453938530551063
2 0.6388731002807617 0.31518208380245294 0.023393869400024414 0.052522687202629946
1 0.6703904360532761 0.3282989760239919 0.02225080132484436 0.0383417460653517
3 0.5713724851608276 0.3646435820394092 0.0409881591796875 0.1441029277112749
0 0.8281511306762696 0.8044971042209201 0.040626907348632814 0.12967359754774305
3 0.6825410723686218 0.08125019603305393 0.07216360569000244 0.16250039206610786
3 0.6839800119400025 0.7035021675957573 0.07266497611999512 0.24786720275878907
1 0.7245372772216797 0.40127461751302085 0.040232086181640626 0.05515340169270833
1 0.6394885897636413 0.31457750267452667 0.02071402072906494 0.0513772275712755
1 0.599153482913971 0.3137504757899377 0.024535536766052246 0.04867831969426738
3 0.5585688471794128 0.576099157333374 0.12417776584625244 0.36052963468763566
2 0.23596082925796508 0.3428526388274299 0.03600265979766846 0.05546801090240479
