1 0.6341941952705383 0.7415417353312175 0.07436716556549072 0.08186480204264322
1 0.5080015420913696 0.6881756040785048 0.05011043548583984 0.05620570712619358
1 0.43282519578933715 0.7544288211398654 0.06326327323913575 0.07846772935655381
3 0.2368711531162262 0.7987044864230686 0.16075013875961303 0.23848029242621527
1 0.2366102695465088 0.787969970703125 0.1584669828414917 0.19209187825520832
1 0.5564502239227295 0.9001690334743924 0.12665414810180664 0.1415082295735677
1 0.7326489329338074 0.6044537014431424 0.02801558971405029 0.040832604302300346
1 0.5408219575881958 0.7425916247897678 0.06388020515441895 0.07303437127007378
1 0.08150317668914794 0.8525975545247396 0.11622278690338135 0.1227551778157552
1 0.5870440363883972 0.808983039855957 0.054938769340515135 0.07890552944607204
3 0.3571907043457031 0.4190077357821994 0.07920069694519043 0.24812700483534073
0 0.7152551412582397 0.6385993639628093 0.010114717483520507 0.04208287133110894
0 0.24425177574157714 0.4817039489746094 0.017865800857543947 0.039972178141276044
0 0.5932178378105164 0.6456255171034071 0.027777695655822755 0.03789952596028646
0 0.9441946625709534 0.27614737616644963 0.01790173053741455 0.04101019965277778
0 0.9727622985839843 0.16027535332573783 0.05447540283203125 0.14290848837958442
