3 0.26130502223968505 0.8184540006849501 0.11195011138916015 0.20756331549750434
1 0.9409175872802734 0.7825909084743924 0.11572046279907226 0.15951224433051214
1 0.598749041557312 0.46593455738491485 0.05196695327758789 0.06743813620673286
3 0.42715196758508683 0.8247731526692709 0.1138726681470871 0.27412889268663193
1 0.8988027095794677 0.5823723687065973 0.09625039100646973 0.113836669921875
0 0.612701041996479 0.4740428182813856 0.02540208399295807 0.05521670447455512
1 0.6701801180839538 0.47372690836588544 0.07230570316314697 0.0761079576280382
0 0.27838571071624757 0.6054701911078559 0.06516556739807129 0.10722825792100694
1 0.435174560546875 0.8069864061143663 0.13972930908203124 0.17524481879340278
0 0.4505411207675934 0.604646979437934 0.03862894773483276 0.10040952894422743
1 0.46957639455795286 0.60695251888699 0.0756152868270874 0.1294044918484158
0 0.5246976375579834 0.7017249213324652 0.07510614395141602 0.11499612596299913
1 0.2660282015800476 0.5981744554307725 0.08801686763763428 0.12212337917751737
