1 0.5110728323459626 0.7608280181884766 0.06891740560531616 0.07676010131835938
1 0.5877367615699768 0.641233401828342 0.037110543251037596 0.05598670111762153
1 0.4666118621826172 0.7300404442681206 0.06083371639251709 0.06536763509114583
1 0.6556027650833129 0.7794249428643121 0.07964491844177246 0.12804383171929254
1 0.15545732975006105 0.8617051866319444 0.12461266517639161 0.1313385009765625
1 0.7055517673492432 0.5920378579033746 0.02625885009765625 0.03621075948079427
1 0.6187723676441237 0.6448766072591146 0.036249963426962496 0.046605682373046874
1 0.647966268658638 0.6790565490722656 0.04558911919593811 0.06410912407769097
0 0.24395784139633178 0.48080660502115885 0.019131159782409667 0.0423338148328993
1 0.6629864022135734 0.6392603344387479 0.044068518280982974 0.051829232109917536
0 0.6725770711898804 0.6405247264438205 0.02648468017578125 0.04983289506700304
3 0.35719122886657717 0.43391202290852865 0.07979941368103027 0.22069193522135416
