3 0.567131233215332 0.7461658477783203 0.10774393081665039 0.1892333984375
1 0.366508803376928 0.8190745883517795 0.0912479686550796 0.17153820461697047
1 0.9594403624534606 0.6924756791856553 0.08111927509307862 0.14041705661349826
1 0.38549625128507614 0.6284594111972385 0.06239606440067291 0.1072185304429796
1 0.33121069669723513 0.4991558074951172 0.07449371814727783 0.15969424777560765
1 0.5663094997406006 0.7427675882975261 0.10688395500183105 0.17983288235134548
1 0.9411081671714783 0.585358534918891 0.09795167446136474 0.13185284932454427
3 0.3669422569219023 0.8149254692925347 0.09087493373081088 0.1725433349609375
1 0.5609420895576477 0.4580399619208442 0.05147836208343506 0.06701723734537761
2 0.27975648641586304 0.6564499749077691 0.0706376314163208 0.10896792941623264
