0 0.47135100364685056 0.6131879170735677 0.06999435424804687 0.1284080081515842
1 0.45731579661369326 0.5195814980400933 0.060411584377288816 0.0759863535563151
1 0.5763615965843201 0.5151502397325304 0.057134604454040526 0.09053306579589844
3 0.2708083987236023 0.9002324634128147 0.10757997035980224 0.19277958340115017
1 0.4262729972600937 0.7759217580159505 0.09054835438728333 0.1623409695095486
0 0.4281768798828125 0.7718254089355469 0.08578784465789795 0.15961422390407987
1 0.471960175037384 0.6077017254299588 0.06558802127838134 0.1179097917344835
0 0.4584201812744141 0.5169242858886719 0.06305384635925293 0.0845065646701389
1 0.6938540518283844 0.5196955151028103 0.08130332231521606 0.0860329098171658
0 0.5736366271972656 0.5167608473036024 0.05901007652282715 0.08327996995713975
1 0.6907005310058594 0.7769640604654948 0.11388573646545411 0.16860809326171874
0 0.45702619552612306 0.45561336941189234 0.048309707641601564 0.09210768805609809
3 0.6895146742463112 0.7704276190863715 0.11388148963451386 0.1661807590060764
0 0.6976058006286621 0.5650170220269097 0.08473281860351563 0.12893426683213977
0 0.2848434209823608 0.5994567023383246 0.063441801071167 0.12538235982259113
0 0.8182511329650879 0.5116590711805555 0.07881646156311035 0.09465310838487413
