1 0.4704845786094666 0.6076522827148437 0.08003566265106202 0.1351075914171007
1 0.5088907241821289 0.47915036943223743 0.0683621883392334 0.07662603590223524
3 0.26142460107803345 0.8179125467936198 0.1106713056564331 0.20606409708658854
1 0.5245476067066193 0.7025669309828017 0.0780288577079773 0.12714161343044705
1 0.9402523994445801 0.7863568623860677 0.11817646026611328 0.16992306179470487
3 0.4312132209539413 0.8251437928941515 0.12144082188606262 0.3093797047932943
1 0.6675146669149399 0.4982694572872586 0.0799629271030426 0.11347678502400717
0 0.5249016761779786 0.7023353576660156 0.0779296875 0.12239295111762152
1 0.3501935163512826 0.4657568613688151 0.05088961534202099 0.07304594251844618
1 0.5987630605697631 0.46800189548068577 0.04793667793273926 0.0646985371907552
1 0.8436922073364258 0.6602956136067708 0.09256978034973144 0.12351743910047742
0 0.4717054843902588 0.6070357852511936 0.07526235580444336 0.12771920098198786
0 0.6106094315648078 0.47335876358879936 0.021218863129615784 0.04914729860093858
1 0.29469714164733884 0.700262705485026 0.16813209056854247 0.15809919569227432
