1 0.7090093791484833 0.47288036876254613 0.04954730272293091 0.0809909290737576
2 0.7500024497509002 0.40907240178849963 0.06422606706619263 0.12113619380527073
1 0.4920825004577637 0.3398752490679423 0.02349538803100586 0.03678018516964383
0 0.9732349395751954 0.7382721794976128 0.045187854766845705 0.12141744825575086
1 0.7001351833343505 0.6858578152126736 0.08959398269653321 0.14970703125
0 0.8011676728725433 0.49032202826605903 0.022162067890167236 0.06387786865234375
1 0.6243383169174195 0.4012447834014893 0.03227024078369141 0.05568011601765951
1 0.8236356675624847 0.559299013349745 0.06691910028457641 0.1243797090318468
1 0.6666631609201431 0.38338091903262667 0.03430889248847961 0.05596837467617459
0 0.46755010485649107 0.33111621803707547 0.010260212421417236 0.031571149826049805
0 0.7779112815856933 0.7630016750759548 0.037248754501342775 0.11551420423719617
0 0.8680532455444336 0.7930641174316406 0.052030181884765624 0.13542734781901042
1 0.26254538297653196 0.47927009794447156 0.04712808132171631 0.08375407324896919
1 0.6145104511640966 0.3695142851935493 0.02784655410796404 0.0476698981391059
1 0.3579105999320745 0.6245729870266384 0.06226593926548958 0.14041396247016058
1 0.4355884552001953 0.8001534356011285 0.12616438865661622 0.13793953789605035
1 0.6449204206466674 0.3545125749376085 0.025748348236083983 0.043919203016493054
0 0.8273916363716125 0.7880290349324545 0.040658974647521974 0.1066886478000217
3 0.6832874298095704 0.07954991658528646 0.07070159912109375 0.1590998331705729
3 0.14896802902221679 0.6737002372741699 0.16460556983947755 0.4032551447550456
1 0.4231686979532242 0.46103687816196015 0.04414193034172058 0.07295047971937392
1 0.6400666385889053 0.32363078859117295 0.022242408990859986 0.033133676317003036
0 0.4244240760803223 0.45969145033094616 0.044036149978637695 0.07560437520345052
1 0.027517610508948565 0.751973130967882 0.049420679174363616 0.1266962687174479
3 0.5692229509353638 0.35891716645823585 0.04910664558410645 0.13400464786423577
