1 0.4805708169937134 0.5328620698716905 0.07398788928985596 0.10764071146647135
1 0.37855119854211805 0.5062096065945095 0.060755285620689395 0.08498789469401041
1 0.2839538812637329 0.6807795524597168 0.07603368759155274 0.14535863664415147
1 0.5559719383716584 0.5987365934583876 0.07293437719345093 0.11839654710557726
1 0.5711651802062988 0.5121899286905924 0.05247478485107422 0.08169720967610677
1 0.4938748419284821 0.6254109064737956 0.0694665789604187 0.13886951870388456
0 0.28636016845703127 0.6764679378933377 0.07125358581542969 0.14123492770724827
3 0.6096599459648132 0.8735746595594618 0.11814658641815186 0.19100511338975695
1 0.6801223397254944 0.7571615854899089 0.08038032054901123 0.1549520704481337
0 0.4649698197841644 0.5532213952806261 0.040027916431427 0.06828645070393881
1 0.26287165880203245 0.5416709158155654 0.05267531871795654 0.09399852752685547
2 0.7897113680839538 0.5638744354248046 0.12200706005096436 0.2524927775065104
0 0.5703742980957032 0.5185284932454427 0.05453925132751465 0.08764716254340278
0 0.6446693539619446 0.9231530507405599 0.04239137172698974 0.10593516031901042
0 0.2709070920944214 0.4790438334147135 0.04757237434387207 0.07666163974338108
