1 0.561300390958786 0.777578608194987 0.09055954217910767 0.10650371975368923
1 0.6936056315898895 0.7258104748196073 0.06667639017105102 0.08606715732150608
1 0.36748218536376953 0.8545935736762152 0.13613204956054686 0.11921446058485242
1 0.508381700515747 0.9246896531846788 0.17245779037475586 0.1427822536892361
1 0.5561053037643433 0.6589138136969672 0.03940825462341309 0.05462110307481554
3 0.3578802227973938 0.4410615815056695 0.078342604637146 0.22300582461886936
0 0.6440420150756836 0.6026297357347277 0.027030324935913085 0.03857245975070529
0 0.243867027759552 0.48264308505588105 0.018278288841247558 0.03996709187825521
0 0.9433678388595581 0.2765167130364312 0.016577959060668945 0.039374224344889325
1 0.03846040964126587 0.9036510043674045 0.07532413005828857 0.16915927463107638
1 0.294617748260498 0.9350518120659722 0.16214370727539062 0.12592273288302952
