1 0.27065000534057615 0.8083392037285699 0.10496811866760254 0.19289224412706163
1 0.3946457728743553 0.6383820215861002 0.06243758499622345 0.10751304626464844
1 0.880917227268219 0.7279428905910916 0.10598328113555908 0.15106196933322483
3 0.2707639098167419 0.803710322909885 0.10252411365509033 0.1891595204671224
1 0.8774518489837646 0.5769222577412924 0.08552207946777343 0.10505551232231988
1 0.4242485523223877 0.7802381091647678 0.09356060028076171 0.18416065639919704
1 0.593592393398285 0.5203455077277289 0.0645719289779663 0.0907398435804579
0 0.37877031564712527 0.6467235035366482 0.02675497531890869 0.08016139136420355
1 0.34800462584244085 0.4586453702714708 0.055085268407128754 0.07507401572333441
1 0.5491234660148621 0.6951201968722873 0.0884258508682251 0.16450975206163193
3 0.42258510291576384 0.7716725243462457 0.09359686970710754 0.19467586941189235
1 0.27726939916610716 0.4450344933403863 0.05467784404754639 0.0699734157986111
