1 0.44675024449825285 0.7208327399359808 0.06008763909339905 0.07004106309678819
1 0.6512334823608399 0.6793399492899577 0.06218414306640625 0.08314147525363498
1 0.5299329459667206 0.677467409769694 0.04341675043106079 0.06130697462293837
1 0.4037784099578857 0.9266753302680122 0.15364866256713866 0.13920542399088542
1 0.5719028592109681 0.7045953962537977 0.05505483150482178 0.09051115247938368
1 0.18336012363433837 0.8668564690483941 0.12203184366226197 0.13192884657118056
1 0.6636241912841797 0.7699241638183594 0.0961672306060791 0.14065009223090277
0 0.5650082588195801 0.709538459777832 0.04086833000183106 0.06815978156195747
3 0.35733809471130373 0.4373550944858127 0.07891316413879394 0.21771195729573567
0 0.24385794401168823 0.4811557557847765 0.018754172325134277 0.04240328470865885
1 0.6850656747817994 0.5739585346645779 0.0681075096130371 0.053227636549207896
1 0.7134643465280532 0.7061924404568143 0.05188891291618347 0.0698716057671441
