1 0.5621135771274567 0.7766310585869683 0.09134048223495483 0.10190103318956163
1 0.6928455144166946 0.7459320068359375 0.07648150324821472 0.13168114556206598
1 0.5092874050140381 0.9242264641655816 0.17702131271362304 0.14586537679036457
1 0.5559879660606384 0.6602742407057021 0.03862202167510986 0.05481620364718967
1 0.2995401382446289 0.939823489718967 0.16342558860778808 0.12035302056206597
3 0.3578802227973938 0.4410615815056695 0.078342604637146 0.22300582461886936
0 0.243867027759552 0.48264308505588105 0.018278288841247558 0.03996709187825521
1 0.36883394718170165 0.8599352518717448 0.14607462882995606 0.12587771945529513
0 0.6439999341964722 0.6028228018018934 0.02667407989501953 0.03803123897976345
0 0.6928822994232178 0.7515640258789062 0.07411699295043946 0.12454121907552083
0 0.9433677911758422 0.2765158123440213 0.01657876968383789 0.03937933180067274
1 0.03846678137779236 0.9039098103841146 0.07522482872009277 0.16662665473090277
