1 0.5021519839763642 0.5701813485887316 0.06573654413223266 0.09065447913275824
1 0.5842711925506592 0.492483393351237 0.056128644943237306 0.07120607164171007
0 0.3068176984786987 0.6781602647569445 0.07375245094299317 0.12553350660536025
1 0.3047494053840637 0.6810166358947753 0.06589009761810302 0.11553529103597006
1 0.9336588859558106 0.7512450324164497 0.12974681854248046 0.19376695421006945
1 0.4066876649856567 0.5371179792616102 0.06166605949401856 0.08659205966525607
1 0.5999269723892212 0.5376107957628038 0.053298234939575195 0.0653776380750868
0 0.3327202320098877 0.5184954113430447 0.024815464019775392 0.06970002916124132
1 0.48288372755050657 0.43845127953423396 0.049139881134033205 0.06905326843261719
1 0.4223358392715454 0.4214733547634549 0.03599231243133545 0.053545633951822914
3 0.2240711569786072 0.905368423461914 0.12632319927215577 0.18439822726779515
1 0.68102947473526 0.5776366869608561 0.07827169895172119 0.10204914940728081
1 0.317578399181366 0.520511097378201 0.057199406623840335 0.08929871453179253
1 0.3902911201119423 0.6235015869140625 0.06823250949382782 0.1227903578016493
0 0.40603079795837405 0.5444511413574219 0.06244306564331055 0.0868499755859375
1 0.3527209423482418 0.43148460388183596 0.06107433587312698 0.0801520029703776
1 0.23109796047210693 0.9046351962619358 0.15509395599365233 0.183428955078125
