1 0.6131336569786072 0.42383673985799153 0.11034195423126221 0.18907002343071833
1 0.6717928886413574 0.5332363552517361 0.11471176147460938 0.172833251953125
1 0.6714488387107849 0.1782469325595432 0.052324211597442626 0.07100073496500652
1 0.4355217933654785 0.12194936010572645 0.03531713485717773 0.05468002955118815
1 0.6895235776901245 0.4279495186275906 0.06157784461975098 0.10896823671129015
1 0.48918287754058837 0.13033586078219944 0.03862752914428711 0.05993309020996094
1 0.2014147996902466 0.638767327202691 0.18711133003234864 0.20451664394802518
1 0.12613669633865357 0.4573907799190945 0.10459887981414795 0.16866320504082574
1 0.650568675994873 0.28995662265353733 0.0738922119140625 0.10674042171902126
3 0.2365599751472473 0.2127027882470025 0.05744035243988037 0.1284695201449924
0 0.8099279344081879 0.45734692149692113 0.02946258783340454 0.06129814783732097
0 0.8031572341918946 0.5677577548556858 0.05241522789001465 0.15046475728352865
1 0.01856333762407303 0.15987151993645562 0.03712667524814606 0.0684849739074707
1 0.27586706876754763 0.1177082379659017 0.03763935565948486 0.05588088565402561
0 0.8820671081542969 0.5931888156467013 0.056406497955322266 0.15229513380262588
3 0.18986276984214784 0.0937492569287618 0.06329394578933716 0.1304697487089369
1 0.5644989609718323 0.19637003474765355 0.04874703884124756 0.08631520801120335
2 0.8987296342849731 0.48608476320902505 0.11195440292358398 0.20459875530666774
1 0.8983782410621644 0.5033205668131511 0.12348887920379639 0.1876498752170139
1 0.5699087142944336 0.28949501249525283 0.06787443161010742 0.11197808583577475
2 0.20390259623527526 0.6282995859781901 0.18074647188186646 0.20499801635742188
1 0.02661919593811035 0.3057013193766276 0.0532383918762207 0.11849308013916016
2 0.6096922874450683 0.42570542229546443 0.1163909912109375 0.1922817654079861
2 0.6816274046897888 0.4908807992935181 0.07737019062042236 0.24723539882236056
1 0.8801252841949463 0.9759072409735785 0.04461417198181152 0.04818551805284288
0 0.8646244883537293 0.5089557488759359 0.04717276096343994 0.09847995969984266
3 0.1262752443552017 0.4341219928529527 0.10986585021018982 0.20698896514044868
