1 0.6679475903511047 0.5258000479804145 0.1045846700668335 0.1748026106092665
1 0.6114320755004883 0.4222096867031521 0.10894851684570313 0.19620028601752387
1 0.4539567410945892 0.19835730658637152 0.046331942081451416 0.0730497572157118
1 0.7126009732484817 0.4345113330417209 0.09647476077079772 0.14128456115722657
1 0.0596665664575994 0.5951706250508626 0.11899639684706927 0.1904629389444987
1 0.49708845615386965 0.26630327436659074 0.06379904747009277 0.11416812472873264
1 0.6296321868896484 0.25532239278157554 0.06758780479431152 0.09334174262152778
1 0.42483465671539306 0.11232470141516791 0.03566300868988037 0.05110777219136556
1 0.1746464967727661 0.5098968929714627 0.12986278533935547 0.17515368991427951
1 0.4136139631271362 0.15628878275553384 0.04011797904968262 0.0640745374891493
1 0.7964126408100128 0.5468534893459744 0.10726817846298217 0.16007796393500434
2 0.7031707227230072 0.31282151540120445 0.06952892541885376 0.12013274298773871
1 0.532738882303238 0.23295630349053276 0.0516875147819519 0.08894329071044922
0 0.8965631484985351 0.6953374650743273 0.06308679580688477 0.17618603176540798
2 0.9296308040618897 0.5114510854085287 0.1312408924102783 0.2389078352186415
1 0.46904943585395814 0.15706422064039444 0.040502417087554934 0.06170057720608181
1 0.6646038219332695 0.36001707712809244 0.07073008120059968 0.1099556393093533
3 0.2355349063873291 0.06291952530543009 0.03083977699279785 0.06551036039988199
1 0.3429426670074463 0.6772468566894532 0.22451503276824952 0.23988274468315973
0 0.9700082778930664 0.6947081671820746 0.059983444213867185 0.15881843566894532
2 0.6114625215530396 0.4259462780422635 0.10027179718017579 0.1910514407687717
2 0.7909620046615601 0.40201375087102253 0.10002946853637695 0.18005474143558078
2 0.6477349191904068 0.2138988494873047 0.0954698383808136 0.17694066365559896
0 0.2820088863372803 0.3347955246766408 0.014672660827636718 0.051849053965674505
2 0.6754693508148193 0.45720846586757236 0.08968629837036132 0.3028323663605584
1 0.013687920372467488 0.1426496770646837 0.02716528216842562 0.07351679272121853
0 0.21830496788024903 0.8372743394639757 0.07412288188934327 0.2011458502875434
0 0.20232303142547609 0.7923576566908095 0.018996429443359376 0.039335844251844616
3 0.19820101857185363 0.03239286674393548 0.04808510541915893 0.05824637015660604
1 0.6941370010375977 0.30670945909288194 0.05235099792480469 0.13490507337782118
1 0.2181484580039978 0.7630276362101237 0.018887782096862794 0.03647804260253906
1 0.9282164573669434 0.5360886891682942 0.13444061279296876 0.19473342895507811
3 0.6687936425209046 0.36632771492004396 0.05909576416015625 0.10418965021769205
3 0.6068692207336426 0.423011040687561 0.1013603687286377 0.1941685093773736
