1 0.28706499338150027 0.7839804967244466 0.07982356548309326 0.09540545145670573
1 0.3857879377901554 0.816908582051595 0.10558321923017502 0.10405345492892795
1 0.2157334566116333 0.9202090793185764 0.15914602279663087 0.1569146050347222
1 0.6266169548034668 0.9131605360243056 0.1100069522857666 0.14344863891601561
1 0.06079174280166626 0.8946800231933594 0.11599068641662598 0.14450124104817708
1 0.49132002592086793 0.838320435418023 0.11820399761199951 0.12223370869954427
3 0.3576150417327881 0.4380620214674208 0.079197359085083 0.22258065541585287
0 0.24416011571884155 0.481865480211046 0.01829345226287842 0.04008127848307292
0 0.9435608148574829 0.27540402942233616 0.016146230697631835 0.04041296641031901
0 0.6256585836410522 0.5953768094380697 0.027963972091674803 0.03786991967095269
