3 0.6456880092620849 0.8614710489908854 0.14924898147583007 0.2752616034613715
1 0.27030632495880125 0.5646860758463542 0.059740447998046876 0.09903149074978299
1 0.32641656398773194 0.4871353361341688 0.05894064903259277 0.07188958062065973
3 0.44363927841186523 0.8658804999457466 0.11585731506347656 0.2619721306694878
0 0.2723200559616089 0.5697057935926649 0.061181259155273435 0.1031222873263889
1 0.8526599884033204 0.5366141425238715 0.20175962448120116 0.1986822764078776
1 0.6319957137107849 0.547758526272244 0.06602022647857667 0.08416612413194445
3 0.5315196633338928 0.7520165337456597 0.08716294765472413 0.1498464796278212
1 0.28408814668655397 0.6715485572814941 0.07506763935089111 0.14067185719807943
1 0.5009824633598328 0.6293634626600477 0.09357740879058837 0.13080198499891493
0 0.38026278018951415 0.631464958190918 0.03768687248229981 0.10616789923773871
0 0.32577407360076904 0.487536366780599 0.0621427059173584 0.07875421312120226
3 0.27992636561393736 0.8507297303941515 0.18089557886123658 0.2895189497205946
1 0.39496673345565797 0.6291474236382378 0.0684849739074707 0.11693657769097222
1 0.28395183086395265 0.768085225423177 0.16923580169677735 0.17205950419108074
0 0.5331866264343261 0.7480021158854167 0.08632464408874511 0.14846170213487414
0 0.6980343431234359 0.9523209042019314 0.04203260540962219 0.08749143812391492
0 0.28291175365447996 0.6659696790907118 0.07930264472961426 0.13053728739420573
