1 0.5466636836528778 0.5733777576022678 0.08163553476333618 0.1145117441813151
1 0.6557122621685266 0.6956040064493815 0.09633614346385003 0.15557229783799914
1 0.839760959148407 0.5591274897257487 0.08475296497344971 0.10907783508300781
1 0.7933019638061524 0.8811415778266058 0.15338096618652344 0.20852288140190972
1 0.621868097782135 0.49458421071370445 0.06139647960662842 0.08223821851942274
1 0.7158260673284531 0.579891766442193 0.09126666188240051 0.13440948062472874
3 0.789308762550354 0.88195128970676 0.16226019859313964 0.22944535149468315
1 0.3647684335708618 0.5957966486612956 0.05783233642578125 0.09257147047254774
1 0.5497222423553467 0.7470418294270833 0.08767843246459961 0.14130418565538194
1 0.5356173813343048 0.4620928446451823 0.051933896541595456 0.05789828830295139
3 0.549561470746994 0.7522784127129449 0.08634768724441529 0.1439796871609158
1 0.5021977484226227 0.6570229636298286 0.07273648977279663 0.10146505567762587
1 0.48452861309051515 0.4385311974419488 0.052698731422424316 0.06739798651801215
1 0.2808991074562073 0.7187521404690213 0.08627035617828369 0.1802577124701606
1 0.9498560905456543 0.78605711195204 0.09654483795166016 0.15247022840711805
1 0.43782506585121156 0.5526185565524631 0.0630759835243225 0.11020291646321614
1 0.5640170693397522 0.43410474989149306 0.03999946117401123 0.05426152547200521
1 0.8042670905590057 0.6809438917371962 0.06667472124099731 0.08155780368381077
3 0.27851641178131104 0.7123062981499566 0.08622355461120605 0.1857052273220486
