1 0.7124305665493011 0.7690448972913954 0.11216136217117309 0.1705894046359592
1 0.4651942253112793 0.65149900648329 0.08409061431884765 0.11775682237413194
1 0.23416495323181152 0.522947163052029 0.047479104995727536 0.07854338751898872
1 0.7233340740203857 0.9355200025770399 0.13761606216430664 0.12382965087890625
1 0.5528250694274902 0.576990212334527 0.07966156005859375 0.10310100979275173
3 0.41027269065380095 0.7454399638705783 0.12350624203681945 0.2774370617336697
1 0.5467759251594544 0.7312478383382162 0.09527404308319092 0.16973063151041667
1 0.37891877591609957 0.5818107393052843 0.05736072659492493 0.10112826029459636
3 0.684070599079132 0.9040705786810981 0.06985881328582763 0.18711912367078992
1 0.46711225509643556 0.9170301649305556 0.12720146179199218 0.14835391574435763
0 0.6726265668869018 0.9378270467122396 0.04016094207763672 0.1062210930718316
