1 0.568666398525238 0.5181839836968316 0.05196177959442139 0.07484813266330295
1 0.7123907923698425 0.5433498912387424 0.07095751762390137 0.08304856618245443
1 0.31361774206161497 0.54623351626926 0.054137682914733885 0.10623817443847657
0 0.3845460057258606 0.6404563797844781 0.03090798854827881 0.08724952273898655
3 0.31685235500335696 0.7884696324666342 0.09750523567199706 0.18846482170952691
1 0.31623594760894774 0.7913217332628039 0.0940931797027588 0.17293421427408853
1 0.90529465675354 0.5558692508273655 0.10094747543334961 0.10234646267361111
1 0.7052759483456612 0.7524222691853841 0.11480565965175629 0.1704774220784505
1 0.39964519888162614 0.6356028027004665 0.061368057131767274 0.10717557271321615
0 0.31614959239959717 0.5506502787272135 0.054298782348632814 0.10344577365451389
1 0.8662181854248047 0.6213990953233507 0.11085081100463867 0.13618863423665364
0 0.2610501289367676 0.6103393766615126 0.029598188400268555 0.09350513882107205
3 0.7049247771501541 0.7538862016465929 0.1114294946193695 0.17131423950195312
