1 0.6211666464805603 0.8029802534315321 0.08486268520355225 0.1088422139485677
1 0.44405282735824586 0.7570542441474066 0.07120094299316407 0.09046516418457032
1 0.6989023685455322 0.7161748038397895 0.06917736530303956 0.08949182298448351
1 0.5735912203788758 0.6807780159844292 0.04541709423065186 0.05776871575249566
1 0.43902715742588044 0.8427677154541016 0.11024388670921326 0.11918902926974827
1 0.6391823530197144 0.6877917395697699 0.04757843017578125 0.043436092800564235
3 0.3279289245605469 0.8695217980278863 0.14033112525939942 0.23374693128797744
0 0.6431138277053833 0.6257230122884114 0.028647375106811524 0.04365904066297743
1 0.6842329531908036 0.6180713971455892 0.029095131158828735 0.043903160095214847
1 0.0988827884197235 0.8657877604166667 0.12195905447006225 0.12427647908528645
1 0.3533931255340576 0.9289743211534288 0.13761138916015625 0.1243379380967882
0 0.24390455484390258 0.4806825849745009 0.019187569618225098 0.04372948540581597
3 0.3572579622268677 0.4354595078362359 0.07925553321838379 0.22269017961290147
