1 0.7100141435861588 0.6858254538642036 0.08910054564476014 0.17330631679958766
1 0.6448807112872601 0.4938420666588677 0.052770449221134184 0.10495379765828451
0 0.37772818803787234 0.5532615237765842 0.028840851783752442 0.08073823716905382
1 0.7480091989040375 0.5569054497612848 0.057754671573638915 0.10498487684461806
2 0.8194778382778167 0.5481052981482611 0.09301530122756958 0.1630071957906087
1 0.25372326374053955 0.4761128743489583 0.048920297622680665 0.0707867940266927
1 0.4694901406764984 0.3823558145099216 0.03188227415084839 0.05301832093132867
1 0.6680185362696648 0.5944283273484972 0.0687195211648941 0.1352839363945855
1 0.7503117084503174 0.9003158569335937 0.10619649887084961 0.1794571770562066
1 0.9513998031616211 0.7637154473198785 0.0947535514831543 0.16357108222113714
0 0.8101093828678131 0.3938741260104709 0.020526015758514406 0.04188160366482205
1 0.7842384159564972 0.6200216293334961 0.06907700300216675 0.10795148213704427
1 0.8067601144313812 0.6972512669033475 0.09188710451126099 0.16492349836561415
1 0.6409040793776513 0.3498179117838542 0.02226983606815338 0.04156366984049479
1 0.24706859588623048 0.35219916370179916 0.030957508087158202 0.04333400461408827
1 0.6621589571237564 0.383496011628045 0.02816818356513977 0.0483932442135281
1 0.5321606874465943 0.31829399433400896 0.021591663360595703 0.03850013083881802
1 0.7084229052066803 0.3891220755047268 0.03150697946548462 0.04914673169453939
1 0.7434229969978332 0.4420231607225206 0.03859100341796875 0.06318734486897787
1 0.7185263395309448 0.5177656173706054 0.0476093053817749 0.0961024390326606
2 0.896475887298584 0.6592904620700413 0.08634943962097168 0.16293635898166234
3 0.5677187442779541 0.36959444681803383 0.05389270782470703 0.16141111585828993
1 0.6297159403562546 0.4482468287150065 0.03354421257972717 0.0634635501437717
2 0.8529317021369934 0.6144718276129828 0.05972554683685303 0.12730354732937282
1 0.8980194091796875 0.666915045844184 0.08787717819213867 0.1471822526719835
0 0.7003570109605789 0.3581376075744629 0.013515681028366089 0.03640200297037761
1 0.613489972264506 0.3685983339945475 0.026009591994807124 0.051319991217719185
3 0.7477676659822464 0.8929299884372287 0.11696829199790955 0.21242552863226996
1 0.68793725669384 0.4212800979614258 0.055840855836868285 0.07327664693196614
1 0.9436683654785156 0.9424205780029297 0.10673446655273437 0.11515884399414063
3 0.6942188739776611 0.460018515586853 0.051567888259887694 0.18276850912306045
