1 0.6711403168737888 0.7268485387166341 0.10756093710660934 0.14724608527289496
3 0.5922283053398132 0.8289976967705621 0.12699873447418214 0.21767217848036025
1 0.39096242785453794 0.6115731557210287 0.060112035274505614 0.1000043233235677
1 0.4795613467693329 0.5921550750732422 0.07316752672195434 0.1225399441189236
1 0.6375380277633667 0.49716987609863283 0.07270650863647461 0.10968000623914931
1 0.28319741487503053 0.6284112930297852 0.06093785762786865 0.12337964375813802
1 0.2811034321784973 0.7874189164903429 0.09178416728973389 0.17194442749023436
0 0.25794224739074706 0.5450577629937066 0.05199997425079346 0.0896153344048394
1 0.5927039623260498 0.833484141031901 0.11880416870117187 0.2148225572374132
3 0.28064924478530884 0.7754934310913086 0.09380748271942138 0.19416270785861545
1 0.8069003939628601 0.6648942417568631 0.0903939962387085 0.1238393783569336
1 0.25345027446746826 0.5489913728502062 0.05542278289794922 0.09265369839138454
0 0.2835428714752197 0.6265605926513672 0.06971614360809326 0.12186414930555556
1 0.42533837258815765 0.5596206665039063 0.05509756207466125 0.07868821885850695
0 0.35171162709593773 0.4224474271138509 0.027800197899341583 0.04886750115288629
0 0.5258576035499573 0.4446462207370334 0.02502486705780029 0.046048270331488714
