1 0.4726153016090393 0.6041308932834202 0.07077624797821044 0.11458731757269966
1 0.2804585933685303 0.8226240793863933 0.09522247314453125 0.16880154079861112
3 0.5950220346450805 0.728022575378418 0.10775980949401856 0.17657627529568143
1 0.5738522291183472 0.6188617918226454 0.07569808959960937 0.11099120246039497
0 0.39052369594573977 0.6407722896999783 0.06991047859191894 0.12093209160698784
3 0.6254016876220703 0.8910723368326823 0.1373579978942871 0.21785532633463542
1 0.46035866141319276 0.5033709790971544 0.07106655836105347 0.09815085728963216
1 0.25782790184021 0.9293624877929687 0.17918522357940675 0.12684122721354166
3 0.4306580662727356 0.7426081551445856 0.07302062511444092 0.13554869757758248
1 0.8433090209960937 0.9179418775770399 0.16197538375854492 0.15843302408854168
1 0.6233350276947022 0.9086729261610244 0.12830095291137694 0.16494004991319444
1 0.35237865447998046 0.5327160941229926 0.05391092300415039 0.0784338633219401
1 0.430570176243782 0.7430222193400066 0.07200002074241638 0.1361228519015842
1 0.5941909790039063 0.7274230109320746 0.09841790199279785 0.1670132107204861
1 0.6028030991554261 0.472094472249349 0.051545357704162596 0.06276618109809028
0 0.4727503776550293 0.6102109697129992 0.07022113800048828 0.10922487046983508
0 0.27998807430267336 0.8168086581759982 0.10272727012634278 0.16601409912109374
0 0.398224401473999 0.5743877410888671 0.0670670747756958 0.08464652167426215
