1 0.38923075795173645 0.4853961732652452 0.05598289966583252 0.0726891835530599
1 0.41297613084316254 0.6917063819037543 0.07145956158638 0.13311055501302083
1 0.9277196884155273 0.596800782945421 0.0969879150390625 0.12248916625976562
1 0.6273716419935227 0.8244297239515517 0.05474328398704529 0.1592874738905165
3 0.5934640884399414 0.8089630550808377 0.1235649585723877 0.1651625739203559
0 0.5608492136001587 0.7510591506958008 0.022945117950439454 0.052117707994249134
0 0.4111917108297348 0.43329930835300023 0.039219170808792114 0.059568172030978736
0 0.2951756238937378 0.6910008748372396 0.07454833984375 0.13217269049750435
0 0.41123085021972655 0.6880675845675999 0.07184619903564453 0.12934527926974826
0 0.38799324035644533 0.4842569563123915 0.05637035369873047 0.07806896633572048
