1 0.7927043080329895 0.6553453763326009 0.08492376804351806 0.1433510462443034
2 0.884000825881958 0.6374772283766005 0.09842357635498047 0.18648158179389107
0 0.3510764241218567 0.48225835694207086 0.02594311237335205 0.06850406858656141
1 0.7406015992164612 0.5635402891370985 0.05988311767578125 0.10599560207790798
0 0.3727718830108643 0.5120519849989149 0.02337965965270996 0.07095820109049479
1 0.7090416640043259 0.4854564454820421 0.049332863092422484 0.08405019972059462
1 0.1324270635843277 0.6337282392713759 0.08932241797447205 0.13319049411349826
0 0.41396363973617556 0.5201533211602105 0.02629544734954834 0.07835540771484376
1 0.6507283493876457 0.3723640494876438 0.030777743458747862 0.049211978912353516
1 0.28253257274627686 0.8129426956176757 0.10829691886901856 0.1709965599907769
1 0.6797753810882569 0.6517796410454644 0.06887121200561523 0.11745571560329861
1 0.6532907336950302 0.5418570200602214 0.057457190752029416 0.09940600925021702
1 0.816703987121582 0.5482770284016927 0.0665766716003418 0.10731654696994358
0 0.4838854789733887 0.3474550114737617 0.013580775260925293 0.037958192825317386
1 0.8786375045776367 0.8295931498209635 0.11451568603515624 0.18212093777126737
1 0.7431353569030762 0.905088382297092 0.10483345985412598 0.17688717312282987
0 0.7690739274024964 0.42533861796061195 0.016517949104309083 0.04851888020833333
1 0.4355679988861084 0.6911361270480686 0.0891568422317505 0.1776505364312066
1 0.6442195728421212 0.4764092392391629 0.04392331540584564 0.07581697040134006
1 0.7824886739253998 0.4971364339192708 0.04054018259048462 0.06793221367730035
0 0.3717574954032898 0.7118289947509766 0.033236563205718994 0.10624847412109376
3 0.5723999738693237 0.36995897822909884 0.05530238151550293 0.1621401786804199
1 0.6799495577812195 0.42101897133721244 0.054110932350158694 0.09231255849202474
1 0.9540783882141113 0.7740498648749458 0.09150228500366211 0.20135163201226128
0 0.7924128472805023 0.5725884437561035 0.02621232271194458 0.06341771019829644
1 0.7267008006572724 0.4153416421678331 0.03637629747390747 0.06432134840223525
1 0.755491292476654 0.46610692342122395 0.03729057312011719 0.07274144490559896
1 0.5008192777633667 0.3130882094303767 0.020519161224365236 0.034339816702736746
3 0.7039714574813842 0.4642100440131293 0.05955815315246582 0.1382503933376736
1 0.2596323251724243 0.6385788493686252 0.08431468009948731 0.12304117414686415
1 0.6242783781141042 0.42043041653103297 0.04244850352406502 0.07043711344401042
2 0.677052128314972 0.4195233212576972 0.04359257221221924 0.08580367300245496
0 0.12595988512039186 0.5504936748080783 0.025254130363464355 0.06903447045220269
3 0.6819331049919128 0.08017985555860731 0.07349913120269776 0.16035971111721462
1 0.6113719284534455 0.36520475281609427 0.022743856906890868 0.05747497346666124
2 0.9561179995536804 0.745882617102729 0.08776400089263917 0.2468330595228407
