1 0.46307526230812074 0.7423067940606012 0.07469676733016968 0.10104781256781684
1 0.5190973520278931 0.6812419891357422 0.04533672332763672 0.055987040201822914
1 0.23147988319396973 0.8868771870930989 0.12089751958847046 0.14171973334418403
1 0.390657377243042 0.90977537367079 0.14136800765991211 0.15090077718098957
1 0.36032841962296513 0.8062085257636176 0.0786290732678026 0.09538324144151476
1 0.7193711906671524 0.7162207285563151 0.06103522181510925 0.0775663587782118
3 0.3575196981430054 0.43550402323404946 0.07947754859924316 0.2284884982638889
1 0.6062017917633057 0.7608631134033204 0.07842488288879394 0.09276368882921007
2 0.6056861996650695 0.6738263024224176 0.06530272960662842 0.12093607584635417
3 0.6041956543922424 0.6686914338005914 0.0634235143661499 0.10438942379421658
0 0.944449245929718 0.2746533817715115 0.01837341785430908 0.04688006507025825
1 0.7111188530921936 0.6464368290371365 0.03945074081420898 0.05421793195936415
0 0.24369912147521972 0.4828797870212131 0.01842489242553711 0.03851670159233941
3 0.3931822467595339 0.9039904488457574 0.14066144451498985 0.18511348300509983
2 0.39301395853981375 0.9032521141899956 0.14151507932692767 0.18462693956163195
