1 0.31684958934783936 0.6101841714647082 0.06729369163513184 0.1107829835679796
1 0.44228274524211886 0.5105580435858832 0.05689840912818909 0.08274252149793837
1 0.8342356979846954 0.5904011620415581 0.09531596899032593 0.14261508517795138
1 0.6149454951286316 0.49937900967068144 0.05832946300506592 0.07531373765733507
1 0.4440145939588547 0.7477272669474284 0.08366497159004212 0.150951173570421
0 0.31917619705200195 0.6148946126302083 0.06595408916473389 0.11081089443630643
1 0.7498937994241714 0.5280588997734917 0.10081755518913268 0.11873029073079427
1 0.29229503870010376 0.7201770252651638 0.08616931438446045 0.17052029503716362
0 0.38168220669031144 0.436260191599528 0.02970874011516571 0.057281706068250865
3 0.36729570627212527 0.6131895065307618 0.06296823024749756 0.18248914082845052
