1 0.6938867479562759 0.5710161315070258 0.0726726233959198 0.10333822038438585
3 0.24464697241783143 0.8931234995524089 0.13578392267227174 0.20958675808376737
1 0.9625740289688111 0.7105080286661783 0.07362823486328125 0.12498139275444878
1 0.5157676219940186 0.6917781829833984 0.0956873893737793 0.1554457770453559
1 0.8618501901626587 0.7032994376288519 0.1080817699432373 0.13587370978461372
0 0.38124675750732423 0.6578448401557074 0.0668386697769165 0.13488082885742186
0 0.6953284263610839 0.5701588948567708 0.07639136314392089 0.1088783688015408
1 0.2406005620956421 0.8956254747178819 0.1379228115081787 0.19499215020073785
1 0.6410447359085083 0.6678587171766494 0.09693198204040528 0.14441587660047744
1 0.32004127502441404 0.4838567097981771 0.045989990234375 0.07105615403917101
1 0.9193548917770386 0.593032423655192 0.09235458374023438 0.10491093529595269
1 0.37359033823013305 0.6469583299424914 0.052819323539733884 0.12369647555881076
