1 0.6683233261108399 0.5287262386745877 0.10397834777832031 0.17444246080186632
1 0.7181681156158447 0.44093557993570964 0.09866144657135009 0.14139849344889324
1 0.4572742521762848 0.20562673144870333 0.046727001667022705 0.07285658518473308
1 0.6094722151756287 0.42113735410902237 0.1092613935470581 0.19715807172987196
2 0.7085802763700485 0.32980348534054227 0.06637986302375794 0.08182919290330674
1 0.4293293565511703 0.11714555422465006 0.03564465641975403 0.05224943161010742
1 0.6344452857971191 0.2606774648030599 0.06598801612854004 0.09735022650824653
1 0.8053437232971191 0.5537482367621528 0.11684594154357911 0.1841098361545139
1 0.15666599273681642 0.48956269158257376 0.1174050211906433 0.1708324008517795
1 0.5387640237808228 0.23933963775634765 0.05235204696655273 0.09126353793674045
1 0.6690823554992675 0.3664858261744181 0.06174898147583008 0.11027152273390028
1 0.5038151502609253 0.2742363505893283 0.0647740364074707 0.12149766286214193
1 0.41664340198040006 0.16056968371073405 0.04052625298500061 0.06733537250094944
1 0.47438790202140807 0.1613263765970866 0.03935283422470093 0.06013948652479384
2 0.9337826490402221 0.5363691965738933 0.13243470191955567 0.2943522135416667
1 0.27612130641937255 0.6354909261067708 0.19807134866714476 0.22019521925184463
2 0.6122656345367432 0.42591546376546224 0.09779338836669922 0.1883827633327908
2 0.7971028745174408 0.4110979013972812 0.10176187753677368 0.1798927863438924
0 0.9785799980163574 0.7141065809461805 0.042840003967285156 0.16231714884440104
3 0.235196852684021 0.06115180253982544 0.02710857391357422 0.05725391970740424
1 0.9360123634338379 0.540015623304579 0.1279752731323242 0.20786480373806424
2 0.6689868852496147 0.3672259012858073 0.0596090704202652 0.1029865476820204
0 0.9200969696044922 0.7265418158637152 0.06810226440429687 0.18992377387152778
1 0.03491685688495636 0.5582371181911893 0.06983371376991272 0.1760968526204427
2 0.6468596033286304 0.21248630947536892 0.09186874786391855 0.1868905809190538
2 0.6794794917106628 0.4778012752532959 0.0804711103439331 0.2746974203321669
3 0.6078099489212037 0.42474996911154855 0.10066766738891601 0.18765911261240642
1 0.695880675315857 0.31093587875366213 0.04886364936828613 0.13615826500786676
3 0.20218294262886047 0.02843050023333894 0.0441057562828064 0.05560630969703197
0 0.21942853927612305 0.7782192654079861 0.06342201232910157 0.17243313259548612
