1 0.2733582615852356 0.5690167744954427 0.06118428707122803 0.10201534695095486
3 0.2672766804695129 0.8890627119276259 0.1300426244735718 0.21841744316948786
1 0.5088629603385926 0.45325842963324653 0.05026333332061768 0.06714960734049479
1 0.45571470260620117 0.5893174277411567 0.060486578941345216 0.08316061231825086
1 0.3897790312767029 0.616998291015625 0.059140777587890624 0.10511177910698785
0 0.2738115072250366 0.5704777611626519 0.06356220245361328 0.10442411634657119
1 0.5762346744537353 0.4390984217325846 0.05100493431091309 0.06951933966742621
1 0.6792626559734345 0.5686484230889215 0.078296959400177 0.11706644694010417
0 0.37616223096847534 0.6236153072781033 0.030985331535339354 0.08991589016384549
1 0.27125704288482666 0.6492945883009169 0.06248779296875 0.11532370249430339
1 0.26846339702606203 0.8762314690483941 0.14126611948013307 0.20423227945963543
