1 0.634089982509613 0.7422046025594076 0.075057053565979 0.07951155768500434
1 0.54261554479599 0.7405925114949544 0.06936085224151611 0.07695935567220052
1 0.43402730822563174 0.7545664469401042 0.06706820726394654 0.08596911960177951
1 0.5084026157855988 0.6873685201009114 0.0471579909324646 0.048222859700520836
1 0.5551944732666015 0.9004759046766493 0.12059478759765625 0.1336721632215712
1 0.23758916854858397 0.7879653930664062 0.15667898654937745 0.18601099650065103
1 0.07648395299911499 0.8477676391601563 0.108337664604187 0.11208131578233507
1 0.7326538562774658 0.6044322755601671 0.028046321868896485 0.04085104200575087
1 0.1685492992401123 0.9001983642578125 0.12453371286392212 0.13075976901584202
0 0.7152584671974183 0.6386316935221354 0.010108065605163575 0.04234110514322917
0 0.24427224397659303 0.4817706002129449 0.018124079704284667 0.039840147230360244
0 0.5932580709457398 0.6457304848564995 0.02781085968017578 0.03771383497450087
3 0.35716447830200193 0.4187228838602702 0.07918591499328613 0.24828183915879992
1 0.6282242417335511 0.8146108839246962 0.05644848346710205 0.10537245008680556
1 0.5125644743442536 0.43458760579427086 0.05925801992416382 0.08639619615342882
0 0.9441943645477295 0.2761484464009603 0.017902326583862305 0.04100856781005859
0 0.9727989196777344 0.1602714326646593 0.05440216064453125 0.14297168519761827
