1 0.5886463046073913 0.4997526168823242 0.07842729091644288 0.10649180942111545
1 0.5459660470485688 0.5867051654391818 0.07297989130020141 0.10752449035644532
1 0.6819478034973144 0.46549735599093967 0.06811623573303223 0.08633884853786893
1 0.24315074682235718 0.5111450619167752 0.05420463085174561 0.09393030802408854
1 0.853672468662262 0.681800725724962 0.11540491580963134 0.15776602427164713
1 0.4796933591365814 0.4218302461836073 0.06725362539291382 0.08733945422702366
1 0.2990205526351929 0.46924461788601346 0.04540300369262695 0.05615577697753906
1 0.29428011178970337 0.7050856484307183 0.07824137210845947 0.16988597446017795
3 0.2918960452079773 0.6968448215060764 0.07663557529449463 0.18602532280815973
1 0.5663016438484192 0.7557159847683377 0.09484302997589111 0.15933032565646701
0 0.5296692311763763 0.5887259165445964 0.042730867862701416 0.09431614345974393
0 0.24608640670776366 0.5091090732150607 0.05899753570556641 0.09873873392740885
0 0.6144663736224174 0.5094345304701063 0.0289327472448349 0.09404224819607204
