1 0.5790171146392822 0.3337946189774407 0.03201980590820312 0.04437731901804606
1 0.11313299536705017 0.6890709665086534 0.08881093263626098 0.13100766075981987
1 0.42547652423381804 0.5129297892252604 0.05249713063240051 0.08530921936035156
1 0.23461607694625855 0.5647833082411025 0.06695806980133057 0.10336299472384983
1 0.1891467571258545 0.35916200743781196 0.027249956130981447 0.041160064273410374
1 0.4499044120311737 0.435286193423801 0.040581691265106204 0.06866088443332248
0 0.707429838180542 0.5343857765197754 0.027553725242614745 0.07890652550591362
0 0.42569508254528043 0.34599075582292343 0.013029557466506959 0.03802360428704156
1 0.4621821165084839 0.34219352139367 0.024067902565002443 0.040544716517130534
1 0.6293980531394482 0.43657492531670467 0.05378288179636002 0.08582693735758463
1 0.13369642198085785 0.5852120611402724 0.07208502888679505 0.10360351138644748
1 0.3427307724952698 0.5213984383477105 0.059493517875671385 0.09861662122938368
0 0.9491926193237304 0.8416147867838542 0.051430892944335935 0.14151636759440103
1 0.379693865776062 0.5534175025092231 0.04061226844787598 0.11988033718532987
0 0.437821751832962 0.35812570254007975 0.013625609874725341 0.0411022080315484
1 0.252028214931488 0.3401661038398743 0.02829611301422119 0.03722000916798909
1 0.3629395589232445 0.38732967111799455 0.033362928032875064 0.05415215492248535
1 0.4097090601921082 0.32276424898041617 0.021970343589782716 0.03626877334382799
0 0.8165325820446014 0.6767043855455187 0.036949312686920165 0.10451554192437065
1 0.3992908030748367 0.40626886420779756 0.039972740411758426 0.06704467667473687
1 0.5913339138031006 0.4816665808359782 0.05077347755432129 0.0947178840637207
1 0.4491143345832825 0.3046286715401543 0.021171426773071288 0.031479565302530925
3 0.2670180320739746 0.3947031259536743 0.0416229248046875 0.09608109262254504
0 0.9036322593688965 0.7068835788302952 0.04165973663330078 0.11066898769802518
1 0.3643165498971939 0.4654352135128445 0.047266000509262086 0.07246162626478407
2 0.638196462392807 0.3396696392032835 0.04318698644638062 0.08963771727350023
2 0.3572853595018387 0.865022807651096 0.07394571900367737 0.26995438469780814
3 0.638838243484497 0.3406493806176715 0.04673986434936524 0.08768009940783182
1 0.24077423810958862 0.7781450059678819 0.10445821285247803 0.17649943033854168
3 0.6478314280509949 0.07761548360188802 0.13766958713531494 0.15523096720377605
3 0.295682430267334 0.8489252726236979 0.2048039674758911 0.24937362670898439
3 0.5118840634822845 0.35700713793436684 0.0516884446144104 0.13623649809095595
0 0.5434824228286743 0.697595723470052 0.013616037368774415 0.051339975992838544
