1 0.4208300530910492 0.763253911336263 0.08319352865219116 0.15115441216362846
1 0.622228467464447 0.662477684020996 0.08401305675506592 0.09726685418023004
1 0.28548208475112913 0.6752163039313422 0.06473948955535888 0.12085831960042318
1 0.633375721797347 0.5462824291653103 0.06179865673184395 0.0813095940483941
0 0.39683750569820403 0.7799591064453125 0.034365671873092654 0.08287913004557292
1 0.5795616269111633 0.4558787663777669 0.05865976810455322 0.06842231750488281
1 0.47411864399909975 0.5318756103515625 0.05680171251296997 0.07907562255859375
1 0.493110591173172 0.47329932318793405 0.05084096193313599 0.0658093770345052
1 0.5788676261901855 0.8411597781711154 0.11636104583740234 0.18416324191623265
1 0.3749721050262451 0.5861037360297309 0.04915771484375 0.0900252448187934
3 0.5764827609062195 0.8434148364596896 0.1160820722579956 0.17798152499728734
0 0.4924889087677002 0.4742829216851128 0.057279777526855466 0.08061103820800782
0 0.36102282628417015 0.4281418270534939 0.040187878906726836 0.06608814663357204
1 0.37918035984039306 0.5207135518391927 0.04007034301757813 0.07527398003472222
0 0.2842592239379883 0.6701816558837891 0.07638158798217773 0.12356864081488715
