1 0.66765296459198 0.5275336583455403 0.10531907081604004 0.1688301510281033
1 0.5129610538482666 0.15000875261094834 0.04229049682617188 0.06781539916992188
1 0.7173293381929398 0.4591487036810981 0.09001428484916688 0.13864076402452258
3 0.19613615274429322 0.0852203196949429 0.047735190391540526 0.09739936457739937
1 0.6131309628486633 0.4242333836025662 0.11107451915740967 0.19119658999972874
1 0.44884824752807617 0.13624402681986492 0.03739798069000244 0.0581894662645128
3 0.23526443243026735 0.18158003489176433 0.05103256702423096 0.09889437357584635
1 0.5937314510345459 0.21934720675150554 0.05258955955505371 0.09052214092678494
0 0.8979385375976563 0.6119472927517361 0.06300249099731445 0.15362976921929253
0 0.8078462600708007 0.5826517740885416 0.05897412300109863 0.1560268825954861
1 0.6787019610404968 0.3082050217522515 0.08143799304962158 0.1407242880927192
1 0.048581899236887695 0.5233273718092176 0.09393230471760035 0.1420989778306749
1 0.02492491602897644 0.2475597381591797 0.04984983205795288 0.09970726437038846
3 0.6092592716217041 0.4052314864264594 0.11361923217773437 0.23268519507514107
2 0.8837184071540832 0.4765514638688829 0.1492518186569214 0.22004533343844943
1 0.9073537826538086 0.4988041771782769 0.1652806282043457 0.22309231228298612
1 0.07078771591186524 0.37933057149251304 0.09113693237304688 0.14260603586832682
2 0.6790623277425766 0.30666176478068036 0.08251414895057678 0.1367704815334744
1 0.01245412826538086 0.13416373464796277 0.02490825653076172 0.058308018578423396
3 0.41021444499492643 0.13881244659423828 0.04208138585090637 0.07888005574544271
1 0.2716120004653931 0.09406886100769044 0.032644796371459964 0.0531460338168674
1 0.614664091274608 0.32704349416825507 0.028991147666238247 0.07200891060961617
1 0.5890929222106933 0.2992979685465495 0.0912062644958496 0.16357718573676217
3 0.2717739224433899 0.09441893100738526 0.031447196006774904 0.05114932060241699
1 0.8798195838928222 0.9755038155449761 0.044482421875 0.04899236891004774
0 0.8357802391052246 0.52830810546875 0.053071784973144534 0.1318370819091797
