1 0.5558612704277038 0.695087644788954 0.04281661510467529 0.05189921061197917
1 0.3626328229904175 0.9318917168511285 0.13704438209533693 0.1304488288031684
3 0.3571556806564331 0.4356665081448025 0.07964692115783692 0.2176338619656033
1 0.6970822095870972 0.6596115854051378 0.04350123405456543 0.057703929477267796
0 0.9333925485610962 0.34631133609347875 0.028265380859375 0.046102354261610246
1 0.6233300195541233 0.6516753090752496 0.04462060006335378 0.0792960696750217
3 0.33732675313949584 0.8698541853162978 0.12412497997283936 0.248759036593967
2 0.1372542828321457 0.7582463794284396 0.13213139176368713 0.23855417039659288
0 0.6272482991218566 0.6502822346157497 0.038985800743103025 0.05646322038438585
0 0.024746641516685486 0.9158725314670139 0.04949328303337097 0.14883219401041667
