1 0.8624552249908447 0.7008106019761827 0.1103123664855957 0.1458475324842665
3 0.6522324204444885 0.9008309258355035 0.13616015911102294 0.19398167928059895
0 0.6140807747840882 0.8717536714341906 0.03710286617279053 0.09401495191786025
1 0.8518802762031555 0.6089701122707791 0.08470742702484131 0.11438170539008247
0 0.8516988754272461 0.6164865281846789 0.07957048416137695 0.09908921983506945
1 0.6618556499481201 0.9036870320638021 0.15054864883422853 0.1834991455078125
1 0.3709356069564819 0.5758056216769748 0.05812878608703613 0.10596771240234375
0 0.47714648246765134 0.44357976913452146 0.035028839111328126 0.04935927920871311
0 0.2891676902770996 0.5971719529893663 0.06016795635223389 0.09986775716145833
1 0.41743030548095705 0.7155485365125868 0.07992434501647949 0.13960613674587674
1 0.3722232222557068 0.5059400028652615 0.046607470512390135 0.07102065616183811
1 0.6931809306144714 0.7830911212497287 0.12018108367919922 0.18880026075575088
