1 0.4972055494785309 0.6803357548183865 0.08098925352096557 0.14140139685736763
1 0.2769302487373352 0.5821114857991536 0.05838043689727783 0.10868945651584201
1 0.6005404233932495 0.8155916213989258 0.1063697338104248 0.1670360565185547
0 0.27650697231292726 0.5877525329589843 0.054895544052124025 0.09300265842013888
0 0.38759000301361085 0.6502523634168836 0.06454167366027833 0.09709099663628472
0 0.4177516847848892 0.43651727040608723 0.03766888976097107 0.06034808688693576
1 0.2679351091384888 0.5172298855251736 0.1501402735710144 0.13372374640570747
0 0.6016566276550293 0.8172146267361111 0.10877251625061035 0.18014789157443575
1 0.3885060340166092 0.6427888022528754 0.05924517512321472 0.0999487559000651
3 0.6009190559387207 0.8183311886257596 0.10521750450134278 0.1687527126736111
0 0.29529736042022703 0.6945007960001628 0.025039482116699218 0.06735462612575954
0 0.4964155673980713 0.6747164408365885 0.08109216690063477 0.130584716796875
1 0.525795578956604 0.5716694937811957 0.06147823333740234 0.09009081522623698
1 0.3415623426437378 0.5346812354193793 0.047222137451171875 0.08396873474121094
1 0.6870786190032959 0.4872456497616238 0.06344759464263916 0.07797100279066298
