1 0.7215870201587677 0.7395708825853136 0.09511607885360718 0.19610924190945095
1 0.6447610445320606 0.49439747598436146 0.05115688890218735 0.10161803563435873
1 0.7507805466651917 0.5635927836100261 0.061083436012268066 0.10194803873697916
0 0.4201113998889923 0.4618176142374674 0.023704230785369873 0.06576936509874132
1 0.47982999086380007 0.3584125995635986 0.026571273803710938 0.045972347259521484
1 0.6758496537804604 0.6213590621948242 0.06430430114269256 0.12041214836968316
1 0.7935149729251861 0.6459427621629503 0.07875431776046753 0.1383965598212348
1 0.7510403752326965 0.4675697538587782 0.04587523937225342 0.07140769958496093
1 0.64238211363554 0.35505624612172443 0.02650538980960846 0.04523017141554091
2 0.8213327169418335 0.5499230914645725 0.09438109397888184 0.15976829528808595
1 0.7206668525934219 0.5212965117560493 0.047500938177108765 0.09417201148139107
1 0.6633096292614937 0.38921215269300674 0.02709321677684784 0.04875729878743489
1 0.863738477230072 0.6293382856580946 0.06337382793426513 0.12107357449001736
1 0.2808549165725708 0.42217082447475857 0.04030752182006836 0.06066297954983181
1 0.9209819793701172 0.7102378845214844 0.09582405090332032 0.14447157118055556
0 0.7963770568370819 0.3927365197075738 0.02200237512588501 0.042183939615885416
1 0.8305389285087585 0.7402896457248264 0.09384348392486572 0.15347578260633682
1 0.6606383293867111 0.5596001625061036 0.055356341600418094 0.08779332902696398
1 0.9723751425743103 0.8495257059733073 0.055249714851379396 0.16840667724609376
3 0.5702106356620789 0.370579899681939 0.05683410167694092 0.16338202158610027
2 0.8641963243484497 0.6288147714402941 0.06790690422058106 0.12222766876220703
1 0.7155762135982513 0.4067732916937934 0.03425501585006714 0.05772323608398437
3 0.6980811715126037 0.729121102227105 0.04446265697479248 0.21753963894314235
3 0.6803830146789551 0.08134830262925889 0.07638969421386718 0.16269660525851778
0 0.17578475475311278 0.7931772020128038 0.05000467300415039 0.131646728515625
1 0.6298302128911019 0.44806221856011286 0.03385269939899445 0.06315333048502604
2 0.9229794025421143 0.6857123374938965 0.1031959056854248 0.19785972171359592
3 0.6951261520385742 0.46106115976969403 0.04918293952941895 0.17336624993218316
0 0.7196269154548645 0.3713553958468967 0.012120437622070313 0.03336724175347222
1 0.697033965587616 0.4639560487535265 0.045835328102111814 0.17802408006456164
1 0.6215563027188182 0.38811004161834717 0.03555474914610386 0.058245515823364256
2 0.6784070134162903 0.422720299826728 0.042334699630737306 0.07949241002400716
