1 0.13269577622413636 0.5334081755744087 0.05868808031082153 0.08837863074408638
1 0.7378271818161011 0.6678504943847656 0.08204884529113769 0.13481428358289932
1 0.6580350920557976 0.49517551528082954 0.05411882698535919 0.08898912005954318
1 0.69680814743042 0.5747515784369575 0.06337077617645263 0.10972133212619357
1 0.1735803723335266 0.4317598289913601 0.04184346199035645 0.061994944678412545
1 0.20199840068817138 0.3573026763068305 0.02732539176940918 0.03989632924397787
1 0.4157540321350098 0.5338847902086046 0.05755341053009033 0.09483074612087673
1 0.7309676945209503 0.3880178425047133 0.04577993154525757 0.06589063538445367
1 0.6509246051311492 0.33401602970229255 0.028189146518707277 0.04841755098766751
1 0.30940444469451905 0.5987276713053385 0.07553763389587402 0.1160893334282769
0 0.19620293378829956 0.3850444793701172 0.013377976417541505 0.04286973741319444
1 0.3462840437889099 0.5141222318013509 0.05351269245147705 0.0844381332397461
0 0.6482054710388183 0.6179445902506511 0.03322892189025879 0.0980847676595052
1 0.46948627233505247 0.3181525700622135 0.02148706912994385 0.03473827706442939
0 0.11150238513946534 0.4840927653842502 0.019350361824035645 0.053646829393174916
1 0.4565908253192902 0.3834947268168131 0.03428906202316284 0.06024581061469184
1 0.3418429732322693 0.41895718574523927 0.03987529277801514 0.06571535534328884
1 0.22978287935256958 0.3270040088229709 0.03233444690704346 0.03624479505750868
1 0.26155022382736204 0.3677259233262804 0.03530995845794678 0.05672022501627604
1 0.6738240718841553 0.755794186062283 0.10067291259765625 0.15548214382595485
1 0.44419150352478026 0.4606402503119575 0.05096616744995117 0.07153006659613716
0 0.46593697667121886 0.4057130760616726 0.015971529483795165 0.050356049007839625
1 0.02800682783126831 0.6557346132066515 0.05601365566253662 0.10545412699381511
1 0.4021366864442825 0.4010775619082981 0.035917085409164426 0.0629164907667372
1 0.231917142868042 0.7567075941297743 0.09876086711883544 0.1550982157389323
1 0.5823227524757385 0.32944968541463215 0.024885153770446776 0.03574407365587023
1 0.4122229337692261 0.6302716573079427 0.06809377670288086 0.11899363199869792
1 0.17875274419784545 0.6501167721218533 0.07939598560333253 0.10918757120768229
1 0.31943397521972655 0.8987150404188368 0.10539226531982422 0.1550872802734375
1 0.16700260043144227 0.33800693088107636 0.03154968023300171 0.03774278428819444
3 0.42238754630088804 0.3542417029539744 0.04955114126205444 0.10924410687552558
0 0.180184268951416 0.6476843516031902 0.07705336809158325 0.10909093221028646
0 0.028579214215278627 0.6548455132378472 0.05565823912620545 0.10708096822102865
3 0.6418267965316773 0.07666205830302918 0.15332274436950682 0.15318237939952975
3 0.5082008421421051 0.3589805603027344 0.04850615262985229 0.14018334282769096
0 0.542831540107727 0.6918130238850911 0.013746023178100586 0.03859617445203993
3 0.32103883028030394 0.9068184322781033 0.10147807598114014 0.16646448771158853
