1 0.2521589994430542 0.4809177027808295 0.05203390121459961 0.08236926396687826
1 0.7265154093503952 0.5196113745371501 0.06013026833534241 0.1088231086730957
1 0.8754510045051574 0.6317776150173611 0.085693621635437 0.1499283684624566
0 0.2307758927345276 0.43495217429267036 0.017168927192687988 0.04980799357096354
1 0.8775765419006347 0.831697760687934 0.12317638397216797 0.19703462388780382
1 0.6545577839016914 0.5176496611701118 0.054043492674827574 0.09896492428249783
0 0.4667896628379822 0.3927318493525187 0.017334747314453124 0.0526719782087538
0 0.4284558713436127 0.40015729268391925 0.02062433958053589 0.054733530680338545
1 0.656689302623272 0.38062207963731554 0.02668692171573639 0.04859911600748698
1 0.7835676550865174 0.665102301703559 0.08039939403533936 0.1385776095920139
1 0.4885000228881836 0.4857907189263238 0.06075363159179688 0.09782825046115451
1 0.6760192036628723 0.41793602307637534 0.05059220790863037 0.09919477038913303
1 0.633746987581253 0.4620655801561144 0.041840195655822754 0.0807095209757487
0 0.6876800775527954 0.34236994319491915 0.013900291919708253 0.03716374503241645
1 0.16156205534934998 0.7541786193847656 0.11132203340530396 0.1605267842610677
1 0.685822582244873 0.6993233574761285 0.0811678409576416 0.1494388156467014
1 0.7999445915222168 0.5166920132107204 0.05568904876708984 0.08208868238661024
1 0.3746340751647949 0.5963084962632921 0.050731849670410153 0.10963969760470921
0 0.16959903836250306 0.6704406526353625 0.03504313230514526 0.0813409169514974
1 0.637772798538208 0.3250411907831828 0.025241804122924805 0.0413798279232449
1 0.6997568130493164 0.4606251875559489 0.039669132232666014 0.10923910140991211
1 0.7271030008792877 0.4162853823767768 0.0395142674446106 0.06414202584160698
0 0.7869166374206543 0.7459676106770833 0.042798614501953124 0.11254649692111546
1 0.7519228458404541 0.92850341796875 0.1145472526550293 0.1429931640625
1 0.3400364637374878 0.647845819261339 0.07732996940612794 0.12154350280761719
1 0.7611300468444824 0.479606204562717 0.04151482582092285 0.06463690863715278
1 0.619566011428833 0.3906645324495104 0.03524332046508789 0.07199936442905003
1 0.1516883909702301 0.5186416943868001 0.05391775369644165 0.08044668833414713
3 0.5717068552970886 0.3697278446621365 0.05016801357269287 0.16167791154649522
2 0.6772667199373246 0.4202834341261122 0.04361369013786316 0.09003022511800131
0 0.7130551934242249 0.39956734975179037 0.014514613151550292 0.043580924140082467
3 0.8827536225318908 0.8280718273586697 0.13141582012176514 0.2108117421468099
1 0.19411184787750244 0.9462089538574219 0.12058744430541993 0.10259755452473958
2 0.9701618075370788 0.8194483439127604 0.05844905376434326 0.254463619656033
1 0.394581937789917 0.4590115017361111 0.0517852783203125 0.0741050296359592
3 0.6813664913177491 0.08062602149115669 0.07497701644897461 0.16125204298231338
1 0.38132994174957274 0.8052355024549697 0.03734011650085449 0.1676050821940104
1 0.9725929260253906 0.7892535739474826 0.05481414794921875 0.1744856940375434
