1 0.4334545820951462 0.17771102057562935 0.04371345639228821 0.07082820468478733
1 0.49857603311538695 0.19731613794962566 0.049581074714660646 0.07428158654106988
1 0.6250778913497925 0.3360751628875732 0.07013335227966308 0.0943725479973687
1 0.4615395426750183 0.22785089280870224 0.05245039463043213 0.08991351657443576
1 0.6158241391181946 0.4266577773623996 0.08286702632904053 0.13372986051771377
1 0.8429994583129883 0.43846893310546875 0.10717954635620117 0.17463785807291668
1 0.5515362620353699 0.24815010494656034 0.05385315418243408 0.0889799329969618
1 0.5205554604530335 0.28797082901000975 0.0587174654006958 0.09684823354085287
0 0.1881595015525818 0.4267623477511936 0.04678566455841064 0.11768095228407117
0 0.2765017509460449 0.3166958279079861 0.03689556121826172 0.0933185789320204
1 0.41295852065086364 0.1493196964263916 0.037891829013824464 0.06468165715535482
0 0.2002134680747986 0.30549983315997653 0.01767122745513916 0.033221888542175296
2 0.7222892791032791 0.33405592176649307 0.07924205660820008 0.14604068332248263
3 0.2659394979476929 0.7509905073377822 0.1127159595489502 0.22626953125
1 0.5524038076400757 0.3454581684536404 0.07689046859741211 0.1390442106458876
1 0.42569285333156587 0.1077989207373725 0.028914767503738403 0.0490367783440484
0 0.2008797287940979 0.22216454611884223 0.024659371376037596 0.06368075476752387
0 0.8750496625900268 0.9360382715861003 0.02387552261352539 0.06617461310492621
1 0.2709200859069824 0.7628297593858507 0.13435802459716797 0.25863109164767795
2 0.7123176574707031 0.5711106194390191 0.14989714622497557 0.24748263888888888
2 0.8433770835399628 0.44078454706403947 0.09723268747329712 0.15101109080844455
1 0.7356915205717087 0.443015013800727 0.10576289296150207 0.15402225918240017
3 0.06350124664604664 0.5368384891086154 0.10404563769698143 0.2271714104546441
1 0.7238959312438965 0.33987979888916015 0.0858917236328125 0.13079422844780816
1 0.10725038051605225 0.2828759087456597 0.06632691025733947 0.10875176323784722
1 0.6846297264099122 0.5413206736246745 0.07136554718017578 0.16979971991644965
1 0.031107592582702636 0.25256099700927737 0.062103641033172605 0.12201978895399306
2 0.9363877058029175 0.5182768927680121 0.12505044937133789 0.21374477810329862
3 0.682119357585907 0.5722350862291125 0.07638628482818603 0.24890446133083768
1 0.9276055812835693 0.8954635196261935 0.14478883743286133 0.20907296074761283
1 0.06504164338111877 0.5535836961534288 0.12057622671127319 0.2593600802951389
2 0.6304122626781463 0.32786248524983724 0.06082452535629272 0.11684599982367622
1 0.014455197751522065 0.21127790874905056 0.02891039550304413 0.0706012937757704
3 0.965585720539093 0.9051147249009874 0.06882855892181397 0.15725127326117622
0 0.4257533073425293 0.11046861012776693 0.03430705070495606 0.05559497939215766
