1 0.5917436361312867 0.39314552942911785 0.09441418647766113 0.17821835411919487
1 0.6704204559326172 0.535100809733073 0.11694564819335937 0.1695651584201389
0 0.6868991732597352 0.33254161410861544 0.028220629692077635 0.09131130642361111
1 0.4933754801750183 0.19891507360670302 0.04578094482421875 0.07694177627563477
1 0.5343132019042969 0.30643910302056204 0.06414170265197754 0.10819892883300782
1 0.5538625121116638 0.1923522260453966 0.05190684795379639 0.0949119249979655
1 0.3173899412155151 0.24622118208143445 0.06420540809631348 0.08853297763400608
0 0.6974932670593261 0.4354176839192708 0.04291863441467285 0.11395365397135417
0 0.7220162868499755 0.37362077501085067 0.03452863693237305 0.09518805609809028
0 0.787709093093872 0.4793151007758247 0.050896739959716795 0.14917399088541666
3 0.174018931388855 0.15355598661634656 0.0946764588356018 0.2105330361260308
1 0.8705652236938477 0.48063023885091144 0.11139764785766601 0.17521002027723526
3 0.25928971767425535 0.40934121873643664 0.09755954742431641 0.18681301540798612
1 0.6018579006195068 0.3094006750318739 0.06407928466796875 0.10357049306233725
1 0.03066039285622537 0.2862587398952908 0.05989377098158002 0.12246517605251736
1 0.1907191514968872 0.5967244466145833 0.172560977935791 0.20854199727376302
2 0.8723710298538208 0.45445819165971546 0.12327489852905274 0.21647682719760472
0 0.6869210481643677 0.3059897564144598 0.015373766422271729 0.03338185768160555
1 0.39918496608734133 0.08123230934143066 0.027183711528778076 0.04464315838283962
1 0.5143807232379913 0.10877035193973117 0.03947986364364624 0.0554252995385064
2 0.591727352142334 0.3953709920247396 0.10287537574768066 0.177095095316569
1 0.4783304691314697 0.15700062645806206 0.044315242767333986 0.07192391289605035
1 0.7672972679138184 0.7887168036566841 0.32726421356201174 0.31348949008517796
3 0.626825550198555 0.0554146236843533 0.053651100397109984 0.1108292473687066
3 0.5896605014801025 0.3853279113769531 0.09129161834716797 0.19287804497612848
