1 0.45369858741760255 0.41514488326178656 0.03542435169219971 0.06081823772854275
1 0.15069153308868408 0.624053849114312 0.06614563465118409 0.10179557800292968
1 0.1756934940814972 0.5336431291368272 0.0576252818107605 0.08136791653103298
1 0.26088082790374756 0.5246945275200738 0.0579585075378418 0.0853995853000217
1 0.43103245496749876 0.483371639251709 0.049921393394470215 0.08018915388319227
1 0.6386864490807056 0.46108193397521974 0.05046260207891464 0.09156688054402669
1 0.46424253582954406 0.331116349167294 0.023025715351104738 0.03838656478457981
1 0.17345642447471618 0.3485177675882975 0.028931581974029542 0.03638943566216363
1 0.3873236060142517 0.5273749775356716 0.04994977712631225 0.08799584706624348
1 0.40330168008804324 0.39402018388112386 0.03275887966156006 0.05341318448384603
1 0.41979874670505524 0.37146421273549396 0.027026885747909547 0.04227154519822862
1 0.4154267430305481 0.313347398241361 0.019711112976074217 0.03371960255834791
1 0.3741626888513565 0.3701026519139608 0.030094653367996216 0.04980461862352159
1 0.609867262840271 0.550027953253852 0.06402101516723632 0.11144833034939236
0 0.4306733846664429 0.33342952728271485 0.01185915470123291 0.03416915469699436
0 0.7401311576366425 0.5904272291395399 0.030806076526641846 0.08777923583984375
1 0.3619714334607124 0.48559318118625217 0.05578636825084686 0.0830595228407118
3 0.27439353466033933 0.37769156826866995 0.03658761978149414 0.0928043736351861
0 0.44135268330574035 0.34558703899383547 0.011509859561920166 0.0348606374528673
0 0.8859865188598632 0.7968416849772135 0.05124845504760742 0.12478620741102431
1 0.37744704335927964 0.44048843913608127 0.04265173971652984 0.06466008292304146
0 0.41626549065113067 0.34416102833218043 0.012184089422225952 0.02772761450873481
2 0.646876622736454 0.3485905690325631 0.050355109572410586 0.09840091268221537
3 0.26636970043182373 0.8238045586480035 0.29824376106262207 0.3284804873996311
1 0.5851797103881836 0.3400843726264106 0.02886476516723633 0.04169133504231771
1 0.27942862510681155 0.6944176250033909 0.08661775588989258 0.15012696584065754
2 0.37042505741119386 0.8257056554158528 0.10022511482238769 0.3485886891682943
1 0.22516790628433228 0.3286873075697157 0.03134839534759522 0.035879728529188366
1 0.5505387425422669 0.34465894169277617 0.025001025199890135 0.04243080351087782
1 0.57265545129776 0.30568740632798935 0.023734736442565917 0.028043895297580296
1 0.14932977557182311 0.9244016435411241 0.09701088666915894 0.15119671291775175
3 0.6473300024867058 0.3489821086327235 0.05182744562625885 0.0991339213318295
3 0.6436028238385916 0.08336120893557866 0.08480355814099312 0.16335960659715865
3 0.49261043667793275 0.5826032161712646 0.12536972761154175 0.3323280864291721
