2 0.7313413679599762 0.34461449782053627 0.07028027772903442 0.09635299576653375
1 0.6134351253509521 0.4300692876180013 0.11015362739562988 0.19874237908257378
1 0.7507556527853012 0.4748606999715169 0.10863330960273743 0.1545482635498047
1 0.6779374599456787 0.38497882419162327 0.08209199905395508 0.12780910068088108
1 0.47405259013175965 0.23155943552652994 0.05195883512496948 0.08346138000488282
1 0.6851778984069824 0.5524667527940538 0.12027153968811036 0.18188023037380643
1 0.5648927927017212 0.26727097829182944 0.058336305618286136 0.09848543802897135
2 0.6131009578704834 0.4262126975589328 0.09980072975158691 0.18778147167629666
1 0.874843692779541 0.6385356903076171 0.13539714813232423 0.20508939954969618
1 0.4278309941291809 0.18027580579121907 0.04357786178588867 0.07034828397962782
1 0.5257432579994201 0.30685781902737086 0.07000324726104737 0.12326666514078775
1 0.4491040110588074 0.13925818337334528 0.0389197826385498 0.057978248596191405
2 0.8327530026435852 0.43169255786471894 0.13091442584991456 0.23081756167941622
0 0.23984980583190918 0.5500624762641059 0.05087172985076904 0.13751987881130642
1 0.4949610769748688 0.18340365091959634 0.04446965456008911 0.0717270745171441
1 0.6558934211730957 0.2830084906684028 0.06937828063964843 0.10394806332058376
3 0.1149861067533493 0.43666845692528616 0.13364942669868468 0.2630248652564155
3 0.23549265861511232 0.04439932703971863 0.02410736083984375 0.04575134515762329
2 0.6477560772560537 0.2294912921057807 0.09349161107093096 0.2146614604526096
1 0.1152931809425354 0.4634429507785373 0.14210231304168702 0.2540692647298177
0 0.36775081157684325 0.860286627875434 0.06216826438903809 0.1888657463921441
1 0.8404373168945313 0.4548338148328993 0.11593375205993653 0.17951520284016928
3 0.36694204807281494 0.8690966076321072 0.05851583480834961 0.166657469007704
2 0.677661482989788 0.37827535205417206 0.06795736849308014 0.11424354977077908
1 0.4050416111946106 0.1411907778845893 0.03702192306518555 0.06251166661580404
2 0.656619518995285 0.308082726266649 0.06147645711898804 0.03838767475552029
2 0.9510682344436645 0.5611428366767035 0.09370980262756348 0.2899436526828342
0 0.20840871334075928 0.8567943149142795 0.06358000040054321 0.17773352728949654
1 0.21183266043663024 0.837552833557129 0.0462567925453186 0.1041344960530599
1 0.36555220410227773 0.871829456753201 0.06036626249551773 0.15932816399468316
1 0.7332038879394531 0.3464850743611654 0.07664895057678223 0.10574963887532553
1 0.9736544132232666 0.6265596389770508 0.052691173553466794 0.1615595923529731
0 0.281782853603363 0.33337426251835295 0.014328217506408692 0.05036142004860772
2 0.472096261382103 0.4345419459872776 0.17091501355171204 0.2913061141967773
3 0.6776288688182831 0.37797226111094157 0.06778651475906372 0.11353650093078613
