1 0.6602455139160156 0.5999610900878907 0.06229147911071777 0.10027249654134114
1 0.6314659465104342 0.432616212632921 0.03884603008627892 0.08106536865234375
1 0.1508789539337158 0.7497595045301649 0.13028507232666015 0.16304617987738715
1 0.647620153427124 0.5048357804616292 0.04769744873046875 0.08091105355156793
1 0.7951903998851776 0.5156548817952474 0.0557531476020813 0.08978394402398003
1 0.3067803144454956 0.7766746520996094 0.10857958793640136 0.16860741509331598
1 0.3569763660430908 0.6270610809326171 0.07350356578826904 0.10910602145724826
1 0.7363267421722413 0.8276719835069445 0.10844697952270507 0.1907257080078125
1 0.2656807541847229 0.4050673166910807 0.031717228889465335 0.05340192582872179
1 0.5124040424823761 0.402375955051846 0.031414496898651126 0.055886729558308916
1 0.25602494478225707 0.5323375701904297 0.063089919090271 0.09466162787543403
1 0.2901993036270142 0.43960479630364313 0.04080801010131836 0.06632759306165907
1 0.7201403588056564 0.5114047792222765 0.051822739839553836 0.11357595655653212
0 0.7124679207801818 0.41096653408474393 0.015397429466247559 0.05572880638970269
1 0.47458794713020325 0.5833502875434028 0.06344848871231079 0.11102015177408854
1 0.9107563376426697 0.6722138298882379 0.07715880870819092 0.07779456244574653
1 0.41822811365127566 0.4936167452070448 0.05225558280944824 0.09808869891696506
1 0.6550185695290566 0.3662524117363824 0.02864626348018646 0.04756728278266059
1 0.7485199272632599 0.4484465969933404 0.04192143678665161 0.07182374530368381
0 0.275883150100708 0.5302937825520834 0.03290450572967529 0.08536749945746527
1 0.17712228298187255 0.5988680521647135 0.07157541513442993 0.10365715026855468
0 0.46817424297332766 0.3451707336637709 0.010276103019714355 0.03715964953104655
1 0.9374336242675781 0.9199309455023872 0.12446184158325195 0.15876617431640624
1 0.5318576455116272 0.3236539443333944 0.02322409152984619 0.048184612062242296
1 0.6769697666168213 0.4162964926825629 0.038506364822387694 0.06418257819281684
1 0.44130358695983884 0.4495761023627387 0.044195938110351565 0.06346121893988715
3 0.5701147317886353 0.3703585624694824 0.04864096641540527 0.16293934716118708
1 0.42747039198875425 0.3875340912077162 0.03243874311447144 0.053234095043606225
1 0.6125677675008774 0.37305075327555337 0.02513553500175476 0.06563886006673177
1 0.727634996175766 0.41651566823323566 0.03948324918746948 0.056346766153971356
1 0.6970802366733551 0.4730516857571072 0.03870590925216675 0.0659142812093099
0 0.7804468512535095 0.46720785035027396 0.021131157875061035 0.054953882429334855
2 0.7153566300868988 0.5100171407063802 0.07006229162216186 0.1327252705891927
2 0.7809421062469483 0.6275444030761719 0.08945093154907227 0.16650818718804253
3 0.6812995314598084 0.08096148173014323 0.07486708164215088 0.16192296346028645
1 0.441218900680542 0.7618898179796006 0.08286323547363281 0.14151005215115017
1 0.46973742842674254 0.39385152657826744 0.036121022701263425 0.058740525775485566
1 0.7813105583190918 0.6282075246175131 0.08868584632873536 0.16274100409613715
3 0.7199038505554199 0.5141585456000434 0.06260924339294434 0.11236661275227865
2 0.812877768278122 0.49343753390842016 0.08786336183547974 0.1392279730902778
3 0.7811299622058868 0.631497425503201 0.09991997480392456 0.1897289276123047
1 0.22022676467895508 0.3489959518114726 0.01966400146484375 0.031885472933451335
0 0.2239612340927124 0.49198455810546876 0.03478226661682129 0.08132811652289497
3 0.6328210353851318 0.43311839633517796 0.044784927368164064 0.08298585679796007
3 0.6982560396194458 0.8227049721611871 0.04401040077209473 0.22701844109429253
