1 0.6819649934768677 0.4178181701236301 0.04314332008361817 0.06817447874281142
0 0.7527400493621826 0.4288303163316515 0.018811750411987304 0.053902816772460935
2 0.7166524142026901 0.37053965595033433 0.05112581849098206 0.0875663095050388
1 0.6749139785766601 0.5902105543348525 0.07197051048278809 0.11616550021701388
1 0.6488788038492203 0.3499700850910611 0.028828340768814086 0.043000266287061904
1 0.273490309715271 0.5870181507534451 0.05920896530151367 0.09351346757676866
1 0.4681986331939697 0.3944256835513645 0.030621671676635744 0.0521071645948622
0 0.8470144271850586 0.5800901201036242 0.032537841796875 0.08861668904622395
0 0.7584402680397033 0.672753291659885 0.03000762462615967 0.07671563890245225
1 0.26382544040679934 0.5199171172247993 0.04782347679138184 0.08721845414903429
0 0.44687777757644653 0.365471182929145 0.014573359489440918 0.04002215067545573
1 0.77602898478508 0.48429111904568145 0.05115300416946411 0.08461880154079861
0 0.8324328422546386 0.7861013624403211 0.058732795715332034 0.14697129991319444
3 0.6841654896736145 0.0810256799062093 0.06923739910125733 0.1620513598124186
1 0.6144933233968913 0.36182050704956054 0.02723067793995142 0.048562134636773
