1 0.7890559434890747 0.6417142974005805 0.10600137710571289 0.1554104487101237
1 0.7080818176269531 0.7929588317871094 0.12168846130371094 0.17760200500488282
1 0.4967034041881561 0.6593936496310764 0.06637727022171021 0.09552552964952257
1 0.941912031173706 0.5844539960225423 0.08597407341003419 0.10632559458414713
1 0.6455293364822865 0.4938450442420112 0.08417482227087021 0.07773171530829535
1 0.36888434886932375 0.5930438147650825 0.06161212921142578 0.11210225423177084
3 0.4295527920126915 0.8260636647542318 0.14026627838611602 0.26202477349175346
0 0.3331887319684029 0.4287821716732449 0.025752463936805726 0.06093384424845378
1 0.24108012914657592 0.46725569831000435 0.04635732173919678 0.05969365437825521
2 0.9229145407676697 0.5195157792833116 0.13682191371917723 0.25150146484375
1 0.41167543530464173 0.4469327237870958 0.052823317050933835 0.06597570843166775
