3 0.7063583565875888 0.3975230958726671 0.2009532544761896 0.40420282151963977
0 0.08057268559932709 0.395809194776747 0.042284852266311644 0.07902208964029948
1 0.43440885543823243 0.26431191762288414 0.04754562377929687 0.09676471286349826
1 0.5516334652900696 0.3563797156016032 0.05762703418731689 0.09424848556518554
0 0.8944292426109314 0.6023200988769531 0.057941746711730954 0.1561634487575955
2 0.7063380813691765 0.40358060201009116 0.2108364867977798 0.4063609653049045
2 0.6620519042015076 0.4456508615778552 0.11652119159698486 0.30929739624261854
3 0.66278156042099 0.3931373490227593 0.11506187915802002 0.4060825135972765
0 0.5951171875 0.3709637959798177 0.024390602111816408 0.09212926228841146
0 0.6046693086624145 0.17851378122965494 0.013524103164672851 0.04594150119357639
0 0.0030641094228485597 0.4602358341217041 0.006026894523529336 0.04001446829901801
3 0.8937833905220032 0.6040994538201226 0.057694315910339355 0.1562770207722982
1 0.4384203523397446 0.30087939235899186 0.04542394280433655 0.022753437360127766
3 0.3989537000656128 0.1556063175201416 0.12990097999572753 0.08953610526190864
