0 0.6830524295568466 0.3675470656818814 0.031114882230758666 0.07972240712907579
0 0.07261323183774948 0.7346806420220269 0.06390425264835357 0.17502712673611112
0 0.9590940475463867 0.871321275499132 0.08053150177001953 0.23097974989149306
0 0.26507542133331297 0.36481330659654404 0.030504846572875978 0.08732505374484592
0 0.5088695228099823 0.2825916290283203 0.028541719913482665 0.08720241122775607
3 0.3226305842399597 0.7911061074998643 0.14641311168670654 0.396086311340332
0 0.31334294080734254 0.4761003918117947 0.03614141941070557 0.13347180684407553
0 0.6148037418723107 0.23395277659098307 0.023677369952201842 0.06276745266384548
0 0.34656864404678345 0.34128140343560115 0.03147370815277099 0.0772086673312717
0 0.40309644639492037 0.31117607752482096 0.028614503145217896 0.07328548431396484
0 0.8982379913330079 0.616828876071506 0.04848213195800781 0.1527047899034288
0 0.5622178912162781 0.3533559163411458 0.0224104642868042 0.06886079576280382
0 0.3106580853462219 0.28588182661268446 0.022420811653137206 0.06163304646809896
0 0.7276567280292511 0.45094742245144315 0.03589919805526733 0.12377713521321615
0 0.07866261005401612 0.3947819603814019 0.062261962890625 0.07257147894965278
0 0.5932272672653198 0.25212780634562176 0.019858169555664062 0.07395699818929037
0 0.29720296859741213 0.3743070496453179 0.026523065567016602 0.07229205237494575
0 0.3810794115066528 0.252322154574924 0.021088790893554688 0.07078098720974392
0 0.3402157694101334 0.25763783984714084 0.014738321304321289 0.045811229281955294
1 0.07291894853115082 0.7361767027113173 0.06325088143348694 0.17341278923882378
1 0.3423331260681152 0.794765387641059 0.18895416259765624 0.40560980902777777
1 0.9592488169670105 0.8718388663397895 0.07843887805938721 0.23107066684299046
0 0.33340290784835813 0.30585718154907227 0.014562392234802246 0.050013626946343315
3 0.9587582468986511 0.8729934692382812 0.07861688137054443 0.23078528510199653
0 0.40863237380981443 0.20169022878011067 0.016102027893066407 0.05478621588812934
0 0.7149231791496277 0.4204234335157606 0.010446763038635254 0.06941132015652127
0 0.39703545570373533 0.5081516901652018 0.005875921249389649 0.0780662112765842
0 0.3939777374267578 0.22809346516927084 0.014058208465576172 0.05440377129448785
