0 0.09995293021202087 0.586762629614936 0.05387924909591675 0.14137384626600477
0 0.59784836769104 0.7113184293111166 0.04600982666015625 0.16970416174994574
0 0.22445950508117676 0.4962974124484592 0.03682785034179688 0.122845458984375
0 0.5969727754592895 0.22795949512057834 0.020961236953735352 0.06058779822455512
0 0.5990599393844604 0.6690779580010309 0.044132041931152347 0.08406630622016059
0 0.6154238462448121 0.24203213585747613 0.017842483520507813 0.055085245768229166
0 0.6728436350822449 0.24953634474012587 0.014744257926940918 0.06208237542046441
0 0.4254465699195862 0.2648713217841254 0.01667308807373047 0.04243799845377604
0 0.42594456672668457 0.24770253499348957 0.016641712188720702 0.07422544691297743
0 0.6106587760150433 0.668986956278483 0.021317552030086517 0.08424830966525608
1 0.6099035799503326 0.7115683343675402 0.019807159900665283 0.1733733918931749
