0 0.19788269996643065 0.8117699517144097 0.0956413745880127 0.22256232367621528
0 0.19689091444015502 0.604015032450358 0.056828999519348146 0.13888562520345052
0 0.1518833100795746 0.5178046120537652 0.04563127756118775 0.10902756585015191
1 0.40104195177555085 0.30070906745062936 0.04866842627525329 0.07166578504774306
1 0.19793522953987122 0.8141299777560764 0.09725979566574097 0.22230809529622395
0 0.3235827565193176 0.31446588304307727 0.02821047306060791 0.07714788648817274
1 0.4217293173074722 0.37236640718248154 0.06278075575828553 0.11478799184163412
2 0.5343354225158692 0.21375535329182943 0.061561298370361325 0.10509596930609809
0 0.2697957754135132 0.3827196756998698 0.034663057327270506 0.09335462782118055
0 0.07285279035568237 0.3926573011610243 0.049342548847198485 0.08353093465169271
0 0.01686559378867969 0.8287615458170573 0.03305897593963891 0.12847900390625
0 0.6491927146911621 0.3402259826660156 0.030834770202636717 0.08484872182210286
0 0.8379873275756836 0.618638186984592 0.059051513671875 0.15742543538411458
0 0.36789989173412324 0.27921085357666015 0.0211933434009552 0.06868570115831163
3 0.40020298957824707 0.3125397624034021 0.04883983135223389 0.04658211705585321
0 0.38848060369491577 0.300260321299235 0.023038792610168456 0.068008910285102
2 0.42150836288928983 0.3731556203630235 0.06259257197380066 0.11137175030178494
2 0.4003026396036148 0.31296693219078914 0.048643797636032104 0.046979167726304796
0 0.365190689265728 0.21047580507066516 0.01703242361545563 0.06153748830159505
1 0.5328278064727783 0.21378942065768772 0.06242470741271973 0.11091488732231988
3 0.4215626150369644 0.3728822840584649 0.06219987273216247 0.11310693422953287
3 0.9030774712562561 0.6244918611314562 0.1938450574874878 0.16836585998535156
0 0.38609752655029295 0.21128105587429472 0.01619558334350586 0.05775540669759115
0 0.34778200164437295 0.22385567559136285 0.0163089320063591 0.04739142523871528
