1 0.3774128437042236 0.5694551467895508 0.11108264923095704 0.22918052673339845
0 0.25220078229904175 0.5432159317864312 0.034695219993591306 0.12727909088134765
0 0.6201188072562218 0.3822564442952474 0.024457404017448427 0.07970784505208334
1 0.5644431710243225 0.19838236702813042 0.03364741802215576 0.05703809526231554
0 0.21703931093215942 0.42021799882253014 0.026175618171691895 0.09062394566006131
1 0.5202968776226043 0.20584628846910263 0.03410502672195435 0.05466497209337023
0 0.2940711259841919 0.3784627384609646 0.028444433212280275 0.09636380937364367
0 0.37678329944610595 0.2678054279751248 0.021030282974243163 0.06658416324191624
3 0.3598532438278198 0.5674740579393175 0.08029351234436036 0.2245359844631619
0 0.32364401817321775 0.4090571085611979 0.03220601081848144 0.10713568793402778
0 0.34737546294927596 0.23660738203260634 0.015195956826210022 0.05591163635253906
0 0.40907474756240847 0.2840232637193468 0.02042146921157837 0.060069105360243055
0 0.3696511507034302 0.22792337205674912 0.016502857208251953 0.05412445068359375
0 0.6314901471138 0.20036416583591038 0.012413859367370605 0.047601975335015194
0 0.3236336294561625 0.19450456301371258 0.006642258912324906 0.05015747282240126
