0 0.7159253895282746 0.40258043077256944 0.03027282953262329 0.08924634721544054
0 0.6853584676980973 0.30898058149549695 0.03083142638206482 0.0805251227484809
0 0.14700708985328675 0.5797275225321452 0.05863090753555298 0.12050550248887804
0 0.23392233848571778 0.4276429918077257 0.03128662109375 0.09356689453125
0 0.25563530921936034 0.4964840359157986 0.03204183578491211 0.12333865695529514
0 0.36360490173101423 0.2635588010152181 0.022492161393165587 0.07273565928141276
0 0.6325989603996277 0.27098990546332463 0.023213791847229003 0.057720777723524304
0 0.3229336738586426 0.3860598670111762 0.02795267105102539 0.10391142103407118
0 0.07691732048988342 0.39526134067111546 0.05923560857772827 0.0683531019422743
1 0.7106042742729187 0.4019228564368354 0.019416451454162598 0.0929263538784451
0 0.6324304223060608 0.29414340754350027 0.021437668800354005 0.01050903730922275
0 0.3618358373641968 0.29526091231317775 0.0157562255859375 0.012671601505846612
1 0.45692418813705443 0.1799696233537462 0.0299530029296875 0.04956727557712131
