0 0.22644420862197875 0.4560444196065267 0.03132650852203369 0.09372450510660807
0 0.17853320240974427 0.6526444541083442 0.05824249982833862 0.11693331400553385
0 0.17432105541229248 0.6917309231228299 0.0616910457611084 0.193769285413954
0 0.29818775653839114 0.3961793369717068 0.029339694976806642 0.09582288530137804
0 0.6353824146091938 0.2722103648715549 0.02397383898496628 0.07053758833143446
0 0.07437638342380523 0.39596600002712673 0.04394401907920838 0.07024765014648438
1 0.45188671350479126 0.25434194140964084 0.04466202259063721 0.09980585310194227
0 0.3814826101064682 0.22023948033650717 0.020455187559127806 0.06366519927978516
0 0.6328758239746094 0.29834334625759057 0.022021406888961793 0.018285716097388
1 0.17441342473030091 0.69172150293986 0.06241387128829956 0.1923887676662869
0 0.39948660135269165 0.22164588504367405 0.013272130489349365 0.05587959289550781
