0 0.15006128549575806 0.630173905690511 0.05389103889465332 0.13331012725830077
0 0.22068821787834167 0.6154527134365506 0.04899827241897583 0.12661435869004992
0 0.6902889102697373 0.3386326471964518 0.038485556840896606 0.09857699076334635
1 0.41435155272483826 0.4700705422295464 0.07944437265396118 0.1580452389187283
0 0.6420935928821564 0.31049920188056096 0.03803132772445679 0.08801080915662977
0 0.26097615957260134 0.4200752258300781 0.028216624259948732 0.097930908203125
0 0.33041409254074094 0.40938328637017146 0.029673457145690918 0.09918462965223525
0 0.07317118644714356 0.39225328233506945 0.04703369140625 0.09129113091362848
0 0.38587804734706876 0.28475799560546877 0.024759215116500855 0.06938701205783421
0 0.1873854398727417 0.7734761555989583 0.06897883415222168 0.20475968254937066
0 0.37439347356557845 0.24595922893948025 0.01924600899219513 0.06953915490044488
0 0.3308831052505411 0.33149624930487737 0.020633321697823705 0.0840192370944553
0 0.7123684346675873 0.24102360407511395 0.013692057132720948 0.035525110032823354
0 0.526368910074234 0.2551708645290799 0.024857079982757567 0.06335177951388889
3 0.32960426807403564 0.3268955225745837 0.021654891967773437 0.07209264006879594
0 0.3445721626281738 0.33650088840060766 0.018955707550048828 0.07332017686631945
1 0.30519790649414064 0.32918512556287977 0.029887914657592773 0.05980966356065538
0 0.5067588806152343 0.2854660669962565 0.02752523422241211 0.07719018724229601
0 0.5514039993286133 0.37283104790581595 0.026274967193603515 0.09136996799045138
0 0.3832817077636719 0.1878856235080295 0.013186979293823241 0.05051939222547743
0 0.3903154134750366 0.9751879374186198 0.0148406982421875 0.047129313151041664
