0 0.23627629280090331 0.43469817373487685 0.04177737236022949 0.10009417004055447
0 0.30004879236221316 0.4347640726301405 0.04533722400665283 0.10982972251044379
1 0.5877646923065185 0.47588670518663195 0.11022157669067383 0.2140188429090712
2 0.7518767356872559 0.5429731580946181 0.14325389862060547 0.24710167778862846
0 0.6461862564086914 0.2231829325358073 0.012362527847290038 0.04747691684299045
0 0.36272774934768676 0.26943140029907225 0.026319050788879396 0.06388556162516276
0 0.07274830043315887 0.39478122923109266 0.046335870027542116 0.0894879870944553
0 0.6272843599319458 0.21781466801961263 0.012383699417114258 0.044381438361273874
0 0.33377312403172255 0.3052264107598199 0.014775547757744789 0.060056813557942706
0 0.3414432168006897 0.35688212845060563 0.017712092399597167 0.05410749382442898
3 0.7513494908809661 0.5434425195058187 0.1456874966621399 0.24531270133124458
0 0.5872633457183838 0.1857497533162435 0.023401641845703126 0.05543348524305555
0 0.3866415977478027 0.28880062103271487 0.02137136459350586 0.06752052307128906
0 0.7068289756774903 0.38072064717610676 0.03709068298339844 0.08562596638997395
0 0.38697188496589663 0.23485021591186522 0.027769434452056884 0.06498470306396484
1 0.7516815155744553 0.5435862859090169 0.14564695954322815 0.24548462761773004
0 0.5914764404296875 0.2692564434475369 0.020052433013916016 0.06154090033637153
0 0.345494544506073 0.3291703628169166 0.015437006950378418 0.04509116676118639
3 0.07323063015937806 0.39449936019049753 0.04603782892227173 0.08941286934746637
2 0.6218980768462643 0.46757024659050833 0.04225162086077035 0.20550035900539823
0 0.3428437948226929 0.29870910313394333 0.021947479248046874 0.019239228301578096
0 0.7121477246284484 0.2425626966688368 0.01343533992767334 0.040764702690972224
3 0.6212696933886036 0.46747595998975966 0.04150783536024392 0.20561043421427408
