0 0.249725 0.521363 0.053324 0.112359
0 0.421532 0.392019 0.047230 0.086583
1 0.333094 0.444453 0.132231 0.097921
0 0.316438 0.331220 0.020916 0.086439
1 0.527000 0.329931 0.059649 0.083349
0 0.651635 0.317487 0.019308 0.085059
0 0.621639 0.414367 0.022884 0.103339
0 0.240776 0.367216 0.043717 0.080402
1 0.115862 0.468830 0.140576 0.108231
0 0.501503 0.426708 0.038837 0.091413
0 0.110231 0.378972 0.056772 0.083297
0 0.347145 0.333191 0.021398 0.080644
0 0.376184 0.332350 0.019600 0.078897
0 0.963131 0.816875 0.073378 0.140717
0 0.534955 0.224784 0.013939 0.055698
0 0.906827 0.685474 0.046652 0.140076
0 0.593164 0.245796 0.015026 0.065919
0 0.867099 0.430043 0.050201 0.094911
0 0.478540 0.294495 0.019968 0.067159
0 0.433635 0.300689 0.018776 0.072329
0 0.549539 0.207690 0.013068 0.051501
0 0.010682 0.334533 0.021364 0.083016
0 0.459116 0.296184 0.017425 0.067974
0 0.415201 0.293601 0.018779 0.069326
3 0.939439 0.538882 0.121123 0.223325
0 0.701881 0.286166 0.032430 0.069033
