1 0.7188097476959229 0.63016906314426 0.14711923599243165 0.16188409593370226
0 0.6212424159049987 0.3956742313173082 0.02291090488433838 0.09330778651767307
0 0.33316755294799805 0.39027167426215276 0.023859786987304687 0.10267232259114584
0 0.0908782035112381 0.3644414689805773 0.046513861417770384 0.07532594468858507
1 0.5101436853408814 0.5374313619401719 0.09528660774230957 0.1637809647454156
0 0.6604561686515809 0.40321244133843315 0.023833680152893066 0.09081895616319445
0 0.547025203704834 0.6744397481282552 0.0345123291015625 0.1514307657877604
1 0.4276145935058594 0.40600365532769095 0.06175394058227539 0.12296702067057291
1 0.4642873704433441 0.21465394761827256 0.025600993633270265 0.055079947577582465
0 0.2674978256225586 0.5574473910861545 0.030262184143066407 0.1369113498263889
0 0.4143800735473633 0.29112428029378257 0.019090652465820312 0.07645420498318142
3 0.5354235172271729 0.2299827363755968 0.04060792922973633 0.10175200568305122
0 0.2414538860321045 0.4944249047173394 0.028801441192626953 0.1265725877549913
0 0.4557963371276855 0.9133758544921875 0.07406826019287109 0.16521063910590278
0 0.3082740783691406 0.4901784261067708 0.026570892333984374 0.1268488566080729
0 0.4817681312561035 0.7075860765245225 0.05072364807128906 0.16322818332248265
0 0.2489330291748047 0.7198771158854167 0.03847198486328125 0.17429894341362848
0 0.37245925664901736 0.2598531617058648 0.017183995246887206 0.06786509619818794
1 0.5824801445007324 0.2905512915717231 0.03959846496582031 0.07856131659613716
0 0.3907982289791107 0.2022451506720649 0.012462997436523437 0.05151699913872613
0 0.9554645538330078 0.7627249823676215 0.04987277984619141 0.15496860080295138
0 0.8979288816452027 0.602226373884413 0.028097915649414062 0.10699244605170356
0 0.7399110794067383 0.36498035854763455 0.027037906646728515 0.08724933200412327
0 0.7605097770690918 0.5464157952202691 0.054630088806152347 0.11023601955837674
0 0.41014122068881986 0.24186005062527127 0.014114421606063843 0.06034138997395833
0 0.9704141616821289 0.9184688991970487 0.05917167663574219 0.15561353895399305
0 0.008483867201721295 0.4285440550910102 0.016598671965766698 0.07773189544677735
0 0.5310164451599121 0.9102561950683594 0.06676654815673828 0.12618357340494793
3 0.9667327880859375 0.5681640413072374 0.06591172218322754 0.228982416788737
0 0.515049809217453 0.8410311592949762 0.037459385395050046 0.1005274878607856
0 0.6773491382598877 0.3596477932400174 0.023704338073730468 0.08226117028130425
0 0.6361310243606567 0.2556515587700738 0.016138696670532228 0.06063143412272135
1 0.6613054275512695 0.3492787679036458 0.0516263484954834 0.07887530856662327
0 0.7034611105918884 0.3043467900482938 0.032940220832824704 0.03076011180981166
0 0.6746719479560852 0.26845968034532336 0.021823430061340333 0.05196986728244358
0 0.8145583748817444 0.43996461232503253 0.026194548606872557 0.0778172387017144
0 0.5975185036659241 0.20931588278876412 0.013800501823425293 0.0468081792195638
1 0.1915784478187561 0.8884202745225694 0.11065080165863037 0.2113216824001736
0 0.4746245384216309 0.6205156114366319 0.038358306884765624 0.10453084309895834
0 0.9043928384780884 0.5489668740166558 0.028821897506713868 0.06248694525824653
0 0.497819310426712 0.2901844660441081 0.016929328441619873 0.07614237467447917
0 0.5980303287506104 0.3114924298392402 0.014182424545288086 0.045207081900702585
0 0.6199444770812989 0.25511720445421004 0.018610572814941405 0.06317952473958334
0 0.4274682641029358 0.14233529302808973 0.00847313404083252 0.03721130159166124
0 0.17984185218811036 0.3501705593532986 0.039183855056762695 0.08150143093532985
0 0.5513387322425842 0.16676077842712403 0.011272597312927245 0.03880116144816081
3 0.19055941104888915 0.8895618014865452 0.11200242042541504 0.21157057020399306
3 0.5187235832214355 0.18711874220106336 0.03451075553894043 0.07609036763509115
0 0.39662560224533083 0.43619798024495443 0.006748795509338379 0.10556492275661893
