0 0.323912 0.478337 0.050027 0.108408
0 0.862390 0.529265 0.063272 0.106705
1 0.392363 0.304975 0.040657 0.079495
0 0.038518 0.619435 0.077035 0.126480
0 0.976283 0.757066 0.047264 0.133932
0 0.614014 0.517367 0.028348 0.123493
0 0.765001 0.515512 0.053340 0.108578
0 0.615162 0.305233 0.025210 0.079510
0 0.264990 0.433797 0.056011 0.098053
0 0.349525 0.321008 0.019802 0.084138
0 0.189738 0.699148 0.038165 0.184141
0 0.144583 0.389076 0.051430 0.088717
0 0.832087 0.931785 0.075851 0.129618
0 0.106094 0.374696 0.054422 0.086527
0 0.317089 0.246099 0.017570 0.061328
3 0.528434 0.242370 0.032504 0.078872
0 0.784420 0.949746 0.079445 0.097339
0 0.800482 0.935453 0.111615 0.127860
0 0.804154 0.427571 0.048773 0.093382
0 0.364872 0.268505 0.016142 0.061948
0 0.389464 0.235861 0.015037 0.058275
0 0.408396 0.231673 0.014177 0.057233
0 0.902634 0.511701 0.047925 0.097013
0 0.429894 0.203953 0.013858 0.055178
0 0.011355 0.343530 0.022710 0.086779
