0 0.05995067358016968 0.889389885796441 0.09576141834259033 0.22058241102430556
0 0.16523873209953308 0.581171883477105 0.05956388711929321 0.15067070855034723
1 0.4425021380186081 0.2949460877312554 0.051734358072280884 0.09804024166531033
0 0.5546513795852661 0.3406054072909885 0.026368236541748045 0.09055381351047093
0 0.6925275087356567 0.2922151671515571 0.019837093353271485 0.060200267367892794
0 0.07829055190086365 0.6354046291775174 0.05633338689804077 0.17979312472873263
0 0.7352704465389251 0.36180753707885743 0.03359252214431763 0.08178162044949001
0 0.36277864426374434 0.30519896613227 0.026933708786964418 0.06123644510904948
0 0.29645206928253176 0.3253245035807292 0.03576784133911133 0.056818177964952254
0 0.3252825975418091 0.3423408402336968 0.028101348876953126 0.06982152726915147
0 0.33250498697161673 0.28686090045505097 0.02066476196050644 0.04686467912462022
0 0.5152255654335022 0.2400596512688531 0.01796576976776123 0.060224893358018665
0 0.2751865029335022 0.38927925957573783 0.04176819324493408 0.08762859768337673
1 0.05892749205231666 0.890840572781033 0.0955448791384697 0.21831885443793403
0 0.081588876247406 0.41330384148491756 0.07335846424102783 0.06190270317925347
2 0.3856158435344696 0.5060361544291179 0.13060668706893921 0.3222727669609918
3 0.3496276617050171 0.5110067764918009 0.10074467658996582 0.32790947490268285
0 0.7124532997608185 0.2412788603040907 0.012575232982635498 0.0377030266655816
3 0.4429969131946564 0.3163947926627265 0.0518973708152771 0.05501180754767524
3 0.08112851232290268 0.4143350813123915 0.0747226506471634 0.0590163336859809
0 0.34371969699859617 0.3224175771077474 0.01835289001464844 0.06087985568576389
0 0.6204058170318604 0.21164538065592448 0.017036056518554686 0.05377256605360243
0 0.47099907994270324 0.5175960964626736 0.023102939128875732 0.0762237548828125
