1 0.425611 0.452121 0.063971 0.149185
0 0.035690 0.401047 0.056221 0.089501
1 0.697652 0.644843 0.113652 0.169842
0 0.144094 0.677858 0.036640 0.154973
1 0.588510 0.793708 0.146577 0.271685
0 0.152815 0.412784 0.054630 0.089009
1 0.461358 0.272804 0.038012 0.081061
0 0.347561 0.666314 0.039812 0.162060
0 0.357850 0.470957 0.024074 0.116428
0 0.315384 0.494794 0.027436 0.126774
0 0.105503 0.845539 0.051005 0.185874
0 0.286452 0.699652 0.037960 0.163213
0 0.601376 0.397082 0.023592 0.093151
0 0.658578 0.421439 0.026917 0.096893
0 0.905802 0.932820 0.073130 0.134359
0 0.589766 0.476450 0.027181 0.102085
0 0.311941 0.371012 0.020150 0.091797
0 0.862261 0.469434 0.059834 0.093580
0 0.594182 0.556234 0.030624 0.128349
0 0.819893 0.776181 0.053516 0.169616
0 0.565364 0.309244 0.017862 0.078465
0 0.888614 0.753175 0.048231 0.150561
0 0.507460 0.350449 0.021431 0.089220
0 0.226447 0.927268 0.063857 0.141445
1 0.381421 0.301060 0.042925 0.090230
0 0.337693 0.389754 0.020339 0.098459
0 0.228379 0.777920 0.037892 0.180299
0 0.182071 0.739391 0.036472 0.166793
0 0.951930 0.881124 0.057421 0.197222
0 0.225726 0.525316 0.027945 0.127704
0 0.093283 0.955209 0.056962 0.088563
0 0.869275 0.662447 0.041897 0.120096
0 0.671236 0.502700 0.031138 0.111274
0 0.203078 0.614162 0.031553 0.138584
0 0.940795 0.736978 0.048602 0.144466
1 0.531187 0.288298 0.034575 0.070927
0 0.285613 0.421500 0.022668 0.108308
0 0.249775 0.567506 0.027638 0.117358
0 0.724831 0.529205 0.035039 0.107371
0 0.246263 0.664239 0.032451 0.145897
0 0.899711 0.595776 0.034855 0.119891
2 0.627618 0.298998 0.082593 0.169817
0 0.786134 0.651401 0.041104 0.119946
0 0.561379 0.244224 0.015837 0.061088
0 0.121585 0.377104 0.048006 0.084792
0 0.810784 0.593915 0.034904 0.118532
0 0.370399 0.378473 0.018529 0.084720
0 0.383505 0.406004 0.019778 0.095879
0 0.756344 0.463543 0.033506 0.091324
0 0.766933 0.571384 0.039827 0.100209
0 0.713660 0.421942 0.028916 0.075532
0 0.946848 0.672728 0.034167 0.098874
0 0.790076 0.437404 0.028721 0.081453
0 0.822102 0.449197 0.047453 0.092387
0 0.781465 0.499786 0.038370 0.088579
2 0.520344 0.212582 0.033669 0.075311
1 0.427295 0.191177 0.022149 0.056111
0 0.696997 0.480150 0.026343 0.095009
0 0.961850 0.500643 0.062738 0.097085
