0 0.22814085483551025 0.43567759725782607 0.04137797355651855 0.1009760856628418
0 0.7529868721961975 0.42295392354329425 0.03783249855041504 0.10083787706163194
0 0.6738870143890381 0.2965231365627713 0.024708712100982667 0.06506983439127605
0 0.7278518557548523 0.34038185543484156 0.029790496826171874 0.07413834465874566
1 0.5519009709358216 0.36077868143717445 0.057588505744934085 0.09386189778645833
0 0.24145376682281494 0.33661228815714517 0.0290891170501709 0.08327066633436415
0 0.0733613133430481 0.3920275370279948 0.05111861228942871 0.07979990641276041
0 0.690700912475586 0.39401198493109807 0.03206801414489746 0.1061062282986111
0 0.3376408679410815 0.2556147257486979 0.022266045585274695 0.06443629794650607
0 0.32413220577000174 0.25588178634643555 0.007578868715791031 0.06219238705105252
3 0.6488266128348187 0.49132139417860243 0.09713602899573744 0.42411304050021703
1 0.32391468845307825 0.2550441106160482 0.00720437690615654 0.05983920627170139
0 0.6877912074327469 0.20409942203097872 0.013709086179733276 0.04909939236111111
0 0.7161362290382385 0.325404558579127 0.008352541923522949 0.0411496917406718
0 0.0029176885262131693 0.4586884445614285 0.00576617605984211 0.04138869179619683
