0 0.2798124074935913 0.45608480241563587 0.023526382446289063 0.08582505120171441
0 0.31076568365097046 0.33521994484795464 0.028933262825012206 0.0873117446899414
3 0.5261546432971954 0.19943849245707193 0.06143273115158081 0.12413949966430664
0 0.0841551125049591 0.6761795891655816 0.06896859407424927 0.18882463243272568
0 0.2393622040748596 0.4049654218885634 0.02815425395965576 0.08771616617838542
0 0.22614698410034179 0.5973872396681044 0.04201431274414062 0.10612901051839192
1 0.43405323326587675 0.3012192514207628 0.050885742902755736 0.07821865081787109
0 0.38437450528144834 0.28603379991319444 0.024604058265686034 0.07389513651529948
0 0.2258668899536133 0.500636609395345 0.042810583114624025 0.09462038675944011
0 0.6268357329070569 0.2795026885138618 0.0204330638051033 0.0591305414835612
0 0.29711260795593264 0.5561279296875 0.042863655090332034 0.12458241780598958
0 0.3860612779855728 0.3057538853751289 0.02102082371711731 0.03372999297247992
0 0.4261915981769562 0.2448386828104655 0.020730721950531005 0.04183610280354818
1 0.08392469882965088 0.6766177177429199 0.06577417850494385 0.18706531524658204
0 0.3340231865644455 0.2408193588256836 0.014746478199958802 0.0509674072265625
0 0.3649582028388977 0.25772410498725046 0.01518714427947998 0.053913116455078125
0 0.3299989938735962 0.29686897065904405 0.02414216995239258 0.06741665734185112
0 0.38245709836483 0.21893270280626084 0.015050286054611206 0.045251252916124134
3 0.4334054946899414 0.31495990488264297 0.050921058654785155 0.052142031987508136
0 0.33058819770812986 0.30582387182447646 0.020951223373413087 0.03386996587117513
0 0.7128339588642121 0.23092899322509766 0.012526214122772217 0.040736346774631074
0 0.3247410624477197 0.2468817604912652 0.008790467827930115 0.04278988308376736
0 0.363811993598938 0.2725758870442708 0.014725017547607421 0.054352060953776045
0 0.07669874429702758 0.39655490451388886 0.05576300621032715 0.06532118055555555
0 0.26712989807128906 0.9688956790500217 0.032469320297241214 0.0622086418999566
