3 0.7015532493591309 0.8010164048936632 0.25266056060791015 0.39262462192111547
1 0.5904199838638305 0.5062781174977621 0.08738751411437988 0.14035679499308268
0 0.08658953607082367 0.5658153427971734 0.031066566705703735 0.12195953792995877
1 0.5430700838565826 0.3365125221924649 0.04843848943710327 0.09328301954600546
0 0.3562097311019897 0.6323914845784505 0.03218202590942383 0.15170415242513022
0 0.21152005195617676 0.6814878675672743 0.044802749156951906 0.16289452446831598
3 0.0419307702803053 0.4285339037577311 0.08355831026565283 0.20321987999810112
0 0.34484517872333526 0.39794218275282117 0.02116546630859375 0.09630644056532119
0 0.19409645199775696 0.9124656677246094 0.05607603788375855 0.17268990410698784
0 0.47212982177734375 0.46819212171766494 0.023291969299316408 0.11872372097439236
0 0.3035501718521118 0.8533720228407118 0.05133528709411621 0.21008809407552084
0 0.3784491062164307 0.5208458794487847 0.02773590087890625 0.12296566433376736
3 0.46345211267471315 0.19939051734076607 0.03116481304168701 0.0846769544813368
0 0.30858683586120605 0.6692941453721788 0.034262657165527344 0.1587124294704861
0 0.504466962814331 0.45670416090223526 0.022071647644042968 0.11203401353624132
0 0.579203987121582 0.38143030802408856 0.01999244689941406 0.09055667453342015
0 0.4070222020149231 0.2810857031080458 0.01754312515258789 0.07243345048692491
1 0.4490198612213135 0.7692521837022569 0.11713428497314453 0.3076175689697266
0 0.25444912910461426 0.5644465128580729 0.03237857818603516 0.13616451687282985
0 0.36085340976715086 0.31465742323133683 0.016872262954711913 0.07754889594184028
0 0.3300741317914799 0.26607900195651585 0.018596428027376533 0.06177361806233724
0 0.39852483868598937 0.36190565956963433 0.02016904354095459 0.08273682064480252
0 0.804472827911377 0.551428943210178 0.032301139831542966 0.10691452026367188
0 0.33276734352111814 0.35043567021687827 0.021164560317993165 0.08000176747639974
1 0.5216095745563507 0.2276333279079861 0.02825568914413452 0.05540216233995226
0 0.4070995539426804 0.2033599747551812 0.01270260214805603 0.053583886888292104
0 0.36688892394304273 0.25726176367865666 0.015068325400352477 0.06363546583387587
0 0.3420806169509888 0.2885963969760471 0.015995830297470093 0.06664388444688585
0 0.5536321640014649 0.6388316684299045 0.04235858917236328 0.14440629747178818
2 0.5947858810424804 0.273690923055013 0.0766845703125 0.1563187493218316
0 0.310988175868988 0.5674220826890733 0.027319455146789552 0.11066178215874566
3 0.9677264451980591 0.5664829889933268 0.06347427368164063 0.26599049038357203
3 0.6667484998703003 0.45162511401706273 0.10489349365234375 0.31423558129204643
0 0.39274699687957765 0.4469081030951606 0.02219500541687012 0.10596271091037326
0 0.8410765886306762 0.5942589335971409 0.036592864990234376 0.06852898067898221
0 0.3191725254058838 0.5030339982774522 0.028197479248046876 0.1119447496202257
2 0.8872238636016846 0.8090019649929471 0.22555227279663087 0.3819960700141059
2 0.6637628555297852 0.45180962458252905 0.11266593933105469 0.32100708004501133
0 0.3737099409103394 0.41656290690104164 0.020882844924926758 0.09926028781467014
0 0.3104567527770996 0.4043668958875868 0.02327451705932617 0.099468994140625
0 0.5506242394447327 0.24145494037204318 0.014654994010925293 0.057837825351291235
0 0.09184660911560058 0.3672637939453125 0.04256529808044433 0.08422876993815104
1 0.5129839777946472 0.17881158192952473 0.02301633358001709 0.049479166666666664
0 0.23676804304122925 0.4544213771820068 0.028430771827697755 0.06336192025078667
3 0.6839782130671666 0.6588970396253798 0.16715297461487352 0.099592039320204
0 0.23756433725357057 0.5437224388122559 0.0229320764541626 0.09686239030626086
0 0.9127120256423951 0.6159993489583333 0.027429580688476562 0.0692461649576823
0 0.8129735589027405 0.4282314724392361 0.023137593269348146 0.07188678317599827
2 0.866897702217102 0.6667915768093533 0.21333389282226561 0.08575168185763889
3 0.44825435876846315 0.7745135519239638 0.11867282390594483 0.32090333302815754
0 0.6425163552165032 0.27041394975450306 0.01686691343784332 0.054957750108506946
3 0.5957609653472901 0.28104274537828233 0.07777609825134277 0.17448533376057943
0 0.8134836077690124 0.4963815636105008 0.01798546314239502 0.0706437110900879
1 0.5562009811401367 0.18530537817213272 0.026405954360961915 0.04320522944132487
