1 0.2802752494812012 0.7403611924913195 0.18582240343093873 0.20785946316189235
1 0.2439422845840454 0.5362377378675672 0.146575927734375 0.12581299675835503
3 0.5339359521865845 0.22560750643412272 0.040128898620605466 0.0998544587029351
0 0.17844319343566895 0.40519934760199655 0.0520014762878418 0.0904478285047743
0 0.03481125235557556 0.5296016269259982 0.05883537530899048 0.11248982747395833
0 0.3534494400024414 0.49618331061469184 0.025853300094604494 0.12174979315863715
0 0.34898399114608764 0.30282362831963433 0.016714024543762206 0.07421758439805773
0 0.32232327461242677 0.47434410519070097 0.024386215209960937 0.11671536763509115
0 0.6682092666625976 0.29948550330268014 0.02100067138671875 0.07915526496039496
0 0.9424448013305664 0.8938561333550348 0.06549644470214844 0.1713772243923611
0 0.32932721911929547 0.2952887323167589 0.015524257440119982 0.07012174394395616
1 0.45984463691711425 0.5063014136420356 0.07523918151855469 0.18962427775065105
0 0.365701761841774 0.2483300103081597 0.014011150598526001 0.06374151441786025
3 0.4027529820799828 0.37185763253106013 0.08085460960865021 0.16593748728434246
1 0.4653604507446289 0.29487586551242406 0.0376556396484375 0.07955462137858073
0 0.3154101848602295 0.37597855461968316 0.023726940155029297 0.09021801418728298
0 0.02783628166653216 0.41864780849880645 0.05410740254446864 0.08367674085828992
0 0.2948331952095032 0.44364354875352646 0.022136759757995606 0.0795313941107856
0 0.2507671594619751 0.4302961985270182 0.03205265998840332 0.09037263658311633
0 0.3972891539335251 0.1797133763631185 0.010471421480178832 0.04242880079481337
1 0.026430702209472655 0.419403166241116 0.05286140441894531 0.08280924691094292
0 0.8130829989910126 0.42888336181640624 0.026910889148712158 0.07897304958767361
0 0.5651386618614197 0.1917836242251926 0.011964726448059081 0.04996792475382487
0 0.2701117753982544 0.37973539564344616 0.024663257598876952 0.09457745022243924
3 0.46168782711029055 0.145772033267551 0.02396996021270752 0.05946634080674913
0 0.41394842267036436 0.1772421783871121 0.0101104736328125 0.04080750147501628
2 0.40405950546264646 0.3372118631998698 0.08399248123168945 0.2250611835055881
0 0.703635036945343 0.30468260844548545 0.03241569995880127 0.03158743911319309
0 0.1094508558511734 0.35458287133110894 0.04970380663871765 0.06376533508300782
3 0.968021821975708 0.5649342219034831 0.06380462646484375 0.2555411868625217
1 0.46253042221069335 0.23032023111979166 0.03256034851074219 0.07166158888075087
3 0.4614256978034973 0.5066001786126031 0.07595293521881104 0.1938455581665039
0 0.2962275505065918 0.5354251437717014 0.04511337280273438 0.1166947258843316
1 0.509308660030365 0.16031026310390897 0.020088958740234374 0.03875502480400933
0 0.7140923857688903 0.34585801230536567 0.012440228462219238 0.0709341049194336
1 0.9426993131637573 0.8984512329101563 0.06768836975097656 0.17814695570203992
0 0.5836480140686036 0.21270953284369576 0.020514678955078126 0.05724593268500434
0 0.5501015663146973 0.15428275532192653 0.010448074340820313 0.035218673282199436
0 0.3750669166445732 0.21215264002482095 0.012282076478004455 0.04647074805365668
0 0.3226115949451923 0.3736034181382921 0.004598189890384674 0.08751572502983941
