0 0.19805012345314027 0.6159748077392578 0.06468337774276733 0.16093156602647568
0 0.7365540981292724 0.5474586062961154 0.0536686897277832 0.13799701266818576
1 0.6102984428405762 0.5905598958333333 0.11163520812988281 0.21297997368706598
0 0.24278885126113892 0.3798170725504557 0.03520524501800537 0.08628480699327257
0 0.27016094923019407 0.3245951334635417 0.027329087257385254 0.06608301798502604
0 0.32151817083358764 0.3654243363274468 0.03220489025115967 0.08211587270100912
1 0.736110782623291 0.5463687260945638 0.054007339477539065 0.13703138563368056
0 0.5240586936473847 0.3402657190958659 0.021775782108306885 0.06714676751030815
0 0.39121606945991516 0.29851345486111114 0.0191547155380249 0.0693703121609158
0 0.553779947757721 0.3234879281785753 0.028074479103088378 0.07495610978868272
0 0.3472386121749878 0.2286826663547092 0.023862838745117188 0.053776846991644964
0 0.6997406512498856 0.37655227449205186 0.03084215521812439 0.09665665096706814
1 0.5414582073688508 0.2641340043809679 0.06334999799728394 0.08760257297092014
0 0.3674669027328491 0.3016515731811523 0.02362823486328125 0.07211778428819444
3 0.6325398683547974 0.5902440812852647 0.06507973670959473 0.2137808057996962
0 0.41828714311122894 0.2669643614027235 0.019563847780227663 0.04876946343315972
0 0.6188543830066919 0.22619510226779513 0.025130974501371382 0.050852669609917536
0 0.40048653781414034 0.2621935314602322 0.014584869146347046 0.05770670572916667
0 0.33877379186451434 0.2832101186116536 0.02395574077963829 0.061436759101019964
0 0.38246253728866575 0.2383785565694173 0.017422413825988768 0.0547207514444987
2 0.541260814666748 0.26910760667588973 0.06465568542480468 0.09198879665798611
0 0.4410012662410736 0.24064195421006945 0.016721618175506592 0.06181492275661892
0 0.4106467843055725 0.21710968017578125 0.015068113803863525 0.049865934583875865
2 0.5413220822811127 0.1791155497233073 0.04734874963760376 0.09398973253038194
0 0.46638951301574705 0.24803627861870658 0.024256229400634766 0.06440260145399306
1 0.5236167550086975 0.3397671646542019 0.021638035774230957 0.07045467164781359
