0 0.614362 0.441606 0.058182 0.096619
1 0.764249 0.526916 0.158314 0.141308
1 0.226586 0.452944 0.115068 0.130741
0 0.881709 0.603060 0.036002 0.128102
1 0.418762 0.405292 0.124218 0.105192
0 0.322651 0.295820 0.021196 0.074255
0 0.615861 0.314865 0.019500 0.080157
0 0.528605 0.412522 0.042715 0.098813
0 0.418520 0.457446 0.040718 0.089048
0 0.966223 0.694710 0.058117 0.139746
0 0.363925 0.288240 0.017748 0.070461
0 0.585356 0.329082 0.019285 0.083250
0 0.522436 0.310142 0.021691 0.074922
0 0.087117 0.365542 0.050207 0.076311
0 0.685957 0.335525 0.019525 0.081676
0 0.864706 0.429206 0.045221 0.087888
3 0.558668 0.254672 0.035320 0.080130
0 0.345762 0.262995 0.017286 0.065956
0 0.399285 0.292032 0.018526 0.068600
0 0.378845 0.297162 0.016485 0.067257
0 0.013912 0.456508 0.027588 0.099630
0 0.560143 0.329923 0.019228 0.084462
0 0.423664 0.290330 0.017930 0.067566
0 0.810194 0.423726 0.029749 0.093147
1 0.536347 0.192133 0.030273 0.050814
0 0.011454 0.336129 0.022908 0.078172
0 0.438891 0.282916 0.017429 0.064129
1 0.444376 0.260059 0.031932 0.068777
0 0.013187 0.346133 0.026373 0.068063
