0 0.635208 0.766920 0.081137 0.207573
0 0.151338 0.741436 0.063551 0.218309
0 0.756239 0.411871 0.036731 0.107917
1 0.606978 0.238160 0.047464 0.073646
0 0.686074 0.341270 0.026734 0.091340
1 0.582327 0.290937 0.046474 0.083353
0 0.311708 0.299187 0.023274 0.072758
0 0.874825 0.555177 0.049147 0.143294
0 0.274262 0.363056 0.025735 0.088455
0 0.269258 0.368034 0.030476 0.088079
0 0.392960 0.457528 0.027638 0.109358
0 0.317712 0.381523 0.027195 0.099204
3 0.426485 0.306787 0.085020 0.149101
3 0.351799 0.645472 0.288334 0.708899
0 0.329513 0.385069 0.027276 0.092753
0 0.602526 0.165626 0.014114 0.043609
0 0.324422 0.382644 0.030443 0.097247
0 0.725055 0.344673 0.025034 0.086141
0 0.314139 0.374884 0.023894 0.090489
