1 0.5798244476318359 0.5448903401692708 0.10431079864501953 0.20387132432725694
0 0.1902562379837036 0.5337157567342122 0.047776985168457034 0.11903512742784288
0 0.3465978272259235 0.313029416402181 0.02268071621656418 0.07914420233832466
0 0.4151130527257919 0.2290325376722548 0.02561817765235901 0.05898081461588542
0 0.07218699604272842 0.3942458046807183 0.04850641191005707 0.0928718990749783
2 0.5581100463867188 0.3129205067952474 0.06778907775878906 0.13900332980685765
0 0.8744663238525391 0.456247075398763 0.06161766052246094 0.11930736965603299
2 0.5460511207580566 0.1959525426228841 0.05985269546508789 0.11866018507215711
3 0.5623545527458191 0.3377827358328634 0.07358520030975342 0.0960530747142103
1 0.6156136348843575 0.5517504956987169 0.031227269768714906 0.2128342204623752
0 0.3608843877911568 0.2529672940572103 0.020955488085746765 0.07435588836669922
0 0.3597322106361389 0.2365292337205675 0.01931908130645752 0.04237948523627387
0 0.5929477334022522 0.3060095795119802 0.01507737636566162 0.03343547553651863
0 0.5932703733444213 0.2928863843282064 0.015323638916015625 0.05921963585747613
3 0.544537627696991 0.19240838156806098 0.05696847438812256 0.11606468624538846
3 0.07269513159990311 0.3939862224790785 0.04856267869472504 0.09232920010884603
