0 0.05732427835464478 0.6859633551703559 0.0785059928894043 0.1790286593967014
3 0.3971149420365691 0.6071982330746121 0.14540725238621235 0.5332226541307238
0 0.6732302069664001 0.284611087375217 0.02919723987579346 0.07105479770236545
0 0.2292480707168579 0.45040738847520617 0.04134178161621094 0.09830063713921441
2 0.3311940789222717 0.518285624186198 0.13761184215545655 0.3856509738498264
0 0.7992055416107178 0.46386277940538195 0.043609905242919925 0.12504509819878473
0 0.36881606429815295 0.24863468805948893 0.02738359272480011 0.05652968088785807
0 0.5739375352859497 0.2119730313618978 0.019715023040771485 0.0645840326944987
0 0.2380974531173706 0.5536341455247668 0.05368385314941406 0.12067118750678169
0 0.07346779108047485 0.39198731316460506 0.05054931640625 0.090850830078125
0 0.36825585514307024 0.31051962110731335 0.02202598750591278 0.06900160047743055
1 0.0569581001996994 0.6860486454433865 0.07573480010032654 0.17703287336561416
0 0.20666327476501464 0.28547206454806856 0.03419226408004761 0.06476694742838542
0 0.3227382183074951 0.30555750528971354 0.02843475341796875 0.07846781412760416
0 0.7122295439243317 0.24123091167873806 0.013288724422454833 0.038793754577636716
0 0.2645822405815125 0.4002423816257053 0.022810912132263182 0.061246363321940105
1 0.5298313140869141 0.23713289896647136 0.040449905395507815 0.06266004774305556
0 0.4237616002559662 0.21074415842692057 0.013450515270233155 0.04820344712999132
