1 0.5517640709877014 0.3565644688076443 0.05670950412750244 0.09433261023627387
0 0.6650418519973755 0.29609810511271156 0.030145883560180664 0.07329764895968967
0 0.1825660526752472 0.47836290995279945 0.0447717547416687 0.10758192274305556
0 0.7064539223909378 0.3401895629035102 0.03658544421195984 0.08299562666151258
0 0.3066334366798401 0.31319120195176864 0.03433506488800049 0.08498844570583768
0 0.07510489225387573 0.3929944780137804 0.05304572582244873 0.0889784918891059
3 0.8538199722766876 0.7165933556026882 0.2842480540275574 0.5439083205329047
2 0.8532593429088593 0.6991684754689534 0.28723217248916627 0.5077156172858344
0 0.7067885994911194 0.4132757239871555 0.022572135925292967 0.06824689441257054
0 0.6411516666412354 0.22872986263699002 0.020127105712890624 0.05383423699273004
0 0.3606741905212402 0.325398932562934 0.02830042839050293 0.08624117109510633
0 0.756011962890625 0.5171563254462348 0.013626599311828613 0.05833888583713108
0 0.7128404676914215 0.2339458253648546 0.014224278926849365 0.0492844475640191
0 0.6883647918701172 0.3013092888726128 0.018532943725585938 0.06165517171223958
3 0.7041514039039611 0.33744024601247574 0.03232219219207764 0.09044130312071906
0 0.0029957780242511945 0.4558051533169217 0.005986748337636527 0.045339351230197486
0 0.3992827147245407 0.21961132685343424 0.013443320989608765 0.05778942108154297
