0 0.06544317007064819 0.5773878309461805 0.07755358219146728 0.12209871080186632
0 0.4772085964679718 0.36517131593492297 0.03959015607833862 0.0777483410305447
0 0.2883668541908264 0.3755089335971408 0.020725178718566894 0.09063955942789713
0 0.31616387367248533 0.32820027669270835 0.020727157592773438 0.08810924953884548
3 0.45169410705566404 0.2518675698174371 0.04481830596923828 0.12032500372992622
0 0.5318782448768615 0.3386661211649577 0.023377108573913574 0.07746529049343533
0 0.08658511340618133 0.36540542046229046 0.048240643739700315 0.06900711324479845
1 0.5311188876628876 0.2388792461819119 0.03637405633926392 0.06661830478244357
0 0.5624119877815247 0.31386966705322267 0.018068766593933104 0.07855347527398003
0 0.9718246459960938 0.7091898600260417 0.05558853149414063 0.13833037482367622
0 0.49155691266059875 0.31179572211371526 0.019370996952056886 0.07044135199652778
1 0.5155271708965301 0.1688834614223904 0.02181316614151001 0.04640204111735026
0 0.9859517693519593 0.8646393458048502 0.027659010887145997 0.12621718512641059
0 0.5748449444770813 0.2685145378112793 0.014282536506652833 0.06309922536214192
3 0.9661999940872192 0.5612775802612304 0.06629586219787598 0.2584579043918186
0 0.861980402469635 0.429891840616862 0.041379475593566896 0.07780736287434896
0 0.5647785186767578 0.1784877724117703 0.011327219009399415 0.04403899510701497
0 0.5455828666687011 0.178855742348565 0.01079869270324707 0.04433501561482747
0 0.4010453224182129 0.2959376758999295 0.015865135192871093 0.06419819725884332
0 0.35060536935925485 0.3045708232455783 0.019817744195461274 0.07380703820122612
0 0.5773528218269348 0.22508026758829752 0.013132739067077636 0.053592448764377174
0 0.37970225512981415 0.2978384759691026 0.017492085695266724 0.06870335472954645
0 0.3229174066334963 0.32342230909400516 0.005209813266992569 0.05525380439228482
0 0.4126822978258133 0.27696620093451607 0.01424463391304016 0.06139598422580295
0 0.7026708245277404 0.2914642016092936 0.033717942237854 0.059524684482150605
0 0.6779028058052063 0.26623140970865883 0.030069422721862794 0.05130009121365017
0 0.8143701314926147 0.4403678470187717 0.02553977966308594 0.07892066107855902
0 0.3694814369082451 0.2845990075005425 0.015350010991096497 0.06372218661838108
3 0.45173183679580686 0.30162412432125874 0.03900878429412842 0.025065366944505108
