3 0.2949166178703308 0.7743964089287652 0.2098336935043335 0.4464307573106554
1 0.5869072914123535 0.5314271714952257 0.09211935997009277 0.1645946502685547
0 0.7804687559604645 0.4461804919772678 0.04069045782089233 0.10557060241699219
0 0.6827210932970047 0.28880622651841903 0.05212790369987488 0.09347913530137804
0 0.2158764958381653 0.4175300810072157 0.02578403949737549 0.07646251254611545
1 0.3120420932769775 0.7706275939941406 0.24372787475585939 0.4572969224717882
0 0.3328484347090125 0.27642830742730035 0.016426320746541025 0.06659575568305122
0 0.5386769294738769 0.3583563910590278 0.04367847442626953 0.08993199666341146
2 0.6026170253753662 0.21750581529405383 0.07239580154418945 0.15936042997572158
0 0.07856774926185608 0.3997150633070204 0.053972136974334714 0.05367342631022135
2 0.6822142839431763 0.3121221627160493 0.0532651424407959 0.04622822231095698
3 0.3681499153375626 0.6233560562133789 0.09567483067512512 0.1753531985812717
1 0.5389496266841889 0.35828996234469945 0.04249778985977173 0.0918547100490994
2 0.29572412371635437 0.7737074004279243 0.20855175256729125 0.45258519914415146
1 0.3679859459400177 0.6236591339111328 0.0953468918800354 0.1731599595811632
0 0.5011072933673859 0.2012493133544922 0.023068392276763917 0.04611172146267361
1 0.6826306223869324 0.28887062072753905 0.05283110141754151 0.09406445821126302
0 0.3236049931496382 0.2500104056464301 0.006584986299276352 0.0540985107421875
