1 0.676443 0.858948 0.183156 0.278770
3 0.330783 0.726843 0.326809 0.544547
0 0.199795 0.501747 0.041402 0.102046
0 0.280666 0.477228 0.032410 0.105282
0 0.761544 0.384203 0.030579 0.094661
0 0.687417 0.378023 0.029085 0.096101
3 0.449930 0.229479 0.052034 0.123564
0 0.077895 0.393000 0.059401 0.082028
0 0.309006 0.357933 0.024799 0.085155
0 0.405260 0.337652 0.022538 0.085227
0 0.330552 0.263644 0.020039 0.065969
0 0.357134 0.298015 0.019330 0.074223
0 0.267412 0.587719 0.038232 0.119848
0 0.339440 0.380325 0.026339 0.087459
1 0.387560 0.533696 0.081947 0.158075
