3 0.650892798230052 0.39720112482706704 0.0878918208181858 0.17079910702175563
0 0.7456808030605316 0.5763040966457791 0.030503857135772704 0.12597957187228734
1 0.447680139541626 0.559088389078776 0.07120952606201172 0.17263590494791667
0 0.3857084184885025 0.4988115734524197 0.026628249883651735 0.1261665768093533
0 0.32206337451934813 0.4944128672281901 0.02708911895751953 0.12435879177517362
0 0.8057140409946442 0.6367305861579047 0.0346854567527771 0.1461883332994249
0 0.7239609718322754 0.4681364271375868 0.027512240409851074 0.09937540690104167
0 0.32940945625305174 0.6428218417697482 0.03204503059387207 0.15870513916015624
0 0.7131622314453125 0.8821061876085069 0.056451416015625 0.19000786675347223
0 0.08541018664836883 0.3629797299702962 0.047193986177444455 0.07613226572672525
0 0.2322110652923584 0.6832811143663194 0.04287500381469726 0.16443328857421874
0 0.9266263961791992 0.9277235243055556 0.05550651550292969 0.14349839952256943
0 0.07489360570907592 0.49007076687282985 0.03643289804458618 0.11339755588107639
1 0.543431282043457 0.29424866570366753 0.04543933868408203 0.0912735833062066
0 0.649482011795044 0.6870895385742187 0.03464956283569336 0.1637301974826389
1 0.4595057487487793 0.19936632050408257 0.024354171752929688 0.05027774175008138
0 0.876408576965332 0.49409781561957467 0.06989383697509766 0.10098707411024306
0 0.7574627995491028 0.46013272603352867 0.025538158416748048 0.09640528361002604
0 0.9243157386779786 0.7615365770128039 0.051871299743652344 0.1479522705078125
0 0.2384268283843994 0.5130073547363281 0.029756450653076173 0.11940697564019097
0 0.7114204883575439 0.39249682956271703 0.017647552490234374 0.08555340237087673
3 0.9587563753128052 0.5915399763319228 0.08130836486816406 0.2043389214409722
0 0.42473688125610354 0.21242378022935654 0.012538981437683106 0.052022488911946614
0 0.4059272199869156 0.24127477010091145 0.014107209444046021 0.06250966389973958
0 0.9886098146438599 0.7956846661037869 0.022764062881469725 0.11059354146321615
0 0.3986132115125656 0.19022267659505207 0.012182611227035522 0.04523993598090278
0 0.37737653255462644 0.3005397796630859 0.017804527282714845 0.07834964328342015
0 0.36290587931871415 0.21864891052246094 0.012754270434379577 0.0508429209391276
0 0.6061814785003662 0.33271411259969075 0.01768193244934082 0.07936200035942925
0 0.9844407796859741 0.9215621736314562 0.03047332763671875 0.10972031487358941
0 0.4815504848957062 0.29440569347805445 0.016961896419525148 0.0689543194240994
0 0.8976461529731751 0.6568646325005425 0.03578879833221436 0.1084260728624132
0 0.5813018441200256 0.22889326943291557 0.013797163963317871 0.05822374555799696
0 0.7965297698974609 0.833060540093316 0.06809501647949219 0.17822197808159723
0 0.5313969492912293 0.18462414741516114 0.011534285545349122 0.04543078740437825
0 0.2300357460975647 0.5847212049696181 0.03038604259490967 0.10648871527777778
0 0.7029813408851624 0.2911260181003147 0.03398420810699463 0.06121122572157118
1 0.5627373695373535 0.6954198201497396 0.10085678100585938 0.23256412082248265
0 0.5575649619102478 0.221199279361301 0.013238072395324707 0.05081428951687283
0 0.6182333931326867 0.29769212934705946 0.017184039950370787 0.06424026489257813
0 0.1799651026725769 0.34793755213419597 0.034230804443359374 0.07078749338785807
0 0.6033506751060486 0.25627337561713326 0.015749430656433104 0.058750745985243054
0 0.4375468671321869 0.1615069283379449 0.010139954090118409 0.04163987901475694
3 0.563121223449707 0.694673834906684 0.10023488998413085 0.2316324445936415
0 0.8995388269424438 0.5923410733540853 0.030057430267333984 0.09009515974256728
0 0.6019030809402466 0.2144169807434082 0.015770912170410156 0.04862584008110894
2 0.5156234800815582 0.1354104306962755 0.025525128841400145 0.06616224712795682
0 0.6455340579152107 0.2866116629706489 0.019720670580863953 0.06282908121744792
1 0.4643520414829254 0.13884913126627604 0.017015039920806885 0.03697787390814887
3 0.5443951725959778 0.2909246974521213 0.04413154125213623 0.10278263092041015
0 0.9079039454460144 0.48089207543267143 0.01979696750640869 0.06449072096082899
3 0.5139490127563476 0.13724441528320314 0.028598594665527343 0.07724906073676216
0 0.6089005321264267 0.7467136171129015 0.017801064252853393 0.13111559549967447
0 0.8146092295646667 0.4367287953694661 0.022876048088073732 0.0734909905327691
0 0.6743920564651489 0.26782155566745336 0.020565128326416014 0.05203571319580078
0 0.006668145954608917 0.43729663425021703 0.013336291909217835 0.10762566460503473
0 0.5982037425041199 0.30000172721015084 0.01654770374298096 0.06758870018853082
1 0.545596182346344 0.12474134763081869 0.01771590709686279 0.035681756337483723
0 0.545408833026886 0.17916994094848632 0.010597920417785645 0.04342098236083984
0 0.5581189393997192 0.18340668148464626 0.010789871215820312 0.04483066134982639
