0 0.7451537549495697 0.36638471815321183 0.0387919545173645 0.08953891330295138
0 0.43388293981552123 0.26066740883721246 0.023163414001464842 0.07548160552978515
2 0.5676124572753907 0.37055770026312934 0.10711746215820313 0.2798996819390191
0 0.6734362483024597 0.2969700813293457 0.021433711051940918 0.055971421135796444
3 0.568901127576828 0.37316143247816297 0.10667282342910767 0.2768544726901584
0 0.07632852792739868 0.3930243598090278 0.053580641746520996 0.08859608968098959
3 0.744923722743988 0.3658152037196689 0.03837375640869141 0.08929214742448595
0 0.6523144364356994 0.30922295252482096 0.021531355381011964 0.050250307718912764
0 0.6344453811645507 0.2973316404554579 0.019168663024902343 0.0695869869656033
0 0.3951092749834061 0.21807370715671115 0.01601812243461609 0.05184760623508029
0 0.69404137134552 0.3417997572157118 0.034142923355102536 0.0746551513671875
0 0.43480512499809265 0.29454323835153545 0.015629422664642335 0.01099370876327157
