0 0.6891552239656449 0.35501508712768554 0.029656141996383667 0.0992487801445855
0 0.07281895279884339 0.7563013712565104 0.08164194822311402 0.18858536614312066
0 0.415589314699173 0.28915585411919487 0.026861608028411865 0.08160680135091146
1 0.07292945235967636 0.756266360812717 0.08076010048389434 0.1880520290798611
0 0.39291817843914034 0.36556117799546983 0.030671483278274535 0.08240057627360026
0 0.0729228600859642 0.3943461842007107 0.0468667060136795 0.09233383602566189
0 0.3382460713386536 0.4354733361138238 0.040619063377380374 0.11176698472764757
0 0.3772543787956238 0.25791841083102757 0.02155630588531494 0.0638935301038954
0 0.35722229480743406 0.3375779999627007 0.027351522445678712 0.088950072394477
0 0.3500276908278465 0.2801335440741645 0.019673100113868712 0.05258890787760417
1 0.33912120103777854 0.4338489532470703 0.037446541787358 0.10926005045572916
0 0.40140352249145506 0.232526609632704 0.015659308433532713 0.050092993842230905
0 0.35438740253448486 0.22880935668945312 0.02001028060913086 0.057984076605902775
