3 0.729697635397315 0.6568476014667087 0.24089230969548225 0.5626524872250027
0 0.2765053391456604 0.4229386435614692 0.05089399814605713 0.1196069081624349
2 0.5532422542572022 0.27263018290201824 0.07969865798950196 0.17040956285264758
0 0.617331587895751 0.30191597408718535 0.02014603093266487 0.06348821851942274
0 0.6525384545326233 0.2971028751797146 0.022639155387878418 0.05847208234998915
3 0.553653222322464 0.2739910019768609 0.07848128080368041 0.16982593536376953
0 0.07345696687698364 0.39386183420817056 0.04509416818618774 0.09105008443196615
0 0.673927617073059 0.2842134263780382 0.019207763671875 0.053190655178493924
0 0.7012130379676819 0.31649375491672094 0.018341445922851564 0.06702499389648438
0 0.7241672992706298 0.3412947760687934 0.023453426361083985 0.07407686445448133
0 0.6337779045104981 0.3007745107014974 0.01791973114013672 0.06816033257378472
0 0.6856103897094726 0.3331326802571615 0.01911334991455078 0.07250974443223741
0 0.6883618175983429 0.20269623862372504 0.012751615047454834 0.048238521152072486
0 0.35219051837921145 0.2208478079901801 0.016629457473754883 0.061433029174804685
1 0.6530714511871338 0.30750247187291585 0.0231076717376709 0.03669695694827371
0 0.0033341412992740514 0.4230147255791558 0.006636158078617882 0.046804322136773005
