0 0.7806608974933624 0.47069303724500866 0.04083670377731323 0.09932344224717882
0 0.6248729169368744 0.2668256017896864 0.018211394548416138 0.058147239685058597
0 0.3599482402205467 0.22719004948933919 0.016913995146751404 0.05709641774495443
0 0.5960546135902405 0.27401483323838977 0.02017199993133545 0.07086588541666666
0 0.3910003870725632 0.20874179204305013 0.01914648413658142 0.05873254140218099
0 0.6397556781768798 0.33513242933485243 0.02296304702758789 0.08352798885769314
0 0.3405247449874878 0.2235216670566135 0.023549652099609374 0.047843615214029946
0 0.5597363471984863 0.24269421895345053 0.014521980285644531 0.04139760335286458
0 0.36870971918106077 0.5105566872490777 0.02764570713043213 0.06683417426215278
0 0.6683989524841308 0.29171930948893227 0.024305152893066406 0.057869338989257814
