0 0.17726986408233641 0.594481372833252 0.049316787719726564 0.14088573455810546
0 0.9382264137268066 0.8622232225206163 0.07647209167480469 0.21641472710503473
0 0.37624793201684953 0.34789344999525285 0.029925450682640076 0.07504414452446831
0 0.22465356588363647 0.4119216071234809 0.03180897235870361 0.09885821872287326
0 0.07662270218133926 0.40273289150661895 0.05887744128704071 0.07434107462565104
0 0.25410923957824705 0.5189632839626737 0.03679981231689453 0.1357237074110243
0 0.3055915832519531 0.3528426170349121 0.026549005508422853 0.09436172909206814
0 0.3267651438713074 0.29985409842597116 0.021443104743957518 0.0740774154663086
0 0.32771164178848267 0.31301360660129124 0.019741368293762208 0.048249435424804685
0 0.6064092755317688 0.21260752148098416 0.015158390998840332 0.06478311750623915
0 0.35267534777522086 0.2563773685031467 0.01836376339197159 0.06611620585123698
1 0.4411477088928223 0.28634028964572483 0.05583686828613281 0.09516194661458334
0 0.39341314435005187 0.19726603825887043 0.012268614768981934 0.04548405541314019
3 0.9385387063026428 0.8627134746975369 0.07589576244354249 0.21540667215983073
1 0.938115119934082 0.8629456837972005 0.07635345458984374 0.21650475396050348
0 0.36191951036453246 0.22200263341267903 0.012253129482269287 0.04381834665934245
0 0.4240783333778381 0.3146922085020277 0.01516895294189453 0.051606639226277666
0 0.7118563294410706 0.2419099383884006 0.013909459114074707 0.039189656575520836
0 0.4629833817481995 0.3100751452975803 0.020419049263000488 0.09023191663953993
0 0.4642328262329102 0.3153034289677938 0.01671645641326904 0.05282908015780979
