0 0.104935 0.638570 0.056797 0.152905
0 0.231730 0.538233 0.038856 0.141466
1 0.432259 0.444583 0.086502 0.189994
0 0.242435 0.391387 0.027772 0.086095
0 0.188646 0.526398 0.038936 0.148695
0 0.319071 0.289943 0.022194 0.072548
0 0.317548 0.471896 0.029538 0.089799
0 0.300793 0.377512 0.029607 0.080574
0 0.165110 0.847174 0.057397 0.257633
0 0.069843 0.410333 0.063648 0.059657
0 0.165693 0.803850 0.055586 0.176344
0 0.375700 0.273088 0.019839 0.066882
0 0.378387 0.347611 0.024673 0.073505
0 0.377685 0.421930 0.026173 0.096406
0 0.296394 0.446389 0.028061 0.066835
0 0.340367 0.301700 0.020164 0.061813
0 0.399152 0.230861 0.016232 0.062044
0 0.435285 0.230689 0.017715 0.059632
0 0.357603 0.268251 0.014999 0.057213
0 0.342261 0.297136 0.020123 0.049099
0 0.462915 0.250238 0.018909 0.067481
0 0.354523 0.343332 0.023182 0.069864
