1 0.700033 0.873778 0.150085 0.249823
0 0.281053 0.420923 0.034805 0.110113
0 0.310382 0.326672 0.026497 0.088891
0 0.978709 0.642661 0.041159 0.113640
0 0.355997 0.313716 0.019477 0.075863
0 0.655717 0.257459 0.018210 0.068494
0 0.387098 0.280459 0.018860 0.084506
0 0.612835 0.286402 0.022714 0.074694
0 0.078064 0.389688 0.054626 0.080568
0 0.353162 0.237191 0.017708 0.063100
0 0.436423 0.266361 0.018867 0.071588
3 0.550624 0.233296 0.067984 0.166448
0 0.684320 0.278699 0.019763 0.070907
0 0.630261 0.249996 0.016726 0.058910
