0 0.7526920795440674 0.4350556903415256 0.03885152339935303 0.09920073615180122
0 0.9643481254577637 0.8367277357313369 0.06998367309570312 0.17584160698784723
0 0.1038667917251587 0.7546787685818143 0.07924318313598633 0.1822424994574653
0 0.7064556539058685 0.40663926866319444 0.03907917737960816 0.09613172743055555
0 0.6341819152235985 0.3094034512837728 0.028428354859352113 0.0666655010647244
1 0.37849348336458205 0.3252667744954427 0.07276426255702972 0.13048951890733507
1 0.10270656943321228 0.7553519778781467 0.07728396654129029 0.1797467549641927
0 0.6758707165718079 0.2950045479668511 0.021012043952941893 0.062137942843967016
0 0.3408496379852295 0.4511726379394531 0.04493627548217773 0.12172682020399306
0 0.07478275299072265 0.39368417527940536 0.0527005672454834 0.08177744547526042
0 0.6569856330752373 0.3078871409098307 0.018113377690315246 0.07955220540364584
1 0.9645515561103821 0.8390341228908963 0.06836059093475341 0.17135259840223524
0 0.3687761306762695 0.24258577558729383 0.018525028228759767 0.05651563008626302
3 0.37070130109786986 0.339015215759476 0.05859739780426025 0.09871833167142338
0 0.8861521720886231 0.39696748521592884 0.03760662078857422 0.09810256958007812
0 0.3507125973701477 0.22492513656616211 0.015327906608581543 0.04734105004204644
0 0.7148568153381347 0.35665142271253797 0.02082376480102539 0.059488275316026476
0 0.3777043342590332 0.19581303066677516 0.014855718612670899 0.057052866617838545
