1 0.546572 0.662948 0.113484 0.207587
1 0.426227 0.629740 0.092237 0.236058
1 0.596873 0.428361 0.062568 0.108032
0 0.535268 0.412023 0.024277 0.101261
0 0.166408 0.632210 0.037201 0.159474
0 0.251050 0.746141 0.044331 0.181638
1 0.437689 0.363239 0.055318 0.111915
0 0.640250 0.501387 0.031404 0.112843
0 0.339595 0.726596 0.041949 0.174179
3 0.747845 0.689562 0.154408 0.287986
0 0.130943 0.895328 0.053156 0.198962
0 0.052735 0.396019 0.053115 0.086983
0 0.863844 0.475327 0.057512 0.097630
1 0.460790 0.266592 0.035297 0.087412
0 0.298486 0.612299 0.031237 0.145468
0 0.263431 0.481882 0.025881 0.107774
1 0.338043 0.345170 0.071789 0.101242
0 0.231064 0.557638 0.028291 0.136525
0 0.252950 0.598225 0.029003 0.138640
0 0.856014 0.639680 0.038660 0.127919
0 0.673511 0.501718 0.028913 0.108874
0 0.643231 0.389497 0.022463 0.087718
0 0.393723 0.350342 0.018825 0.090293
0 0.544569 0.306061 0.016665 0.074215
0 0.595042 0.345657 0.022231 0.078794
1 0.748514 0.950148 0.161671 0.094230
0 0.260964 0.417612 0.023449 0.098832
0 0.899787 0.596077 0.031998 0.116445
0 0.876243 0.785090 0.059671 0.156143
0 0.717504 0.478131 0.033045 0.098751
0 0.530607 0.285383 0.016704 0.068130
0 0.743888 0.425518 0.034040 0.087895
2 0.585892 0.224511 0.055490 0.113283
0 0.924130 0.898056 0.065917 0.181404
0 0.302245 0.424527 0.024007 0.100025
0 0.615848 0.359164 0.020393 0.075406
1 0.516954 0.212382 0.027075 0.057925
1 0.432435 0.154618 0.022107 0.048812
0 0.233265 0.958087 0.049877 0.083501
0 0.561219 0.279868 0.017044 0.065730
0 0.297595 0.512517 0.027420 0.125805
0 0.792354 0.516753 0.039541 0.104662
0 0.863563 0.916476 0.066876 0.156235
0 0.750496 0.517845 0.036823 0.087422
0 0.636123 0.256002 0.018284 0.067420
0 0.777535 0.518244 0.033842 0.092351
0 0.301665 0.308182 0.020333 0.071382
0 0.888071 0.722463 0.040929 0.119544
0 0.685877 0.411672 0.024424 0.086932
0 0.662970 0.335632 0.019761 0.073303
0 0.109870 0.353894 0.047507 0.078749
1 0.404989 0.253919 0.032604 0.060397
3 0.464054 0.205172 0.033307 0.081143
0 0.812291 0.430551 0.030545 0.091041
0 0.783695 0.517938 0.043098 0.096594
0 0.010344 0.340037 0.020687 0.084839
0 0.344338 0.262115 0.018814 0.061978
0 0.499872 0.292757 0.016915 0.070604
