0 0.659098 0.379724 0.048349 0.085039
0 0.174355 0.376921 0.052455 0.090529
0 0.656227 0.557566 0.030849 0.133422
0 0.306055 0.406833 0.024692 0.111363
0 0.875133 0.627661 0.050926 0.125574
0 0.768767 0.590781 0.033385 0.117331
0 0.896181 0.736074 0.044628 0.158501
0 0.754856 0.840392 0.044412 0.184898
1 0.455598 0.286582 0.036288 0.086777
0 0.382589 0.429253 0.025048 0.114363
0 0.829433 0.503041 0.055197 0.098492
0 0.769325 0.685231 0.044153 0.148231
0 0.543347 0.348834 0.029949 0.089644
0 0.021810 0.412180 0.043619 0.091558
0 0.353553 0.349585 0.019628 0.086093
0 0.422699 0.327787 0.017535 0.085367
0 0.055774 0.379817 0.048812 0.079909
0 0.329919 0.337990 0.019389 0.084544
0 0.634956 0.254379 0.018859 0.068059
0 0.926853 0.546147 0.057759 0.106419
0 0.392857 0.359497 0.020849 0.087565
0 0.309422 0.323189 0.020077 0.080243
0 0.568257 0.195507 0.014990 0.054939
3 0.462034 0.153862 0.027990 0.080199
0 0.091471 0.371865 0.048665 0.080810
0 0.543420 0.190276 0.012526 0.052877
0 0.369149 0.321255 0.017322 0.073896
0 0.812066 0.432315 0.032336 0.088689
1 0.452757 0.221358 0.032500 0.065439
0 0.995007 0.835153 0.009985 0.152847
0 0.396952 0.290619 0.017039 0.066608
0 0.926795 0.959814 0.067814 0.078686
