3 0.625584602355957 0.46214448081122506 0.17983856201171874 0.3930997000800239
0 0.07259647399187089 0.3935561921861437 0.04613449275493622 0.08810251024034288
3 0.6601279258728028 0.48320994906955295 0.12025585174560546 0.3886421203613281
0 0.7417005360126495 0.36019058227539064 0.030836975574493407 0.0682173834906684
1 0.5276609420776367 0.2583247502644857 0.04076328277587891 0.06689851548936632
0 0.5279326438903809 0.2579260932074653 0.04168643951416016 0.06526192559136285
0 0.7482849597930908 0.3766474405924479 0.043488502502441406 0.10025058322482638
3 0.5411776840686798 0.23003642294141982 0.05990074872970581 0.12665900124443902
0 0.4144190788269043 0.2185426712036133 0.023221588134765624 0.058947457207573786
2 0.5417194426059723 0.22911000781589083 0.05884097814559937 0.12330349816216363
0 0.7162155151367188 0.3441151089138455 0.025880050659179688 0.08656207190619575
