2 0.6176322937011719 0.45296830071343314 0.1640542984008789 0.3785662333170573
1 0.44309053719043734 0.29482686784532336 0.0506694495677948 0.10297198825412326
1 0.39437021762132646 0.4253713819715712 0.08543806970119476 0.15065010918511285
3 0.6501132667064666 0.4424106809828017 0.10022653341293335 0.38205172220865885
0 0.6435562610626221 0.2851136525472005 0.0254335880279541 0.0672747294108073
0 0.7355341017246246 0.35785505506727433 0.029804956912994385 0.10449786716037326
3 0.3757022500038147 0.42345782650841607 0.04842774868011475 0.1516854127248128
3 0.44369041323661806 0.3174795791843078 0.050338685512542725 0.057064193088768256
0 0.6077309012413025 0.20032601886325413 0.012671589851379395 0.043897522820366755
0 0.37587342262268064 0.42372488445705836 0.04801573753356934 0.15088142818874783
