0 0.962588 0.850737 0.074824 0.195345
0 0.042097 0.810542 0.079634 0.188789
0 0.189250 0.546805 0.056319 0.129895
0 0.215099 0.421117 0.038996 0.095387
1 0.308073 0.826262 0.159523 0.326711
0 0.737516 0.383999 0.029130 0.102249
0 0.671635 0.276696 0.020664 0.067417
2 0.624234 0.284146 0.058334 0.115217
0 0.365685 0.294659 0.019628 0.070132
1 0.359248 0.830592 0.266479 0.327607
0 0.311406 0.387165 0.030511 0.096943
0 0.332182 0.264359 0.019028 0.060984
1 0.575240 0.409331 0.042135 0.097926
0 0.136717 0.371850 0.032434 0.088190
0 0.607871 0.200326 0.015165 0.053123
0 0.078005 0.391538 0.054718 0.084259
