1 0.5539961338043213 0.3754333602057563 0.05970420837402344 0.09898899926079643
0 0.20538941025733948 0.37992764578925237 0.0410481333732605 0.0845380359225803
0 0.14352937936782836 0.5755417293972439 0.04836857318878174 0.12129855685763889
0 0.8939804077148438 0.6601466708713107 0.07312889099121093 0.18292405870225695
0 0.07360818982124329 0.39530153274536134 0.04481328725814819 0.088296996222602
0 0.3528190739452839 0.35549114015367295 0.026409439742565155 0.08853562672932942
0 0.6023008465766907 0.22976213031344944 0.018352055549621583 0.05511705610487196
0 0.7063935041427613 0.37485791709687977 0.026413726806640624 0.10338242053985595
0 0.2823610782623291 0.5358412424723308 0.043599510192871095 0.13129425048828125
0 0.3732717052102089 0.2876733991834852 0.019137510657310487 0.07297418382432726
2 0.5386815249919892 0.24084861543443467 0.04468909502029419 0.09347739749484592
0 0.3593649387359619 0.25406182607014977 0.0203582763671875 0.06796412997775608
3 0.8932477235794067 0.6596778021918402 0.07077608108520508 0.1840897454155816
0 0.9028526306152344 0.8386203342013889 0.058115386962890626 0.18809814453125
0 0.737369155883789 0.35124363369411893 0.02639141082763672 0.08907530042860243
0 0.5881310939788819 0.30038575066460504 0.024658679962158203 0.06934399074978298
1 0.9382907271385192 0.8711670133802626 0.122853684425354 0.25078790452745225
0 0.46630734801292417 0.19480770428975422 0.0165920615196228 0.045191881391737194
0 0.002942960821383167 0.45564619700113934 0.005818942710175179 0.046968375311957467
1 0.538316297531128 0.24246885511610244 0.0477543830871582 0.09101901584201388
0 0.8563428163528443 0.5332409540812174 0.01333465576171875 0.0668343014187283
