0 0.8168185830116272 0.5083333757188585 0.027823853492736816 0.08369132147894966
0 0.6744226366281509 0.3681238492329915 0.0238617479801178 0.0878607643975152
0 0.8449310302734375 0.6598189036051433 0.056906509399414065 0.1602010938856337
0 0.2191652774810791 0.4274759080674913 0.028619909286499025 0.08166461520724827
0 0.21790337562561035 0.5267388979593913 0.03522911071777344 0.11632302602132162
1 0.40166420489549637 0.5696994357638889 0.08800960481166839 0.2312326219346788
0 0.36800068616867065 0.22094669342041015 0.017103409767150878 0.04741524590386285
1 0.4210671901702881 0.34415245056152344 0.05207490921020508 0.08772574530707465
3 0.4137284278869629 0.23042772081163193 0.0730682373046875 0.16951463487413193
3 0.4124784469604492 0.34000129169887966 0.062117266654968264 0.10222480561998155
0 0.3819099426269531 0.2745033264160156 0.01454458236694336 0.06574478149414062
