0 0.7426026821136474 0.37569760613971287 0.03439486026763916 0.09839082558949788
0 0.5583317995071411 0.4528529908921983 0.03525400161743164 0.11271731058756511
0 0.6010609865188599 0.31566923724280466 0.018631839752197267 0.053560696707831486
0 0.6693100690841675 0.2488992691040039 0.019680023193359375 0.06177885267469618
0 0.6365293622016907 0.30736402935451934 0.01924889087677002 0.07081076304117838
0 0.6183958493173123 0.2821872287326389 0.01978294998407364 0.06872071160210504
0 0.5255269527435302 0.25064565870496963 0.029613590240478514 0.0744124518500434
0 0.6043101217597723 0.29844110276963975 0.008620243519544601 0.09072435167100694
0 0.6660077095031738 0.360912111070421 0.03295326232910156 0.08759774102105035
0 0.6699441462755203 0.320236153072781 0.03169490694999695 0.09890867869059244
0 0.6050519868003903 0.31661615955332917 0.009959413256729022 0.05451515937844912
