3 0.11098575592041016 0.7552246835496691 0.21213359832763673 0.4895506329006619
0 0.5594037055969239 0.41004969278971354 0.050787162780761716 0.08615129258897569
3 0.45240057706832887 0.2525416586134169 0.045512962341308597 0.12356849246554905
1 0.2467731714248657 0.438916269938151 0.14199938774108886 0.1082950168185764
0 0.13674743175506593 0.6011694590250651 0.07172102928161621 0.12312664455837674
0 0.4050077646970749 0.37072150972154405 0.041889148950576785 0.07888380686442058
0 0.4810933530330658 0.4864359431796604 0.041507041454315184 0.10867150624593098
0 0.08566559255123138 0.36297328737046985 0.0465506374835968 0.07639064788818359
0 0.7202414512634278 0.565441385904948 0.06641712188720703 0.1098603990342882
0 0.8044806480407715 0.452009031507704 0.06052742004394531 0.08484725952148438
0 0.817536735534668 0.58055665757921 0.06391525268554688 0.115301513671875
0 0.5509316444396972 0.30071029663085935 0.017165756225585936 0.07381854587131076
1 0.21329164505004883 0.539711422390408 0.14438751935958863 0.11928354899088542
0 0.442085862159729 0.5510379791259765 0.07548553943634033 0.11497383117675782
0 0.8677545547485351 0.5613385942247179 0.05644073486328125 0.1008636474609375
0 0.586134421825409 0.35883362028333876 0.024051976203918458 0.07968281639946831
0 0.5234383106231689 0.31327475441826713 0.0225222110748291 0.08739821116129558
0 0.6125266075134277 0.28638288709852433 0.017402267456054686 0.07300008138020833
0 0.46537126898765563 0.36949680116441513 0.037296640872955325 0.07653009626600478
0 0.4381415367126465 0.4054176754421658 0.04780311584472656 0.08333079020182292
0 0.31043789386749265 0.6252655877007378 0.0781132698059082 0.11994120279947916
0 0.8630303621292115 0.4322007285224067 0.04241342544555664 0.07806366814507379
0 0.5623488426208496 0.6138276841905382 0.0746546745300293 0.11714104546440972
0 0.6700384140014648 0.501269276936849 0.05733489990234375 0.10043419731987847
0 0.5795052766799926 0.2524055692884657 0.013278818130493164 0.06278614468044705
0 0.9725775718688965 0.7160875108506944 0.054469871520996097 0.1347832997639974
0 0.5966919779777526 0.23590556250678169 0.014197230339050293 0.05805303785536024
0 0.5653668403625488 0.27388952043321396 0.01343364715576172 0.064863035413954
0 0.545449411869049 0.2236808353000217 0.012484574317932129 0.05611228942871094
1 0.45945624709129335 0.15697601636250813 0.020454919338226317 0.03981801138983832
0 0.37387831658124926 0.207779418097602 0.013293340802192688 0.04938693576388889
0 0.4921686589717865 0.31296994156307645 0.022806847095489503 0.04816210534837511
0 0.9254819869995117 0.535754648844401 0.06594924926757813 0.10379130045572917
0 0.41249033212661745 0.2714933713277181 0.015036296844482423 0.0661821789211697
0 0.6918244361877441 0.5487089474995931 0.028923869132995605 0.08957106272379557
0 0.34016880989074705 0.5548800998263889 0.07216453552246094 0.11127760145399306
0 0.25109224319458007 0.3578965081108941 0.042644691467285153 0.07663565741644965
0 0.32849993705749514 0.28979538811577693 0.020474338531494142 0.06799002753363716
0 0.27222466468811035 0.5999889585706922 0.04461359977722168 0.10860311720106337
0 0.9898510932922363 0.9379444546169705 0.020297813415527343 0.12411109076605903
0 0.4011843502521515 0.29375469419691297 0.015173113346099854 0.06778507232666016
0 0.7124371379613876 0.5016775555080838 0.03239591717720032 0.0610504150390625
0 0.5668952584266662 0.2971391496455504 0.010917735099792481 0.015854879737728172
0 0.7027248859405517 0.2905097219679091 0.03387374877929687 0.06265807681613499
0 0.35843836814165114 0.2955985599093967 0.019300231337547304 0.07039739820692274
0 0.5403257012367249 0.5636756049262153 0.03256776332855225 0.07990404764811197
0 0.37910771518945696 0.2975704616970486 0.01804221570491791 0.06843532986111112
3 0.4526106953620911 0.30183770099861756 0.037167716026306155 0.025202582155664763
0 0.39055553674697874 0.28943282233344186 0.017058396339416505 0.07310803731282552
0 0.6739770531654358 0.2673063808017307 0.021633315086364745 0.052941152784559464
3 0.9742467522621154 0.599588754442003 0.05150649547576904 0.1389683617485894
0 0.4348487138748169 0.155840269724528 0.009221959114074706 0.03807264963785807
0 0.4175694704055786 0.20133691363864475 0.011527371406555176 0.04644591013590495
0 0.5205927848815918 0.6064901987711588 0.03883585929870605 0.092425537109375
3 0.2457090437412262 0.482060792711046 0.128044593334198 0.1881264156765408
1 0.5556363344192505 0.18759777810838488 0.0213320255279541 0.05381852255927192
0 0.41720233857631683 0.16916075282626683 0.010093575716018677 0.0370101186964247
1 0.45241578221321105 0.30170121882110834 0.0374017596244812 0.024713926307029194
1 0.1100113034248352 0.7879584418402777 0.2200226068496704 0.40848460727267794
