0 0.7747252404689788 0.5740473005506728 0.05085707902908325 0.13702528211805556
1 0.5536913633346557 0.3637999746534559 0.05603218078613281 0.10069789886474609
0 0.7275913834571839 0.3534993648529053 0.03402729034423828 0.08459772533840604
0 0.823155403137207 0.5465054829915365 0.05394902229309082 0.14148729112413194
0 0.2850962519645691 0.5241682476467556 0.03906867504119873 0.14049466451009116
0 0.2202412009239197 0.3674817721048991 0.03704788684844971 0.0825344721476237
0 0.3295122504234314 0.295799191792806 0.03188164234161377 0.06818360222710504
0 0.07313423752784728 0.3958447244432237 0.04319694042205811 0.08787665896945529
2 0.5344944953918457 0.22689059575398762 0.04078154563903809 0.09245870378282335
0 0.32712583541870116 0.3787670135498047 0.02808370590209961 0.1084654066297743
0 0.5885586619377137 0.20825219684176974 0.015772700309753418 0.051445791456434464
0 0.6956009864807129 0.3271780225965712 0.04108428955078125 0.06882648468017578
1 0.6946138113737106 0.32709080378214517 0.042345696687698366 0.06861239539252387
1 0.8229035198688507 0.5472021844651964 0.0525835394859314 0.14115594228108724
0 0.5574421405792236 0.26574486626519095 0.021798229217529295 0.06350945366753472
1 0.33036005049943923 0.37352268430921765 0.019137874245643616 0.10800088246663411
3 0.4130117131397128 0.7763711929321289 0.17738271690905094 0.44725761413574217
0 0.46752517819404604 0.1945256445142958 0.01269148588180542 0.036014790005154076
3 0.0733983725309372 0.39546633031633166 0.04317430853843689 0.0867347240447998
3 0.6423097610473633 0.4889645046657986 0.08461952209472656 0.41863835652669273
