0 0.314116 0.673443 0.090148 0.138222
0 0.780890 0.575382 0.059334 0.116596
0 0.107821 0.712231 0.038452 0.168219
0 0.241410 0.409324 0.049890 0.086234
0 0.450004 0.399421 0.050639 0.090438
0 0.532822 0.418297 0.052400 0.092399
0 0.649989 0.633596 0.072683 0.129974
0 0.422135 0.283875 0.017578 0.072677
0 0.400281 0.293341 0.017539 0.074321
0 0.364727 0.289060 0.018731 0.075042
0 0.545050 0.290933 0.018800 0.077385
0 0.322257 0.296062 0.020821 0.070737
1 0.446003 0.222422 0.029613 0.064688
0 0.228815 0.517397 0.074701 0.110918
0 0.492666 0.673657 0.087296 0.125665
0 0.622224 0.582842 0.069865 0.108039
0 0.603540 0.252328 0.015965 0.067648
1 0.313283 0.479925 0.094257 0.112093
0 0.732885 0.530524 0.052273 0.108607
0 0.035216 0.654539 0.070192 0.110911
0 0.381499 0.277508 0.016687 0.069962
0 0.339607 0.331711 0.020092 0.077735
3 0.509980 0.152208 0.030223 0.081887
0 0.864145 0.429086 0.047166 0.088758
0 0.488525 0.550340 0.073874 0.116671
0 0.087886 0.368766 0.051333 0.072524
3 0.071086 0.524122 0.142173 0.193659
0 0.570010 0.217332 0.012792 0.057191
0 0.126646 0.958884 0.064799 0.078682
0 0.212675 0.472509 0.044462 0.087186
0 0.744279 0.519567 0.039860 0.113269
0 0.016345 0.389658 0.032496 0.089307
0 0.521145 0.617599 0.084732 0.116812
0 0.141613 0.470580 0.048143 0.089306
1 0.165399 0.411159 0.099932 0.096562
0 0.404736 0.189607 0.012848 0.052463
0 0.809383 0.420787 0.030408 0.091997
0 0.133903 0.462522 0.066682 0.093769
1 0.457509 0.178396 0.025382 0.051286
3 0.961231 0.582509 0.077538 0.333226
0 0.277250 0.505290 0.062609 0.097651
0 0.701288 0.287070 0.032117 0.070914
0 0.529685 0.629064 0.076951 0.112814
0 0.026102 0.768120 0.052071 0.139436
0 0.783218 0.414977 0.022685 0.089975
0 0.184608 0.443104 0.039723 0.080644
