0 0.19844099283218383 0.5188884523179796 0.04473469257354736 0.11100056966145834
2 0.5886961936950683 0.30680936177571616 0.09180698394775391 0.19591412014431422
1 0.6188434481620788 0.5129049089219835 0.08820569515228271 0.14781239827473958
0 0.6507735639810562 0.29581757651435003 0.02836185097694397 0.07093037499321832
1 0.42792558670043945 0.34130772484673394 0.049541664123535153 0.10956204732259114
0 0.07305720448493958 0.3944370269775391 0.04708367586135864 0.08991580539279515
0 0.33498043892905116 0.2910247484842936 0.024572637118399143 0.072604857550727
3 0.5888841390609741 0.30592187245686847 0.0920166015625 0.19327303568522136
2 0.27637596130371095 0.6408594767252604 0.32575311660766604 0.6500661214192708
0 0.8366645812988281 0.6024147033691406 0.06439361572265626 0.1664155748155382
1 0.44923830032348633 0.24964508480495876 0.038739895820617674 0.08860668606228299
0 0.36796112209558485 0.27083396911621094 0.02256387174129486 0.06675771077473959
0 0.2677579402923584 0.3933436181810167 0.03946895599365234 0.09277324676513672
0 0.33407280445098875 0.30762898127237953 0.023319101333618163 0.03748018476698134
3 0.42816864252090453 0.3430877102745904 0.049512481689453124 0.108397642771403
3 0.591365396976471 0.34856991552644306 0.09307997226715088 0.11149170564280617
0 0.3869511365890503 0.2712711334228516 0.019208765029907225 0.06919759114583333
0 0.35744481086730956 0.21345043182373047 0.014573144912719726 0.051043192545572914
0 0.6058877229690551 0.1872082922193739 0.014009475708007812 0.04594398074679905
1 0.2677823781967163 0.3931462870703803 0.03948650360107422 0.09269244935777453
3 0.6185534212039784 0.3517880704667833 0.03647878109477461 0.12521259519788955
3 0.6175135090947151 0.31260526445176867 0.035027018189430235 0.19353421529134116
0 0.6502889394760132 0.3098355399237739 0.03078017234802246 0.04189330206976997
0 0.4060044139623642 0.25158589680989585 0.016887694597244263 0.05788018968370226
3 0.3688344955444336 0.4756398141384125 0.09704399108886719 0.3437371055285136
0 0.6182785302400589 0.17786238458421494 0.011759677529335022 0.04362101025051541
