0 0.158110 0.482048 0.045192 0.109073
0 0.730520 0.392844 0.035263 0.105975
0 0.107169 0.641371 0.052543 0.137582
0 0.685404 0.475743 0.036778 0.122994
0 0.344687 0.390683 0.027278 0.102906
0 0.077814 0.391517 0.056815 0.083904
3 0.566676 0.286219 0.086171 0.195169
0 0.577183 0.782952 0.048052 0.188401
2 0.594157 0.504418 0.117336 0.243853
0 0.323244 0.275550 0.020425 0.070897
0 0.687608 0.288065 0.023060 0.078182
0 0.340780 0.395517 0.029232 0.104417
0 0.357469 0.291394 0.019535 0.073328
0 0.381167 0.311105 0.018954 0.075685
0 0.407393 0.291870 0.016921 0.063204
