0 0.104407 0.811270 0.080727 0.193643
0 0.267694 0.379267 0.038912 0.097610
0 0.675575 0.338184 0.036528 0.088471
0 0.745311 0.421695 0.041002 0.101819
0 0.313098 0.578485 0.037254 0.152941
0 0.330185 0.284641 0.031251 0.066814
0 0.410867 0.284380 0.028621 0.077638
0 0.312789 0.421663 0.038355 0.106768
0 0.627377 0.227756 0.026412 0.065866
1 0.559106 0.226601 0.064316 0.113855
0 0.361424 0.278556 0.026014 0.071727
0 0.080869 0.393531 0.062641 0.090173
0 0.541631 0.469427 0.046628 0.138044
0 0.366921 0.212651 0.016370 0.058895
0 0.396085 0.199883 0.017407 0.053622
