0 0.28467410802841187 0.4431504355536567 0.03634483814239502 0.08615616692437066
1 0.36676974296569825 0.6682947794596354 0.12784090042114257 0.2824740939670139
1 0.3766089451382868 0.6181898328993055 0.11184189079795033 0.18552491929796006
0 0.3534815192222595 0.3214417987399631 0.027865290641784668 0.07961006164550781
0 0.2109374701976776 0.4483740594651964 0.025946390628814698 0.08647420671251085
0 0.31743999719619753 0.34142592748006184 0.030592799186706543 0.08158067067464193
0 0.6954575061798096 0.36476976606580946 0.032332324981689455 0.07943331400553386
2 0.37571745276800356 0.6686837832132976 0.11055084943072871 0.28473885854085285
2 0.42829217910766604 0.31347473992241753 0.09482500553131104 0.23281046549479167
0 0.37574257850646975 0.28648967742919923 0.015063416957855225 0.05988837348090278
0 0.34929403439164164 0.26656484603881836 0.015824185311794282 0.0477063708835178
0 0.1434993028640747 0.6053882175021701 0.045050764083862306 0.1511135525173611
1 0.28476094007492064 0.44346992174784344 0.036627554893493654 0.08679766125149196
3 0.42881521582603455 0.36738074409464994 0.09379643201828003 0.15505581324299175
0 0.6141484260559082 0.1921989017062717 0.01573772430419922 0.052314673529730904
0 0.3561999797821045 0.23342552185058593 0.01620635986328125 0.05660001966688368
