0 0.6507977679371834 0.37922566731770835 0.034905669093132016 0.09205729166666667
1 0.5855338335037231 0.46420491536458336 0.09304862022399903 0.16758126152886285
0 0.2848917841911316 0.3929368125067817 0.030288100242614746 0.0797005123562283
0 0.16605820059776305 0.47586807674831816 0.04241126775741577 0.1041634029812283
0 0.2049843430519104 0.2840711805555556 0.03360927104949951 0.061247762044270834
0 0.65844347178936 0.28499536514282225 0.026490670442581177 0.07248439788818359
0 0.36046696826815605 0.35076849129464893 0.03162460476160049 0.08339697652392918
0 0.2131649672985077 0.39579785664876305 0.034567844867706296 0.08638229370117187
0 0.32376880645751954 0.3672874132792155 0.031427001953125 0.07976665496826171
0 0.30628578662872313 0.3239410082499186 0.02497386932373047 0.06553724077012804
1 0.5410319209098816 0.23741248448689778 0.049309706687927245 0.06777498457166883
0 0.07274909615516663 0.3932657029893663 0.048585498332977296 0.08841739230685763
0 0.32969981715432367 0.36625922520955406 0.01852073996560648 0.08353286319308811
0 0.2609709143638611 0.46267742580837673 0.03868668079376221 0.10200534396701388
0 0.4314325362443924 0.2828889528910319 0.029436653852462767 0.07524445851643881
0 0.5408950090408325 0.2825468805101183 0.01922783851623535 0.06352833641899956
0 0.5391782402992249 0.301573555999332 0.01790039539337158 0.02536933422088623
0 0.7514398574829102 0.3930543687608507 0.03507804870605469 0.09088880750868056
3 0.5849790573120117 0.46268589761522083 0.09344620704650879 0.1678849220275879
0 0.32643808126449586 0.2564288033379449 0.01525890827178955 0.05013402303059896
0 0.6034489735960961 0.1998339229159885 0.0067933410406112674 0.04864444732666016
0 0.39760892391204833 0.24717564053005642 0.0169370174407959 0.06389338175455729
0 0.6004706263542176 0.20103414323594834 0.011810755729675293 0.04653049045138889
0 0.5207502186298371 0.3128586875067817 0.019261205196380617 0.06741443210177951
0 0.37445712089538574 0.29953032599555124 0.019639015197753906 0.06507610744900173
0 0.40518778860569 0.2014824390411377 0.014470595121383666 0.047476736704508464
3 0.6161333495401777 0.45688751008775497 0.031521965260617436 0.16134522755940756
0 0.3596483707427979 0.2755495919121636 0.019956350326538086 0.06061223347981771
0 0.2044036865234375 0.30177797608905366 0.03076338768005371 0.02577817440032959
0 0.6581882953643798 0.30556542052783897 0.025001668930053712 0.03288976403160228
0 0.4334036648273468 0.3050156447622511 0.01834477186203003 0.032253511746724445
1 0.6158959203981794 0.4569630940755208 0.031492091412656006 0.16021796332465277
0 0.3400609493255615 0.23780413733588324 0.014198398590087891 0.0597387949625651
