0 0.11264116764068603 0.7957773844401042 0.07298945784568786 0.18396538628472223
1 0.5898951530456543 0.36417757670084633 0.08688430786132813 0.15650812784830728
0 0.8308327674865723 0.6565556420220269 0.07531852722167968 0.18562020195855033
0 0.2994373798370361 0.338100528717041 0.03206543922424317 0.08162314097086588
0 0.14384954571723937 0.5186395009358724 0.049774658679962155 0.11559295654296875
0 0.6581289052963257 0.273536671532525 0.03134078979492187 0.07290041181776259
0 0.34529134035110476 0.3801825417412652 0.03213341236114502 0.09309103224012587
0 0.2118968665599823 0.28363666534423826 0.03239976167678833 0.05778291490342882
0 0.5228532254695892 0.2872674200269911 0.020022165775299073 0.08070434994167752
0 0.346203088760376 0.29796474244859483 0.024094533920288087 0.05875165727403429
0 0.39307838678359985 0.3065882364908854 0.03095865249633789 0.08849724663628472
0 0.37602563947439194 0.24869007534450954 0.020783987641334534 0.07359080844455296
1 0.8302565038204193 0.6570827272203233 0.07306419610977173 0.184581544664171
1 0.1118273377418518 0.7959028455946181 0.06981856822967529 0.18042034573025173
0 0.5961398124694824 0.21957950592041015 0.017366790771484376 0.04896791246202257
3 0.6166127011179924 0.37369988560676576 0.0332254022359848 0.1535393648677402
2 0.5896170496940613 0.36608157687717013 0.08783156871795654 0.1543853759765625
0 0.07814809679985046 0.4016810099283854 0.056076419353485105 0.06550530327690972
3 0.8309073269367218 0.6571452882554796 0.0732927680015564 0.18451347351074218
