1 0.641278 0.679485 0.101312 0.184562
0 0.248745 0.710748 0.035999 0.165253
1 0.881653 0.878745 0.214327 0.240307
0 0.337942 0.664698 0.032973 0.156176
0 0.554409 0.758002 0.046134 0.175241
0 0.244357 0.490578 0.025580 0.115083
1 0.550760 0.203035 0.030107 0.059753
0 0.286430 0.567701 0.028778 0.142539
0 0.221743 0.623559 0.030794 0.143813
0 0.422835 0.525698 0.025546 0.130525
0 0.214796 0.454920 0.025296 0.115612
0 0.669702 0.369740 0.021990 0.092065
1 0.556027 0.325763 0.041985 0.085057
0 0.649329 0.532717 0.027091 0.121440
0 0.627574 0.384813 0.020646 0.096867
0 0.177431 0.728862 0.039138 0.175416
0 0.139159 0.380129 0.054134 0.087229
0 0.379370 0.576763 0.025232 0.128863
0 0.416039 0.784897 0.039821 0.194733
0 0.109875 0.706726 0.039705 0.179542
0 0.666554 0.471570 0.025539 0.106274
0 0.768401 0.604918 0.034423 0.131635
0 0.613829 0.313428 0.017499 0.077875
0 0.302142 0.448451 0.021255 0.108499
1 0.447819 0.287754 0.038893 0.083510
0 0.642899 0.284748 0.018025 0.074964
0 0.463784 0.340843 0.019168 0.085835
0 0.346155 0.876111 0.046664 0.200104
0 0.268897 0.437302 0.021540 0.100033
0 0.211328 0.855302 0.046267 0.193852
0 0.723376 0.518258 0.030908 0.118917
0 0.329957 0.539338 0.029070 0.126970
0 0.819797 0.627275 0.041928 0.132955
0 0.410346 0.424644 0.022733 0.105253
0 0.509960 0.378696 0.031618 0.092077
0 0.337272 0.395972 0.020623 0.095332
0 0.382941 0.361440 0.019555 0.087133
0 0.385400 0.448461 0.022326 0.105696
0 0.255215 0.365448 0.028728 0.086776
0 0.942508 0.787718 0.055463 0.111805
0 0.359850 0.399086 0.019843 0.097042
0 0.087772 0.368213 0.053406 0.080106
0 0.584662 0.230566 0.015040 0.062763
0 0.315266 0.373474 0.019982 0.085967
0 0.745539 0.504559 0.024270 0.107045
1 0.513115 0.178979 0.028527 0.062952
0 0.920374 0.715483 0.072437 0.116552
0 0.335551 0.310863 0.018161 0.072795
1 0.456046 0.230689 0.030942 0.058764
0 0.783646 0.519819 0.031376 0.106818
0 0.838386 0.585633 0.027542 0.107523
0 0.986872 0.889309 0.026051 0.117904
0 0.495110 0.336795 0.018826 0.082748
0 0.294875 0.397361 0.020037 0.087627
0 0.395943 0.322548 0.016614 0.073133
0 0.306785 0.322557 0.020533 0.071914
0 0.011938 0.339550 0.023876 0.084556
0 0.779456 0.514494 0.030900 0.103360
0 0.810700 0.425068 0.032349 0.091326
0 0.498265 0.294921 0.018672 0.067981
