0 0.26027497053146365 0.3238260375128852 0.03217260837554932 0.0668744617038303
0 0.06480610966682435 0.6720299614800347 0.08075636625289917 0.17856987847222222
1 0.5566094636917114 0.35726129743787977 0.05604805946350098 0.09788330925835503
0 0.30806195735931396 0.29740018844604493 0.031598663330078124 0.07443887922498915
0 0.7208168625831604 0.3377139727274577 0.0300673246383667 0.07247464921739366
0 0.7281557261943817 0.4060056474473741 0.03767827749252319 0.07221476236979167
0 0.6832884758710861 0.3382130410936144 0.03014053702354431 0.0701944351196289
0 0.6657911777496338 0.2682939741346571 0.026133108139038085 0.06299235026041666
0 0.07343247532844543 0.3967923270331489 0.0424673318862915 0.08228407965766059
1 0.06308842077851295 0.6728947639465332 0.08280541151762008 0.17720309363471137
1 0.05148658752441406 0.6472514046563043 0.10297317504882812 0.1266026390923394
0 0.7134440302848816 0.33978842629326717 0.013736939430236817 0.07601481543646918
0 0.31067265272140504 0.311996947394477 0.024431920051574706 0.046216117011176214
0 0.7145628809928894 0.40239279799991184 0.011176466941833496 0.07293409241570367
3 0.4126620519906282 0.76737978193495 0.17187988981604577 0.4559978485107422
1 0.4890498161315918 0.21615943908691407 0.054423069953918456 0.08210097418891059
1 0.7147847056388855 0.39421950711144343 0.010888123512268066 0.09742579460144044
0 0.856537115573883 0.5318717532687717 0.013451552391052246 0.06688279045952691
0 0.443586540222168 0.2670154147677951 0.01913585662841797 0.058847469753689235
