0 0.206045 0.629079 0.057853 0.140118
0 0.815129 0.546714 0.048251 0.126773
0 0.634203 0.395081 0.037733 0.097615
0 0.746049 0.420636 0.043454 0.102495
0 0.151381 0.560754 0.047094 0.126588
0 0.204785 0.283689 0.035635 0.062385
0 0.666737 0.270687 0.029729 0.074678
0 0.073464 0.392096 0.046883 0.087928
0 0.682164 0.368074 0.036062 0.092652
0 0.276184 0.413046 0.027426 0.107556
0 0.361779 0.326886 0.024469 0.079212
0 0.375280 0.270889 0.022398 0.063427
1 0.433364 0.239753 0.038048 0.068736
0 0.308808 0.322932 0.022947 0.062978
2 0.564131 0.234603 0.101389 0.121612
0 0.693027 0.301114 0.023597 0.058345
1 0.423130 0.300828 0.048512 0.079051
0 0.298536 0.470086 0.027811 0.110950
0 0.383359 0.200158 0.015725 0.049934
