1 0.713698 0.746478 0.120624 0.218571
0 0.198380 0.607517 0.059537 0.130687
0 0.355880 0.406495 0.023506 0.102367
0 0.824840 0.607617 0.035258 0.138667
0 0.671382 0.488169 0.029338 0.117107
3 0.354628 0.297772 0.060614 0.134253
0 0.892424 0.684346 0.042283 0.148331
1 0.552457 0.557745 0.103175 0.143585
0 0.302213 0.355532 0.022398 0.097767
0 0.628501 0.330985 0.020008 0.087065
0 0.933994 0.913933 0.074367 0.167514
3 0.559163 0.303624 0.058188 0.142210
0 0.536621 0.696845 0.050884 0.150967
0 0.725433 0.503104 0.028121 0.112386
3 0.177337 0.362365 0.191974 0.186631
0 0.672537 0.333218 0.022367 0.081819
0 0.421697 0.309386 0.020001 0.076081
1 0.474424 0.318497 0.076150 0.093446
0 0.604066 0.290469 0.017023 0.073631
3 0.457476 0.220119 0.037078 0.092844
0 0.188841 0.537640 0.052260 0.103573
0 0.400651 0.290363 0.017019 0.069398
0 0.980901 0.870049 0.037854 0.154933
0 0.742388 0.458078 0.027704 0.096098
0 0.810995 0.429463 0.033670 0.097117
0 0.680298 0.416858 0.025383 0.099309
1 0.401616 0.254551 0.032944 0.061688
3 0.522859 0.207601 0.042633 0.102114
0 0.523943 0.594568 0.037571 0.123829
0 0.274995 0.306598 0.020360 0.072522
0 0.863289 0.433400 0.045986 0.084708
