0 0.25659326314926145 0.45493166181776257 0.03232009410858154 0.10260158114963108
1 0.634321141242981 0.7242436408996582 0.15781455039978026 0.28352743784586587
1 0.4124604076147079 0.41425338321261934 0.08259037137031555 0.13564041985405817
0 0.07997924387454987 0.40122945573594837 0.05327305197715759 0.0644494374593099
0 0.7672772228717804 0.5210359043545193 0.038082468509674075 0.10498642391628689
1 0.628063189983368 0.6464283625284831 0.1522139310836792 0.1276086171468099
0 0.33975632190704347 0.36050619549221463 0.0312809944152832 0.10179534488254123
3 0.28557032346725464 0.8473944134182401 0.22773435115814208 0.30521117316352
0 0.38514362573623656 0.4172118504842122 0.029712748527526856 0.10908080206976997
0 0.3231846332550049 0.29634009467230904 0.020165729522705077 0.08462253146701389
0 0.38568420708179474 0.2373135248819987 0.013666516542434693 0.05179875691731771
0 0.4014486789703369 0.303916867574056 0.02780427932739258 0.08122079637315538
0 0.35838654041290285 0.23801195356580945 0.015094995498657227 0.05081541273328993
0 0.3380449410527945 0.23900994194878472 0.019952190667390825 0.03986829121907552
1 0.28942596912384033 0.8392400529649523 0.21351170539855957 0.3215198940700955
0 0.33064820766448977 0.29611746470133465 0.03609466552734375 0.08114590115017362
0 0.3613624095916748 0.2770087983873155 0.017135828733444214 0.06512552897135417
0 0.39835900366306304 0.2390503141615126 0.013994520902633667 0.05360692342122396
0 0.3404597043991089 0.24797723558213974 0.020637035369873047 0.06318249172634549
0 0.39455286264419553 0.2978997230529785 0.010894274711608887 0.07047091590033637
0 0.3572832137346268 0.30023338821613127 0.01800984740257263 0.021990574192669657
0 0.3657248795032501 0.35904935201009114 0.028929364681243897 0.09933268229166667
0 0.32775984093896116 0.28988189697265626 0.014633909158874303 0.06651407877604167
0 0.33740601600147785 0.2882616572909885 0.033345757704228166 0.06762688954671224
0 0.35756239891052244 0.30781021118164065 0.01937704086303711 0.06634911431206597
0 0.32304236888885496 0.31547124228543705 0.018952178955078124 0.050584250522984396
