0 0.721773 0.584605 0.065498 0.116072
1 0.176522 0.524978 0.144600 0.129157
1 0.495402 0.511430 0.140171 0.121933
0 0.810471 0.552515 0.059876 0.105966
1 0.105960 0.835698 0.181018 0.268454
3 0.451809 0.250766 0.044992 0.117467
1 0.410419 0.399770 0.114995 0.097789
0 0.612774 0.407542 0.022491 0.097110
0 0.628988 0.366085 0.021871 0.085744
0 0.587580 0.288383 0.016850 0.073888
0 0.975185 0.715322 0.049411 0.131422
0 0.565606 0.276614 0.016005 0.072520
0 0.323775 0.298823 0.019747 0.071740
0 0.763134 0.943577 0.054073 0.112845
0 0.618950 0.309000 0.017592 0.072687
0 0.900205 0.557229 0.065895 0.102567
0 0.475542 0.332691 0.030829 0.075557
0 0.611321 0.264502 0.016795 0.065993
0 0.086625 0.368013 0.053688 0.080751
0 0.534729 0.301340 0.024804 0.073900
0 0.695480 0.538403 0.061323 0.104782
0 0.533933 0.222407 0.013812 0.055925
0 0.777705 0.529088 0.040112 0.097776
1 0.166348 0.426498 0.153669 0.096996
0 0.402672 0.294067 0.017972 0.064009
0 0.811361 0.430168 0.032440 0.086389
0 0.863207 0.434168 0.047556 0.079668
0 0.358955 0.297094 0.018737 0.066091
0 0.790267 0.510526 0.051884 0.082077
0 0.342152 0.295972 0.018673 0.067686
