0 0.810164338350296 0.5409099790785048 0.03945225477218628 0.11431990729437934
0 0.2858461856842041 0.5870846218532986 0.046962833404541014 0.12938130696614583
0 0.16039628982543946 0.6839274088541667 0.05904541015625 0.19069603814019098
1 0.5761791229248047 0.3450918409559462 0.06419944763183594 0.11005766126844618
0 0.08004770427942276 0.4016296598646376 0.06176669299602509 0.06658312479654947
3 0.44366665184497833 0.24274848832024468 0.0773225486278534 0.162514591217041
0 0.37341625392436983 0.27856697506374783 0.022890704870224 0.06497260199652778
0 0.38283343613147736 0.21791453891330295 0.018081778287887575 0.06212781270345052
0 0.6721504330635071 0.28010196685791017 0.01832001209259033 0.06305088467068143
0 0.3371118903160095 0.253153928120931 0.01911880970001221 0.06339713202582466
0 0.30988296270370486 0.2842565112643772 0.02226898670196533 0.07294273376464844
2 0.4465306758880615 0.23851481543646919 0.0786285400390625 0.17292069329155815
0 0.581520414352417 0.2670119179619683 0.024861478805541994 0.05777214898003472
0 0.40618654489517214 0.22248815960354276 0.016546630859375 0.06566507551405165
0 0.6985818594694138 0.42256761921776664 0.02867019772529602 0.09442546102735731
0 0.6856389731168747 0.374563037024604 0.028051930665969848 0.07959291670057508
3 0.5766284942626954 0.34561187641488184 0.06495614051818847 0.11038611299461788
1 0.1601327359676361 0.6850676960415311 0.05838676691055298 0.19003187815348307
0 0.32199023962020873 0.2594471401638455 0.01103522777557373 0.05256919860839844
0 0.22460570335388183 0.444390869140625 0.022429943084716797 0.08124525282118056
0 0.6045493558049202 0.3466372489929199 0.009098711609840392 0.11176827748616537
