0 0.35289825201034547 0.3439544783698188 0.031030726432800294 0.08147733476426866
0 0.40851023197174074 0.2977187050713433 0.029277110099792482 0.07668690151638455
1 0.553865122795105 0.36065280702379016 0.05869026184082031 0.10620657602945964
0 0.0806017905473709 0.39407393137613933 0.04628352522850036 0.08667318556043836
3 0.7744600296020507 0.49159125222100153 0.3163768768310547 0.423983277214898
0 0.6507500529289245 0.24192832310994467 0.022485184669494628 0.04742437998453776
0 0.3631326675415039 0.2769777086046007 0.038960933685302734 0.06370578342013888
0 0.43708139657974243 0.20129720899793838 0.01671733856201172 0.06788419087727865
2 0.8238606452941895 0.6530598958333333 0.3522787094116211 0.6938802083333333
0 0.3290652577590663 0.2542689535352919 0.017369731364306064 0.05811701880560981
0 0.45381841659545896 0.2001881970299615 0.01611149311065674 0.05068943235609266
3 0.5064877152442933 0.1855630185869005 0.07646987438201905 0.12110329733954536
0 0.607132013887167 0.19601025581359863 0.013867156207561493 0.060046842363145614
0 0.7126393556594849 0.22963859770033096 0.014249539375305176 0.043570052252875434
0 0.39710540771484376 0.2979388872782389 0.0057891845703125 0.08298570844862196
3 0.08105737566947938 0.39407698843214245 0.04635137319564819 0.08655400806003147
