1 0.382209 0.551025 0.122107 0.276621
0 0.112077 0.622284 0.053654 0.151005
0 0.632693 0.371303 0.030826 0.087507
0 0.375232 0.286588 0.024291 0.066081
0 0.737653 0.430324 0.026584 0.098688
0 0.251191 0.347516 0.023262 0.076405
0 0.265138 0.497070 0.035561 0.112449
0 0.350695 0.278699 0.022685 0.063130
0 0.551392 0.227154 0.016152 0.042470
0 0.314404 0.279684 0.018773 0.069457
0 0.343078 0.340987 0.022141 0.074641
0 0.398054 0.229295 0.018259 0.056199
1 0.456479 0.226378 0.033328 0.069229
0 0.247849 0.419339 0.024266 0.075403
