0 0.4298300355672836 0.3586756984392802 0.040421444177627566 0.0762188884947035
0 0.45961627960205076 0.46745876736111114 0.04761171340942383 0.10132598876953125
0 0.4089969635009766 0.5444609747992621 0.06970767974853516 0.11578131781684028
0 0.21017539501190186 0.5210531870524089 0.07171440124511719 0.1075421651204427
0 0.6551176071166992 0.5536878797743056 0.06821708679199219 0.10922478569878472
0 0.5289403915405273 0.309085210164388 0.017824554443359376 0.07724566989474826
1 0.4636548042297363 0.22875051498413085 0.026652026176452636 0.05808247460259332
0 0.07941356003284454 0.4343468560112847 0.05127503275871277 0.08346600002712673
0 0.49721830487251284 0.32671861383650036 0.02446857690811157 0.07565944989522298
0 0.5773707270622254 0.2524401452806261 0.012662625312805176 0.06348446740044487
0 0.739345645904541 0.5572711096869575 0.06411800384521485 0.10187149047851562
0 0.44237943887710574 0.28658428192138674 0.01520228385925293 0.06715507507324218
0 0.8707297086715698 0.5097088707817925 0.051521682739257814 0.08439873589409722
0 0.31340153217315675 0.5089281506008572 0.043822717666625974 0.10752304924858941
0 0.6687826633453369 0.3006200154622396 0.0201446533203125 0.07431844075520834
0 0.6029105663299561 0.25679876539442276 0.017038345336914062 0.06688279045952691
1 0.2970720291137695 0.4000527064005534 0.11550140380859375 0.08351275126139322
0 0.5551899790763855 0.28723603354560007 0.014194655418395995 0.06910101572672527
0 0.8217975616455078 0.6002115037706163 0.051352500915527344 0.10812869601779514
1 0.17354180216789244 0.46825745900472004 0.1457247853279114 0.11368149651421441
0 0.5553759217262269 0.3051312115457323 0.01636812686920166 0.03248464531368679
1 0.33832310885190964 0.38664915296766494 0.036021217703819275 0.08761776818169488
0 0.3656325340270996 0.30770627127753364 0.024032747745513915 0.0757902569240994
0 0.34164406061172486 0.29900920655992297 0.01728775501251221 0.06630018022325304
0 0.44238369464874266 0.3045245369275411 0.014703845977783203 0.03127129607730442
0 0.5226672708988189 0.18617250124613444 0.011523282527923584 0.04718217849731445
0 0.3804874688386917 0.23299722671508788 0.012915915250778199 0.055485937330457896
0 0.3627966307103634 0.5302693896823459 0.03991008549928665 0.10585585700141059
1 0.46244254112243655 0.17276530265808104 0.023419117927551268 0.05073391596476237
0 0.3874758958816528 0.5656132380167643 0.024196338653564454 0.08500196668836806
0 0.523341977596283 0.23948018815782335 0.014533305168151855 0.055018912421332465
3 0.971132242679596 0.5697969436645508 0.05693953037261963 0.24092530144585503
1 0.4184236854314804 0.22026293012830947 0.023857098817825318 0.05437486436631944
0 0.6696096897125244 0.31194246874915227 0.017571115493774415 0.0461071597205268
0 0.5837852716445923 0.21697171529134116 0.012589025497436523 0.049521085951063366
0 0.7131431698799133 0.5438681496514215 0.014029383659362793 0.12872030470106338
0 0.5564954876899719 0.24902147716946071 0.013036036491394043 0.051207415262858075
0 0.36111331135034563 0.23823005888197157 0.013633242249488831 0.053736644321017796
0 0.6124298481619916 0.5298328081766764 0.024290982191450892 0.07367254892985026
0 0.32394575141370296 0.28043107986450194 0.007260876148939133 0.06139180925157335
0 0.6310050267726183 0.49220287005106605 0.03886822089552879 0.08192179997762045
0 0.7345949470996856 0.5066876305474175 0.0530037522315979 0.08877792358398437
0 0.34116870164871216 0.30978206661012436 0.016705316305160523 0.041786355442470974
0 0.1383803069591522 0.39623995886908636 0.0545524001121521 0.06680081685384115
0 0.40296053886413574 0.2936313311258952 0.02252258062362671 0.07241399553087023
0 0.5452869415283204 0.1676651053958469 0.010387420654296875 0.040458032819959855
0 0.6305010795593262 0.5020827399359808 0.06381187438964844 0.10572950575086805
0 0.3182717561721802 0.28396504720052085 0.01875014305114746 0.0649049546983507
0 0.4383743584156036 0.25326718224419487 0.014496052265167236 0.05450168185763889
0 0.7147522926330566 0.34592951668633354 0.011120414733886719 0.07265504201253255
0 0.3958269119262695 0.29129564497205945 0.008346176147460938 0.07112333509657118
0 0.7029455542564392 0.2917226897345649 0.033388066291809085 0.0630986319647895
0 0.32781930938363074 0.5118970447116428 0.015013618767261505 0.08917121887207032
0 0.9139975786209107 0.5564170731438531 0.029288005828857423 0.0786076651679145
0 0.5534231662750244 0.2166269302368164 0.012798929214477539 0.04813054402669271
0 0.7039308190345764 0.30440627336502074 0.032689356803894044 0.031034768952263727
0 0.9282003402709961 0.561406241522895 0.05618133544921875 0.10129631890190972
0 0.39512512683868406 0.522549819946289 0.009749746322631836 0.08744934929741753
0 0.8241503596305847 0.5303442743089464 0.033174538612365724 0.0650438732571072
0 0.6673980608582497 0.5612679587470161 0.04213739335536957 0.08654369778103299
0 0.3681808590888977 0.3170651912689209 0.019721674919128417 0.05635260476006402
1 0.43050518035888674 0.16660704612731933 0.01969764232635498 0.04098308351304796
0 0.3343674898147583 0.5573540687561035 0.035131311416625975 0.08092386457655165
0 0.09769203662872314 0.35543212890625 0.02626802921295166 0.0663224114312066
0 0.9247104287147522 0.5802942064073351 0.023403620719909667 0.08396835327148437
1 0.1358395040035248 0.3970481395721436 0.05557624101638794 0.055872906578911676
0 0.8411702752113343 0.5606558269924588 0.029667115211486815 0.07424803839789497
0 0.7354762434959412 0.4840341726938883 0.03773517608642578 0.06147072050306532
0 0.9675756454467773 0.5115892622205946 0.05972747802734375 0.08968836466471354
0 0.24345829486846923 0.4421526167127821 0.032404851913452146 0.062110180324978295
0 0.3374582529067993 0.24896186192830402 0.014284133911132812 0.04823309580485026
0 0.6363141424953938 0.5678362740410698 0.03547304719686508 0.08531405131022135
0 0.8753585100173951 0.48343386120266385 0.032813501358032224 0.05139391157362196
0 0.4022052973508835 0.18934163517422145 0.010735279321670533 0.04293720457288954
0 0.7899972915649414 0.43221600850423175 0.04484424591064453 0.08374735514322916
0 0.6546470448374748 0.2583590613471137 0.016183832287788393 0.05959163241916233
0 0.4031252682209015 0.3105706551338598 0.022105658054351808 0.043337431484057255
0 0.39368425607681273 0.26944706175062394 0.012631487846374512 0.06549159155951606
