3 0.396070 0.546047 0.105320 0.316834
0 0.652979 0.461691 0.025660 0.113261
0 0.774488 0.482006 0.057160 0.102566
0 0.187217 0.887513 0.049571 0.195287
0 0.245800 0.511886 0.026679 0.130232
0 0.282021 0.534542 0.027548 0.129237
0 0.198028 0.710760 0.035266 0.165681
0 0.850478 0.527721 0.067097 0.106476
0 0.333263 0.400604 0.022842 0.103677
1 0.432088 0.351957 0.043377 0.089436
0 0.264245 0.694874 0.038048 0.181441
0 0.877010 0.820391 0.051908 0.177941
0 0.506990 0.503875 0.028067 0.125966
3 0.383384 0.283831 0.056300 0.142911
1 0.589564 0.475622 0.064116 0.128798
0 0.106172 0.387153 0.059548 0.090614
0 0.630542 0.314742 0.020163 0.079101
0 0.609675 0.286480 0.018864 0.074510
0 0.314358 0.370873 0.023616 0.095548
0 0.187707 0.570338 0.029883 0.135345
0 0.553853 0.815180 0.046654 0.192149
0 0.159053 0.391081 0.050744 0.089403
0 0.863896 0.953451 0.063404 0.090961
0 0.897201 0.494130 0.060020 0.098650
3 0.738587 0.875514 0.164909 0.244771
0 0.343505 0.274272 0.018709 0.069498
0 0.536333 0.229407 0.013908 0.059014
0 0.529117 0.308638 0.026077 0.071069
0 0.426657 0.236608 0.014858 0.063077
0 0.563137 0.227214 0.014735 0.061045
0 0.657621 0.294846 0.025970 0.072301
0 0.576466 0.314893 0.026082 0.073457
0 0.811345 0.432858 0.032506 0.091854
0 0.556831 0.316932 0.025555 0.069284
0 0.652842 0.292270 0.025852 0.071962
0 0.563065 0.318574 0.025382 0.071262
0 0.011185 0.340906 0.022370 0.084740
