0 0.095996 0.769230 0.085962 0.197654
0 0.236979 0.531537 0.047943 0.125321
2 0.805159 0.547284 0.211742 0.363211
0 0.261750 0.362475 0.039649 0.093650
0 0.209767 0.283955 0.034653 0.061395
0 0.073539 0.393462 0.048035 0.089082
1 0.432095 0.367430 0.050818 0.104868
0 0.667440 0.251857 0.029143 0.070972
0 0.330304 0.255748 0.023915 0.051842
0 0.359810 0.273380 0.018351 0.064614
0 0.547739 0.333873 0.018105 0.087167
0 0.719963 0.327326 0.029276 0.072298
0 0.360576 0.217280 0.016584 0.054335
0 0.407893 0.253100 0.016267 0.056578
0 0.392420 0.256771 0.017724 0.061724
0 0.174124 0.296762 0.039451 0.069372
