0 0.3791120395064354 0.34284879167874655 0.02726345360279083 0.08250829246309069
0 0.3800566405057907 0.2650478151109483 0.018188661336898802 0.05484695434570312
0 0.6728065371513366 0.2596827612982856 0.02299898862838745 0.07041863335503472
0 0.8991874694824219 0.39547771877712673 0.061907196044921876 0.11734992133246527
0 0.3309479236602783 0.3479900783962674 0.03571510314941406 0.12540495130750867
3 0.9000190377235413 0.39887802071041534 0.06539514064788818 0.11552537812127008
0 0.3216795325279236 0.3187839508056641 0.01880066394805908 0.0631382836235894
0 0.3505224704742432 0.20876723395453559 0.012263631820678711 0.04330160352918837
0 0.35656466484069826 0.2817940394083659 0.024014949798583984 0.07184842427571615
0 0.32799468040466306 0.3218263202243381 0.03386931419372559 0.07481710645887586
