0 0.197738 0.554289 0.036742 0.125081
0 0.128473 0.585504 0.055891 0.147171
0 0.216284 0.448059 0.029857 0.100492
0 0.739424 0.518380 0.041724 0.121613
0 0.180323 0.765209 0.069806 0.216080
0 0.080510 0.390122 0.064472 0.083785
0 0.243749 0.394569 0.024664 0.089693
0 0.325833 0.320704 0.022184 0.077033
0 0.282266 0.355684 0.026411 0.092938
0 0.254833 0.516027 0.033189 0.110443
0 0.282673 0.449441 0.026951 0.106899
3 0.343987 0.694216 0.304529 0.611440
0 0.351289 0.409638 0.027130 0.086877
0 0.620839 0.195915 0.015730 0.052550
0 0.352883 0.398387 0.025095 0.086011
