1 0.737294 0.703032 0.140195 0.211424
1 0.466974 0.706648 0.159345 0.238875
0 0.873566 0.643253 0.040338 0.136417
0 0.287964 0.392152 0.023069 0.103052
3 0.563966 0.313499 0.063337 0.143890
3 0.441799 0.324957 0.058263 0.160393
0 0.111358 0.744048 0.040202 0.178140
0 0.356920 0.344341 0.020479 0.095274
0 0.824832 0.541677 0.032840 0.114507
0 0.271572 0.615428 0.033684 0.150416
0 0.264100 0.786911 0.040940 0.189456
0 0.382734 0.333611 0.018726 0.090843
0 0.784744 0.564141 0.034378 0.112369
0 0.617092 0.281479 0.018009 0.072544
0 0.878152 0.824412 0.052383 0.162045
0 0.755169 0.501798 0.029913 0.106917
0 0.277858 0.540442 0.028759 0.121937
0 0.718250 0.412749 0.023848 0.092013
0 0.974306 0.899660 0.051179 0.169345
0 0.710841 0.521239 0.030596 0.116134
0 0.916660 0.785326 0.048450 0.145784
0 0.596984 0.243670 0.015056 0.064240
0 0.666475 0.320693 0.022245 0.077510
0 0.495280 0.303680 0.020319 0.082900
0 0.506145 0.413524 0.023211 0.105934
0 0.388196 0.230391 0.014839 0.059376
0 0.695029 0.363121 0.025785 0.080802
0 0.553534 0.215278 0.013699 0.056169
0 0.356937 0.284899 0.018411 0.070563
0 0.086253 0.364056 0.052647 0.080400
0 0.809945 0.416797 0.029214 0.092968
0 0.747620 0.451896 0.025292 0.092657
0 0.410430 0.189109 0.013020 0.054576
0 0.010599 0.335665 0.021198 0.083263
1 0.444937 0.218344 0.027829 0.058994
0 0.659074 0.404103 0.022354 0.097208
0 0.697673 0.369893 0.025375 0.083616
0 0.378632 0.275874 0.018504 0.064988
0 0.381628 0.272050 0.018198 0.061545
0 0.007227 0.331490 0.014453 0.078830
