0 0.15970924496650696 0.6155165778266058 0.0539225697517395 0.13589706420898437
0 0.7206797420978546 0.39516527387830946 0.039024627208709715 0.10661565992567275
1 0.5806857705116272 0.33666972054375544 0.05667102336883545 0.10473622216118707
0 0.6548693224787712 0.34091751840379503 0.03043440878391266 0.07652904722425673
2 0.5246213436126709 0.2101959228515625 0.061660051345825195 0.10770106845431858
0 0.07291146218776703 0.3955627547370063 0.04228590130805969 0.08364213307698568
0 0.36993112713098525 0.21264624065823026 0.013205704092979432 0.053852272033691403
1 0.5250858306884766 0.2094348907470703 0.06018753051757812 0.09960348341200087
0 0.6334346063435078 0.2444763077629937 0.021082012355327605 0.06593549516465928
0 0.6782623291015625 0.32361505296495224 0.022355270385742188 0.09160520765516493
0 0.40497417449951173 0.21343998379177517 0.014443230628967286 0.05442513359917535
1 0.6058537703007459 0.33881476720174153 0.011707540601491928 0.11032339731852213
1 0.7108198523521423 0.3963780403137207 0.018985295295715333 0.107675658331977
0 0.3821508824825287 0.18500322235955133 0.011830377578735351 0.03867762883504232
