3 0.8625122606754303 0.8432322396172418 0.2654713034629822 0.29527329338921443
1 0.4027868464589119 0.4587218019697401 0.08970256745815278 0.14572163687811956
0 0.17536970376968383 0.5837650934855143 0.039880681037902835 0.11699163648817275
0 0.7103259205818176 0.37410900327894425 0.03926076889038086 0.11721490224202474
1 0.577886164188385 0.35904113981458874 0.07756202220916748 0.13298219045003254
0 0.27286931276321413 0.35002089606391057 0.043363642692565915 0.09185087415907119
0 0.34657070636749265 0.273741700914171 0.024103450775146484 0.0663456810845269
1 0.42025402188301086 0.320149114396837 0.05814911127090454 0.12212912241617839
0 0.6447684168815613 0.2651184505886502 0.02071669101715088 0.06261812845865886
1 0.3786872148513794 0.45591997040642634 0.04262557029724121 0.1378906567891439
1 0.8603280067443848 0.8421453687879774 0.27303829193115237 0.3082736545138889
0 0.31040947437286376 0.32515700658162433 0.02634749412536621 0.07833173539903429
0 0.1868887722492218 0.4772529602050781 0.045320117473602296 0.1001569112141927
0 0.3687093362212181 0.2991275469462077 0.025021854043006896 0.06710868411593968
0 0.3217234492301941 0.265828980339898 0.020015406608581542 0.04909799363878038
0 0.08584338426589966 0.3883779737684462 0.07103748321533203 0.08652174207899306
2 0.5785034656524658 0.35968979944785434 0.07818069458007812 0.13315484358204735
0 0.2813750147819519 0.44321797688802084 0.025335001945495605 0.09758190578884549
0 0.6217963218688964 0.2719743940565321 0.02429056167602539 0.058894771999782984
0 0.32583861820749005 0.2666193750169542 0.010836238705087453 0.04931634267171224
2 0.6093417333089747 0.35205623308817546 0.01827124326955527 0.12633468839857315
3 0.7105965465307236 0.37394960456424287 0.03941009640693664 0.11923013793097602
0 0.3678286328911781 0.31001086632410685 0.024268123507499694 0.042243954870435925
3 0.08752115666866303 0.3879866732491387 0.0715837299823761 0.08582650820414225
0 0.37565300464630125 0.21260515848795572 0.013044214248657227 0.0453773922390408
0 0.30316154956817626 0.9824859619140625 0.020932102203369142 0.035028076171875
1 0.6088483552681282 0.35143115785386825 0.017074836185202003 0.13111519283718534
1 0.5701997756958008 0.19860083262125652 0.032011985778808594 0.053812408447265626
2 0.42276649475097655 0.31562228732638886 0.06301038265228272 0.11802105373806424
0 0.3955193519592285 0.297019280327691 0.008961296081542969 0.07471122741699218
0 0.3756223201751709 0.23580345577663844 0.015929794311523436 0.058186848958333336
0 0.1803774654865265 0.45163558853997127 0.0315266489982605 0.05042920642428928
0 0.3296162280254066 0.30645819637510513 0.0154333109036088 0.03444940514034695
0 0.5080601692199707 0.3035112804836697 0.021857833862304686 0.07064976162380643
3 0.4207872003316879 0.335887097256879 0.05795207619667053 0.09326380834811264
0 0.37030553817749023 0.36461512247721356 0.024005699157714843 0.07361687554253472
0 0.37856531143188477 0.4568115234375 0.04286937713623047 0.13663736979166666
0 0.40647137761116026 0.20875624550713434 0.016745114326477052 0.059532186720106336
0 0.34696967601776124 0.22099504470825196 0.0187469482421875 0.04188518524169922
