0 0.755293 0.477149 0.046218 0.119280
0 0.072501 0.390936 0.046164 0.088528
0 0.268974 0.335625 0.025719 0.087456
0 0.396063 0.299074 0.018770 0.076936
0 0.306559 0.282369 0.020390 0.071501
0 0.603451 0.197104 0.017140 0.062296
0 0.673680 0.325709 0.022448 0.090848
0 0.313321 0.363193 0.026712 0.090562
0 0.292768 0.432750 0.027337 0.111985
0 0.443771 0.210165 0.014819 0.058757
0 0.452145 0.277427 0.019306 0.065902
0 0.392981 0.224176 0.019015 0.062370
0 0.394593 0.287716 0.018382 0.075847
0 0.296101 0.421933 0.028090 0.107031
