0 0.307941210269928 0.3792512363857693 0.03347146511077881 0.08776963551839193
0 0.3539189673960209 0.25512882868448894 0.025997619330883025 0.06307129330105252
0 0.18265079855918884 0.5069693883260091 0.05076414346694946 0.11517762078179253
0 0.2600820064544678 0.3804835557937622 0.03814883232116699 0.09333804978264702
1 0.4393028438091278 0.29045334921942817 0.051331746578216556 0.10191652509901258
0 0.3440599922090769 0.4134177949693468 0.03922542855143547 0.10096829732259115
0 0.07279709577560425 0.39096645779079864 0.04917841255664825 0.08857014973958334
0 0.3231475591659546 0.3002142164442274 0.02680974006652832 0.07026909722222222
0 0.23598649501800537 0.5882853190104167 0.05295023918151855 0.1411287095811632
3 0.4375178724527359 0.3162552701102363 0.05137233138084411 0.05473276244269477
1 0.5346420764923095 0.234616216023763 0.04179849624633789 0.06779412163628472
1 0.34511555433273317 0.4171397394604153 0.03864419460296631 0.11000457869635688
0 0.3617905005812645 0.20882301330566405 0.013031157851219177 0.03926900227864583
