0 0.7879552483558655 0.6194905598958333 0.04494483470916748 0.14874649047851562
2 0.6416123867034912 0.29501770867241756 0.1261733055114746 0.2202807108561198
0 0.31858158111572266 0.2790917714436849 0.02348480224609375 0.08291197882758247
0 0.07607772350311279 0.40099432203504776 0.07132294178009033 0.07367791069878472
3 0.6348251938819885 0.34884967067175443 0.12197215557098388 0.11545892705519994
0 0.3197882533073425 0.3050259232521057 0.021959757804870604 0.03202954663170709
3 0.41355962995439766 0.7748886214362251 0.1752273987978697 0.4382017135620117
3 0.07455960065126419 0.40290676752726234 0.07502008378505706 0.06840125189887153
0 0.3253467928618193 0.2812882529364692 0.010068585723638534 0.08842061360677084
2 0.6475282299565152 0.34821470578511554 0.09401035546325147 0.11865163379245335
0 0.5002757489681244 0.20005815823872883 0.02439330816268921 0.04514438841078017
