1 0.619864 0.499875 0.100646 0.183247
0 0.161706 0.724808 0.070812 0.195616
0 0.832750 0.536259 0.052252 0.142510
0 0.304465 0.483788 0.036079 0.115907
1 0.427480 0.343269 0.059090 0.105333
0 0.268816 0.344829 0.034775 0.082744
0 0.685641 0.381338 0.030300 0.070866
0 0.211796 0.521600 0.043192 0.129188
0 0.250089 0.673635 0.051634 0.169399
1 0.434650 0.261535 0.045270 0.077356
1 0.578443 0.240639 0.040235 0.073625
0 0.269065 0.418311 0.028426 0.073222
0 0.677150 0.308680 0.020280 0.072244
0 0.315365 0.292146 0.023135 0.059115
0 0.371973 0.228840 0.016234 0.054576
0 0.392484 0.245610 0.018830 0.070013
0 0.336045 0.329679 0.023504 0.083748
0 0.349644 0.265244 0.017593 0.062816
0 0.689703 0.208473 0.014824 0.047690
0 0.351705 0.274057 0.017241 0.065270
