0 0.205219042301178 0.5335184521145291 0.05104706287384033 0.1250999026828342
0 0.7206972986459732 0.5468883726331922 0.05574583411216736 0.1376672108968099
2 0.6697325706481934 0.31553757985432945 0.10012741088867187 0.19331143697102865
1 0.3549232006072998 0.33409222496880425 0.05451979637145996 0.12609918382432725
0 0.07343387603759766 0.3947808159722222 0.04936480820178986 0.09007720947265625
3 0.35520966053009034 0.34358611954634805 0.0547119140625 0.10930813047517506
0 0.706454050540924 0.5441732406616211 0.027716898918151857 0.1359183841281467
0 0.26960216760635375 0.3841793908013238 0.03303506374359131 0.09501003689236111
0 0.3773197278380394 0.2151301172044542 0.022262170910835266 0.05838311513264974
1 0.7067103624343872 0.5450462023417155 0.027204275131225586 0.13753121693929035
0 0.175442898273468 0.29874174329969616 0.04034626483917236 0.07350879245334202
1 0.7201022058725357 0.5465495851304796 0.05555052161216736 0.13611153496636286
1 0.2051894783973694 0.5338245179918077 0.05100905895233154 0.12481613159179687
