2 0.8554239869117737 0.7763641145494249 0.28915202617645264 0.4421488020155165
1 0.4173795789480209 0.3919241057501899 0.061486703157424924 0.11353787316216363
0 0.24148792028427124 0.5077216254340278 0.04613182544708252 0.10934151543511285
0 0.30401173830032346 0.437145037121243 0.03468596935272217 0.09133250978257922
0 0.7689172744750976 0.44102932612101237 0.045453882217407225 0.10649293263753255
0 0.2744126319885254 0.3896611213684082 0.032811212539672854 0.07697616153293185
0 0.6742306977510453 0.3063169373406304 0.025633209943771364 0.09014165666368272
0 0.14575726985931398 0.5008110046386719 0.06775040626525879 0.12467456393771702
1 0.3473017930984497 0.6014219495985244 0.10477666854858399 0.2193783230251736
0 0.34278472177684305 0.26731238894992404 0.024836353212594985 0.0656886206732856
0 0.07734842896461487 0.3985064188639323 0.05944257974624634 0.07850206163194444
0 0.13919966220855712 0.7110504150390625 0.08749513030052185 0.1418246799045139
0 0.3305385231971741 0.3847682740953233 0.03513367176055908 0.11988978915744358
0 0.38483634442090986 0.2689383824666341 0.03343285620212555 0.0625902811686198
1 0.14578162431716918 0.5070613808102078 0.06895079612731933 0.11818505393134224
2 0.41729110181331636 0.39279069635603164 0.06163833737373352 0.11365166240268283
0 0.4772332012653351 0.25023939344618057 0.03078101873397827 0.061996671888563365
0 0.36214437484741213 0.38392757839626734 0.029897737503051757 0.10703260633680556
1 0.33472650796175 0.3844210664431254 0.02882801592350006 0.12214291095733643
0 0.12440468072891235 0.6755057864718967 0.05566558837890625 0.07049806382921008
0 0.5746434092521667 0.19915098084343805 0.012052369117736817 0.045796574486626516
1 0.13699188232421874 0.7093698607550727 0.08218657970428467 0.1414777331882053
0 0.32593181133270266 0.2535287433200412 0.01102762222290039 0.053511895073784725
2 0.8507929980754853 0.6297417534722223 0.23453484773635863 0.16067657470703126
0 0.10882298648357391 0.6754433949788411 0.02388189435005188 0.07133543226453994
0 0.26286749839782714 0.6282413800557455 0.064414644241333 0.14282491472032335
3 0.6694695556536316 0.730353938208686 0.13387284986674786 0.4584433449639214
3 0.8654288828372956 0.571745957268609 0.26735175848007203 0.27531522115071616
