1 0.5766690731048584 0.4476952870686849 0.09561195373535156 0.15540551079644097
0 0.7430627882480622 0.5742378870646159 0.046096837520599364 0.15216331481933593
1 0.4062646135687828 0.40629984537760416 0.07995128929615021 0.12142155965169271
0 0.2084050476551056 0.5732743581136067 0.05498131513595581 0.1614407009548611
1 0.3851472225040197 0.5795520305633545 0.1117832250893116 0.24592243830362956
0 0.37922324389219286 0.30234219233194987 0.023977699875831603 0.05941045549180773
0 0.07644993662834168 0.39131512112087674 0.060419785976409915 0.08074239095052084
0 0.29046034812927246 0.32439936531914604 0.027507734298706055 0.07485434214274088
0 0.35423831939697265 0.22864302529229058 0.019101953506469725 0.05901156531439887
0 0.3151805639266968 0.3173747168646918 0.024910354614257814 0.05892333984375
0 0.2955387353897095 0.4141434775458442 0.03282976150512695 0.11016807556152344
0 0.39807877838611605 0.20281024509006076 0.015929585695266722 0.0475364261203342
0 0.4175252765417099 0.24450000127156576 0.018733292818069458 0.0631611082288954
0 0.33380005359649656 0.28445328606499565 0.021959447860717775 0.0671205308702257
0 0.4578236699104309 0.2587832344902886 0.01575808525085449 0.06111708747016059
0 0.3827709913253784 0.37194736003875734 0.02771148681640625 0.056725570890638566
0 0.40865182876586914 0.28069011900160046 0.021382033824920654 0.06338592105441623
3 0.3662517547607422 0.5813832230038113 0.0673828125 0.2517330487569173
0 0.1539205551147461 0.5530019972059462 0.04432830810546875 0.1343136257595486
0 0.507361888885498 0.3028203328450521 0.021858978271484374 0.0709593031141493
0 0.1632407546043396 0.47794130113389754 0.05429351329803467 0.1192960951063368
3 0.1593756139278412 0.5240508874257406 0.05529242753982544 0.20169070561726887
3 0.07558849304914475 0.39303871790568035 0.06344205439090729 0.08129520416259765
2 0.6125879392027855 0.44725906319088404 0.025175878405570985 0.1511412567562527
