0 0.8454522132873535 0.7429467942979601 0.08910903930664063 0.1998686048719618
0 0.10279119908809661 0.5883691787719727 0.05163035988807678 0.1260615454779731
0 0.7294824421405792 0.4045549392700195 0.03815926313400268 0.09107981787787543
0 0.3712623655796051 0.29767754872639973 0.03703709840774536 0.08614832560221354
0 0.7290044665336609 0.5054359647962782 0.046909141540527347 0.11489050123426649
0 0.6840216875076294 0.39392530653211805 0.03791718482971192 0.09624226888020833
0 0.37327667474746706 0.314221933683277 0.03705565929412842 0.05049363136188024
0 0.07272967994213105 0.3954629898071289 0.04373406767845154 0.08990194532606337
0 0.5323503315448761 0.25637969970703123 0.0281946063041687 0.07321010165744357
1 0.8463758707046509 0.7441464636060927 0.08874292373657226 0.19943629370795357
1 0.8523973226547241 0.6768525653415256 0.0824310302734375 0.06717906528049045
0 0.7156251549720765 0.406192758348253 0.009374690055847169 0.09974784851074218
1 0.7131015062332153 0.5068264431423611 0.014421987533569335 0.11345994737413194
0 0.603302800655365 0.2079307026333279 0.01793830394744873 0.054276127285427515
