0 0.2447070598602295 0.7686696370442708 0.07417898178100586 0.18671531677246095
2 0.5738980293273925 0.326033443874783 0.09751358032226562 0.23450724283854166
2 0.6364795923233032 0.6939772182040744 0.16548962593078614 0.3656821568806966
0 0.3623195648193359 0.3395139588250054 0.03226273059844971 0.08376301659478082
0 0.07301934659481049 0.3944919268290202 0.04422648549079895 0.08819755978054471
3 0.573703384399414 0.36661901791942203 0.09577927589416504 0.15532730314363208
0 0.4162813574075699 0.3081747902764214 0.03150977492332459 0.07675442165798611
1 0.6426575660705567 0.6117809507581923 0.15386700630187988 0.19866032070583767
0 0.28211904764175416 0.3040715323554145 0.02318880558013916 0.04989132351345486
0 0.7608993232250214 0.41000603569878474 0.03893049955368042 0.0980484856499566
0 0.3238186717033386 0.3002069155375163 0.022237324714660646 0.08235106998019748
0 0.38264584839344024 0.25220279693603515 0.019554585218429565 0.06477165222167969
0 0.1287632703781128 0.6049883524576823 0.04975600242614746 0.10987523396809896
1 0.24454588890075685 0.7677873823377821 0.07005963325500489 0.187870364718967
1 0.3275392174720764 0.37656740877363415 0.031238389015197755 0.07561199929979112
0 0.3548499844968319 0.27114186816745334 0.024717392027378084 0.06083096398247613
0 0.3315206363797188 0.3851178381178114 0.022416272759437562 0.09543510013156467
0 0.2866003394126892 0.3679000324673123 0.02071502208709717 0.08358156416151259
0 0.38175961673259734 0.19912419848971896 0.012266498804092408 0.042993058098687066
1 0.32762206390616483 0.29984985987345375 0.01445138364797458 0.08417385949028863
3 0.6120704008615576 0.3199019855923123 0.023508715932257472 0.23726800282796223
0 0.3675361633300781 0.24442576302422417 0.011799097061157227 0.04786302778455946
3 0.2454002618789673 0.7678788926866319 0.06981515884399414 0.1871898227267795
0 0.7127258896827697 0.2413744290669759 0.012451672554016113 0.03845890892876519
0 0.4162985265254974 0.36637959215376115 0.01670776605606079 0.047013383441501196
