0 0.1291322410106659 0.5457244873046875 0.053278791904449466 0.12610566880967883
0 0.32277004718780516 0.4781933254665799 0.04828729629516602 0.12470762464735242
0 0.6974270701408386 0.3670310444302029 0.041589903831481936 0.10139798058403862
1 0.5640577793121337 0.29509713914659286 0.07553091049194335 0.13526865641276042
0 0.275567364692688 0.3640579647488064 0.03661751747131348 0.09386266072591146
0 0.24087142944335938 0.5130700853135851 0.03243541717529297 0.14071536593967013
0 0.3592842936515808 0.32261071734958224 0.023599410057067872 0.0738443374633789
0 0.3378188133239746 0.28588667975531684 0.024701976776123048 0.07059639824761285
1 0.33378254681811087 0.47857873174879284 0.026896854043297936 0.12375663121541342
0 0.2793092727661133 0.4682834201388889 0.04302816390991211 0.12835862901475695
2 0.5610085725784302 0.3267674679247042 0.07458939552307128 0.07554077148023579
0 0.3555394172668457 0.23104080624050563 0.015194892883300781 0.053245756361219615
0 0.07858556509017944 0.39232940673828126 0.05927073955535889 0.08072925143771702
3 0.5607488632202149 0.32687553512967293 0.07423782348632812 0.07498353955646356
0 0.41339992582798 0.16258809831407334 0.01354721188545227 0.03673604329427083
