3 0.44406628608703613 0.29672398037380643 0.05343008041381836 0.14539116753472223
0 0.33112595081329343 0.40627935727437336 0.02186126708984375 0.0928384886847602
1 0.5512173652648926 0.853641594780816 0.18459243774414064 0.29271681043836806
0 0.36686661243438723 0.46186487939622667 0.024460506439208985 0.10526126225789388
0 0.08606516122817993 0.36328823301527235 0.04830946922302246 0.07655421362982856
0 0.24071602821350097 0.47071732415093315 0.027697372436523437 0.11897133721245659
0 0.3329636573791504 0.600211418999566 0.028884696960449218 0.1500746832953559
0 0.4042804718017578 0.45627788967556426 0.02347087860107422 0.11725379096137153
3 0.60389723777771 0.4367168850368924 0.10963125228881836 0.22499254014756945
0 0.3105918407440186 0.899814690483941 0.05279264450073242 0.18547261555989583
0 0.49669661521911623 0.3641709221733941 0.021718883514404298 0.09775865342881944
0 0.8883758544921875 0.7279431660970052 0.05024223327636719 0.13389214409722222
0 0.7054668426513672 0.38854615953233507 0.026800918579101562 0.09789683024088541
0 0.6393305599689484 0.31645610597398544 0.01715171933174133 0.07228446536593967
0 0.17280254364013672 0.6346453348795573 0.0366727352142334 0.16727176242404515
0 0.38883988857269286 0.6307500627305772 0.030434846878051758 0.1640880160861545
0 0.3995779037475586 0.8880452473958333 0.05036849975585937 0.20349612765842015
0 0.31881937980651853 0.31209623548719617 0.022789859771728517 0.08135621812608507
0 0.7439982056617737 0.4487500296698676 0.02663242816925049 0.08568102518717448
0 0.6589854836463929 0.36295349333021376 0.020577311515808105 0.08039209577772352
0 0.31018719673156736 0.5179813385009766 0.02498764991760254 0.1334153069390191
0 0.2543294787406921 0.5522820790608723 0.030348849296569825 0.1162965562608507
0 0.24740128517150878 0.663238525390625 0.03669290542602539 0.15564609103732638
0 0.5715341806411743 0.28956631554497614 0.015015554428100587 0.06903054979112414
0 0.36055889129638674 0.3780839072333442 0.021178054809570312 0.09443507724338107
0 0.6193875309079886 0.28595528072781035 0.014121354371309281 0.06539645724826389
0 0.5985763311386109 0.29572150972154404 0.015802001953125 0.0695429695977105
0 0.22630140781402588 0.8043584187825521 0.045447254180908205 0.195233154296875
0 0.5347678601741791 0.3106941858927409 0.032574570178985594 0.069873046875
0 0.5595300674438477 0.25150818294949 0.013619089126586914 0.06194517347547743
0 0.39745344817638395 0.2916343583001031 0.015218192338943481 0.06972548166910807
0 0.3736577033996582 0.29938201904296874 0.019917678833007813 0.07716505262586805
0 0.8248422622680665 0.5577760484483507 0.03959980010986328 0.11995578342013889
0 0.5992014408111572 0.30749943653742473 0.016548681259155273 0.036973945299784344
0 0.31939579248428346 0.31959923373328314 0.017792439460754393 0.06142068968878852
0 0.8810395956039428 0.6455751630995009 0.03857479095458984 0.11873897976345486
0 0.4048011988401413 0.24084629482693143 0.01364331841468811 0.058602099948459205
0 0.39753437936306 0.3072248842981127 0.014356595277786256 0.036671990818447534
0 0.5713378190994263 0.3061102657850521 0.015349912643432616 0.03441160466884159
0 0.6203230381011963 0.30188452429655527 0.014467763900756835 0.02544596406320731
0 0.9358322143554687 0.8724102444118924 0.07711334228515625 0.1820068359375
2 0.5510917663574219 0.8509567684597439 0.19240164756774902 0.2980864630805122
0 0.7944611430168151 0.48691143459743924 0.030047011375427247 0.09430779351128472
0 0.3742344006896019 0.31190326743655733 0.015084496140480042 0.046028757095336915
0 0.3246616952121258 0.31772502528296576 0.008698390424251556 0.057672272788153754
0 0.3879801154136658 0.5965356402926975 0.02403976917266846 0.09474881490071614
1 0.9480718970298767 0.8799789852566189 0.10287935733795166 0.18765174018012154
0 0.32983453348279 0.9189580069647895 0.019044066965579986 0.15403132968478733
3 0.9686130166053772 0.566655519273546 0.06202065944671631 0.2656300862630208
0 0.9775125503540039 0.8604543050130208 0.04357433319091797 0.16861843532986112
1 0.4432112693786621 0.33279619481828476 0.04887399673461914 0.08781461185879177
0 0.5348388671875 0.14779900974697538 0.010037612915039063 0.040473058488633896
0 0.8126279354095459 0.4268599616156684 0.026439905166625977 0.07466227213541667
3 0.46237525939941404 0.14046431117587618 0.018720436096191406 0.04933315912882487
1 0.4474257409572601 0.20564463933308919 0.027843677997589113 0.04688659244113498
0 0.6028959149494767 0.2945349905225966 0.005791829898953438 0.0712236828274197
1 0.6195957615971566 0.8595207002427843 0.03919152319431305 0.2102744632297092
0 0.4859092354774475 0.30032633675469295 0.016934823989868165 0.0677000469631619
0 0.4027596294879913 0.8574950748019748 0.04392932653427124 0.13404541015625
0 0.39656637907028197 0.45349726676940916 0.006867241859436035 0.09855712254842122
0 0.7039530158042908 0.3040350900755988 0.032033228874206544 0.030292402373419867
3 0.7788688898086548 0.5731971210903591 0.08330330848693848 0.15206623077392578
0 0.38609268665313723 0.6542095290289984 0.02757539749145508 0.10705716874864367
0 0.6033947389572859 0.3092089851697286 0.006789477914571762 0.04064019256167942
0 0.4842885434627533 0.31334602302975123 0.015161097049713135 0.04891426828172472
0 0.31104888916015627 0.48472785419887965 0.023792505264282227 0.06825799942016601
0 0.38735486268997193 0.9077889760335286 0.024925541877746583 0.1320317586263021
0 0.9871540188789367 0.7770252227783203 0.02532241344451904 0.09944483439127604
0 0.24567800760269165 0.6782505247328017 0.031079316139221193 0.10441568162706164
0 0.7027507901191712 0.29358367919921874 0.033718419075012204 0.055629603068033856
0 0.3967569708824158 0.1990027109781901 0.006486058235168457 0.05068973965115017
