0 0.886268 0.732544 0.064755 0.174850
0 0.053391 0.717877 0.079320 0.202242
0 0.324168 0.484926 0.036120 0.127859
0 0.239552 0.646514 0.058897 0.130812
0 0.142334 0.559010 0.054932 0.155553
1 0.397594 0.512422 0.095681 0.205521
0 0.757680 0.496675 0.035875 0.109446
0 0.230883 0.443969 0.041269 0.102235
0 0.247757 0.539995 0.045861 0.095758
0 0.593090 0.474313 0.028545 0.109493
0 0.626954 0.314126 0.023942 0.085162
0 0.323099 0.285193 0.021566 0.070929
0 0.079183 0.414778 0.067503 0.072164
0 0.343512 0.299895 0.023924 0.068800
0 0.638312 0.273626 0.017188 0.053684
0 0.378802 0.314600 0.025546 0.087647
0 0.341284 0.240477 0.016433 0.052837
0 0.370500 0.250485 0.013493 0.053045
0 0.509962 0.262002 0.025014 0.065039
0 0.383259 0.256458 0.014968 0.051575
0 0.385217 0.189405 0.012963 0.044256
0 0.394984 0.220782 0.016141 0.052846
0 0.416206 0.240338 0.018843 0.062293
