0 0.7265201210975647 0.4177150090535482 0.03870944976806641 0.10842331780327691
0 0.02991982102394104 0.6514656278822157 0.0586988091468811 0.1474281734890408
0 0.31737356185913085 0.43908454047309026 0.04152240753173828 0.10615208943684896
0 0.3372407555580139 0.37212060027652316 0.02958672046661377 0.08079421255323622
0 0.34058891534805297 0.6500914255777995 0.044559788703918454 0.12203937106662327
0 0.24524919986724852 0.5000468360053169 0.03825674057006836 0.1408132765028212
0 0.3244894027709961 0.289238346947564 0.022060155868530273 0.06870721181233724
0 0.13195909261703492 0.596238030327691 0.044846606254577634 0.1544520060221354
0 0.3527252197265625 0.3011438051859538 0.01713395118713379 0.07310670216878255
0 0.3224376797676086 0.3058723476197984 0.020422816276550293 0.03311613400777181
0 0.3779125690460205 0.2698439704047309 0.022133350372314453 0.06659622192382812
0 0.32888529896736146 0.44852845933702257 0.017145597934722902 0.0898907979329427
1 0.7138075232505798 0.4277010652754042 0.013004755973815918 0.08739381366305882
0 0.7134710907936096 0.42846080991956925 0.013682818412780762 0.07884421878390842
