0 0.28016613721847533 0.3996267530653212 0.02886641025543213 0.08075264824761284
0 0.3415511894971132 0.32955798043145074 0.028427162021398545 0.09675960540771485
0 0.39020799696445463 0.24706018235948352 0.019760209321975707 0.06394674513075087
0 0.374968945980072 0.23013616138034396 0.013995671272277832 0.05727100372314453
0 0.5259971618652344 0.4020772298177083 0.024750280380249023 0.0899458991156684
0 0.07160722315311432 0.3979433907402886 0.06878983378410339 0.060169686211480035
0 0.7081857711076737 0.344989193810357 0.017316478490829467 0.07417820824517143
0 0.4134739518165588 0.22551310857137044 0.015724492073059083 0.05401198069254557
3 0.47212196588516236 0.1969095018174913 0.041115832328796384 0.09897613525390625
2 0.47001495361328127 0.19730769263373482 0.038811111450195314 0.0954276614718967
0 0.37869579792022706 0.1825756867726644 0.008081912994384766 0.03547355863783094
