0 0.720038 0.462377 0.058057 0.099018
0 0.200238 0.524072 0.071631 0.109300
0 0.398575 0.489800 0.058575 0.102163
0 0.395839 0.378724 0.046109 0.079881
0 0.045549 0.382067 0.051000 0.077508
0 0.959768 0.773877 0.048410 0.147193
0 0.852922 0.564163 0.037441 0.115423
0 0.476019 0.360769 0.037556 0.089413
0 0.951612 0.495215 0.053139 0.098952
0 0.606868 0.310029 0.018110 0.078551
1 0.322413 0.471966 0.136833 0.118213
0 0.576571 0.215283 0.014274 0.056386
0 0.967049 0.680715 0.060735 0.126504
0 0.505490 0.317424 0.019112 0.077948
0 0.207637 0.451877 0.046170 0.088294
0 0.864877 0.428167 0.046613 0.088461
0 0.378967 0.298605 0.016302 0.065095
0 0.667478 0.353737 0.019314 0.087591
0 0.686283 0.357655 0.020274 0.088005
0 0.589577 0.497747 0.024420 0.125142
0 0.345708 0.281756 0.017719 0.066758
0 0.087083 0.369237 0.048518 0.074615
0 0.809178 0.420155 0.031711 0.092681
0 0.309027 0.292080 0.020015 0.067726
3 0.539739 0.317402 0.053652 0.098109
0 0.363524 0.291213 0.017588 0.067152
0 0.235663 0.439546 0.043760 0.099305
0 0.399823 0.294862 0.019038 0.066875
0 0.322173 0.295237 0.018412 0.066257
1 0.445045 0.252258 0.034163 0.062146
0 0.013024 0.340856 0.025689 0.071088
0 0.553896 0.207231 0.012829 0.051542
0 0.444726 0.313108 0.029456 0.070466
0 0.223798 0.442276 0.066768 0.100082
