1 0.744467306137085 0.5382947497897678 0.12647562026977538 0.16861288282606338
0 0.3161641716957092 0.3023111343383789 0.03380982875823975 0.0887128194173177
0 0.36056958585977555 0.2644948535495334 0.02683139741420746 0.06657888624403212
0 0.0809378445148468 0.3963677300347222 0.0643187403678894 0.07319403754340278
0 0.33686645068228244 0.2507359504699707 0.015173932164907455 0.057321357727050784
0 0.559686815738678 0.3077144728766547 0.017774224281311035 0.07222160763210721
1 0.7004006981849671 0.5469536463419596 0.039823603630065915 0.16130231221516927
3 0.7006994247436523 0.5470180087619357 0.03922615051269531 0.1629431406656901
0 0.32659377038362436 0.2992170969645182 0.012293263676110656 0.07590094672309028
0 0.40351219177246095 0.21974330478244358 0.016266059875488282 0.05602789984809028
