0 0.281925 0.720678 0.097323 0.148962
1 0.128950 0.507579 0.123813 0.142704
0 0.592426 0.457530 0.061569 0.104040
3 0.451933 0.252004 0.046243 0.119882
0 0.645479 0.823521 0.046260 0.187438
0 0.382694 0.648872 0.036523 0.166481
0 0.598287 0.744514 0.048960 0.165159
0 0.295211 0.345771 0.026300 0.094646
0 0.778583 0.760052 0.044607 0.167974
0 0.113318 0.777310 0.094951 0.141112
0 0.273988 0.916963 0.062220 0.155034
0 0.559622 0.888071 0.047416 0.187188
0 0.313710 0.617872 0.038377 0.140468
0 0.636055 0.427910 0.050756 0.091217
0 0.016231 0.676780 0.032462 0.109161
0 0.245773 0.562184 0.030997 0.129213
0 0.337053 0.956860 0.053066 0.084996
0 0.696561 0.341100 0.023176 0.082657
2 0.153413 0.391480 0.170281 0.134069
0 0.209832 0.507349 0.040050 0.115050
0 0.330518 0.555992 0.033860 0.127794
0 0.174450 0.743360 0.082021 0.132949
0 0.784174 0.635262 0.040460 0.139051
0 0.835169 0.557202 0.054238 0.104711
0 0.505904 0.961056 0.048179 0.074030
1 0.543454 0.322198 0.045349 0.077718
0 0.401335 0.292502 0.018900 0.073154
0 0.281822 0.577595 0.031318 0.128568
0 0.138999 0.627976 0.057486 0.114108
0 0.341956 0.295942 0.020588 0.071737
0 0.059759 0.641854 0.079443 0.118323
0 0.582764 0.323688 0.020124 0.081654
0 0.601844 0.345531 0.021420 0.076950
0 0.378007 0.297362 0.018123 0.070979
0 0.012278 0.762929 0.024556 0.119755
0 0.182539 0.676298 0.069427 0.106909
0 0.295403 0.518380 0.030310 0.108493
0 0.082647 0.428758 0.052242 0.088545
0 0.807665 0.520610 0.058800 0.089628
1 0.560684 0.197266 0.027641 0.053774
0 0.863891 0.432750 0.045837 0.080922
0 0.163881 0.737487 0.069587 0.123651
0 0.253165 0.497403 0.032800 0.101157
0 0.150815 0.626553 0.076871 0.110983
0 0.018475 0.542928 0.036950 0.110681
0 0.563544 0.276338 0.016697 0.063710
1 0.659014 0.373578 0.050108 0.097515
0 0.011410 0.342732 0.022820 0.085506
0 0.800031 0.526751 0.051928 0.085469
0 0.629780 0.420574 0.056499 0.090551
0 0.801928 0.421755 0.050823 0.093959
0 0.358500 0.296183 0.018565 0.071936
0 0.678313 0.316746 0.021500 0.071093
0 0.016060 0.526224 0.032121 0.101902
0 0.581398 0.314088 0.018819 0.074952
0 0.614990 0.379723 0.027371 0.073455
0 0.079007 0.361686 0.035849 0.074060
0 0.809781 0.421287 0.035185 0.088716
0 0.819474 0.523286 0.059247 0.090472
0 0.023947 0.548997 0.047895 0.102452
0 0.030800 0.559436 0.060630 0.097038
