0 0.6739633202552795 0.3395239406161838 0.02703673839569092 0.07721085018581814
1 0.5754834771156311 0.40511308246188693 0.08080828189849854 0.13710074954562718
0 0.26732568740844725 0.41176495022243925 0.035120677947998044 0.10503641764322917
0 0.30652217864990233 0.49086324903700085 0.043111419677734374 0.1145387437608507
0 0.9403288841247559 0.6450447930230034 0.06256618499755859 0.14908260769314235
2 0.5546327590942383 0.2431237538655599 0.07379283905029296 0.1574885050455729
0 0.6010738134384155 0.5192658954196506 0.031452369689941403 0.12416801452636719
0 0.34605396166443825 0.2411749415927463 0.02341831773519516 0.05607835981580946
0 0.3327120661735535 0.3661207596460978 0.03239371776580811 0.08821863068474664
0 0.0727187916636467 0.39521360397338867 0.04659774601459503 0.08932420942518446
0 0.5367368400096894 0.5215162065294053 0.03379722833633423 0.13568250868055556
0 0.38541742861270906 0.2814029269748264 0.024855130910873414 0.07410129970974393
0 0.4080482512712479 0.2120952712164985 0.013706856966018676 0.04825267791748047
1 0.6074931748211384 0.40927807490030926 0.014986349642276764 0.1210637198554145
0 0.3817524790763855 0.20674160851372614 0.013667607307434082 0.05558611551920573
3 0.5527163743972778 0.30578042798572114 0.0688326358795166 0.03222670290205214
