0 0.9634209632873535 0.8354031032986111 0.07198715209960938 0.17782660590277777
0 0.10456422567367554 0.7561559041341146 0.07260892391204835 0.17360572814941405
0 0.7527296125888825 0.4367412567138672 0.03607841730117798 0.10278828938802083
0 0.7065279424190521 0.40659673478868275 0.03905075788497925 0.09612210591634114
0 0.33925663232803344 0.4514192369249132 0.046825098991394046 0.11639938354492188
0 0.6324809849262237 0.3103689299689399 0.028714054822921754 0.06919502682156033
1 0.3701565027236938 0.32503858142428926 0.0596869945526123 0.1291677474975586
0 0.3695117235183716 0.24265480041503906 0.024442768096923827 0.05958713955349392
1 0.10415256917476653 0.7554739846123589 0.06917276978492737 0.16985918680826823
1 0.9638704776763916 0.8389762454562717 0.0698883056640625 0.17460030449761285
0 0.6669361218810081 0.30095089806450737 0.03774414360523224 0.07647039625379774
0 0.07837802767753602 0.3918651156955295 0.05796743631362915 0.07854665120442708
0 0.6757837295532226 0.29464524586995444 0.01920490264892578 0.06287337409125435
3 0.37064129114151 0.3390454525541928 0.05871741771697998 0.09948486325641473
0 0.6567008972167969 0.30742242601182723 0.018948173522949217 0.07204021877712674
0 0.10680416226387024 0.6905826992458768 0.0712591528892517 0.04092907375759548
0 0.3777837961912155 0.19424648814731174 0.013638228178024292 0.04539916780259874
2 0.3781555376946926 0.338500526216295 0.07565143853425979 0.09922327465481229
0 0.7148693084716797 0.35620077980889214 0.020778846740722657 0.05862454308403863
