0 0.08857607841491699 0.6880338880750868 0.06001601219177246 0.17734832763671876
0 0.3090412735939026 0.3549624337090386 0.028411078453063964 0.08611869812011719
0 0.27060513496398925 0.3860555754767524 0.026103973388671875 0.08812274932861328
0 0.2232571840286255 0.3967187245686849 0.026445627212524414 0.08258633083767361
0 0.21886105537414552 0.4759214189317491 0.033016395568847653 0.11484739515516493
3 0.5121581315994262 0.17599501079983182 0.04790101051330566 0.07211661868625217
0 0.3968744337558746 0.22579223844740126 0.01679263114929199 0.05135411156548394
0 0.3838792234659195 0.24470683203803167 0.013641399145126343 0.051633792453342015
0 0.3565435528755188 0.321477919154697 0.012918400764465331 0.0651780605316162
1 0.08877355754375457 0.6884914292229547 0.05868378281593323 0.17271527184380425
0 0.32263065051283774 0.2527211719089084 0.004628888592196745 0.056255679660373266
0 0.322133806347847 0.36347792943318685 0.00364261269569397 0.06972806718614366
1 0.3674649477005005 0.3136334737141927 0.03944659233093262 0.08053834703233508
