0 0.8342164993286133 0.6685843997531467 0.0613067626953125 0.14824820624457466
0 0.17076480984687806 0.4882946014404297 0.040141379833221434 0.09473673502604167
1 0.5819035768508911 0.3917352358500163 0.07124285697937012 0.12733631134033202
0 0.6877175718545914 0.4559781127505832 0.030246347188949585 0.09117970996432834
0 0.31403619050979614 0.38678134282430016 0.02951056957244873 0.09504515329996745
0 0.2360782265663147 0.5659066094292535 0.04096009731292725 0.14402838812934027
0 0.3677040934562683 0.34517552389038936 0.026815342903137206 0.07820806900660197
3 0.4616181552410126 0.1816030873192681 0.056364667415618894 0.1455392731560601
0 0.7011754631996154 0.3210566626654731 0.024178481101989745 0.08169606526692709
0 0.3973564922809601 0.25653487311469186 0.020306646823883057 0.06824815538194444
0 0.3424759589135647 0.2588256518046061 0.013977994024753571 0.05389940473768446
0 0.24124354124069214 0.43115696377224394 0.018466544151306153 0.06856036716037327
0 0.36858932077884676 0.21646849314371744 0.021078747510910035 0.05627110799153646
0 0.7281937599182129 0.4328956604003906 0.02682914733886719 0.09841901991102431
0 0.3198560357093811 0.312529722849528 0.018298888206481935 0.05872787899441189
0 0.38699524402618407 0.20123990376790366 0.013581991195678711 0.04522861904568142
1 0.6091555567079923 0.4025299734539456 0.018146654666634277 0.1315045197804769
0 0.6088558737945278 0.40186822679307727 0.01760825723176822 0.12988221910264758
0 0.3243524293618975 0.3135547637939453 0.00791214793571271 0.06683540344238281
0 0.7362024366855622 0.43352037535773386 0.04532409906387329 0.09719180001152886
0 0.26084470748901367 0.4667232089572483 0.020280170440673827 0.09304741753472222
0 0.39380836486816406 0.2576502164204915 0.012383270263671874 0.0710103988647461
0 0.3811315059661865 0.3062631673283047 0.016549432277679445 0.03474855687883165
0 0.3436733245849609 0.2171380254957411 0.013626718521118164 0.0345378663804796
0 0.7172634482383728 0.40100464291042753 0.006098103523254394 0.060948816935221355
0 0.7006351679563523 0.3875485234790378 0.026238518953323364 0.06264469888475206
