0 0.9258623123168945 0.7033323499891493 0.06715965270996094 0.19231842888726128
0 0.6600337624549866 0.3701992021666633 0.024059987068176268 0.08042473528120253
0 0.5959298610687256 0.2943858888414171 0.020124101638793947 0.07985161675347222
1 0.9251646518707275 0.7055660035875109 0.06576690673828126 0.18677109612358941
0 0.6272782482206821 0.2708274417453342 0.01563706248998642 0.0736423068576389
0 0.9282909035682678 0.6612557093302409 0.064988112449646 0.09693277147081163
0 0.5833524823188782 0.25135749181111655 0.02004196643829346 0.05538959503173828
0 0.5974498629570008 0.31199823485480416 0.020891213417053224 0.046218691931830515
0 0.3756225109100342 0.20934100680881076 0.015986251831054687 0.05836376614040799
0 0.6295208930969238 0.2999685096864899 0.013603973388671874 0.021411128549112216
0 0.6019689954817296 0.2783233748541938 0.0039379909634590145 0.08149102528889975
0 0.6035429444164038 0.29609086778428817 0.007085888832807541 0.07620870802137587
0 0.39550161361694336 0.1984605630238851 0.01436471939086914 0.05260640250311958
0 0.6033660763502666 0.4051590151256985 0.006727821826825675 0.05536478360493978
1 0.9280027866363525 0.6620136896769205 0.06542143821716309 0.09709849887424045
0 0.3968687057495117 0.504380136066013 0.006262588500976563 0.07696733474731446
