0 0.04044803380966187 0.4353995429144965 0.05367839336395264 0.09133495754665799
0 0.6877650678157806 0.5537696414523654 0.0278605580329895 0.12897550794813367
1 0.5220089733600617 0.3799295531378852 0.08998574018478393 0.09082169002956814
0 0.28155189752578735 0.5617446263631185 0.025596070289611816 0.13598416646321615
1 0.7198294639587403 0.9130862765842014 0.1622365951538086 0.17138705783420138
1 0.4422175168991089 0.2745182673136393 0.035746407508850095 0.08079393174913195
0 0.5935763597488404 0.3864139133029514 0.026967668533325197 0.08812688191731771
0 0.2250365972518921 0.4798332055409749 0.024551200866699218 0.09677962197197808
0 0.25588083267211914 0.44097696940104164 0.021703767776489257 0.10206866794162327
0 0.6520355224609375 0.3488232930501302 0.020357131958007812 0.08853571150037977
0 0.715383130311966 0.5424677954779731 0.026532518863677978 0.12359932793511284
0 0.8171630859375 0.7527669270833334 0.05290851593017578 0.15450676812065972
0 0.4344110667705536 0.38168257077534995 0.020744168758392335 0.0945506731669108
0 0.6887269616127014 0.37605326970418296 0.024021458625793458 0.08600220150417752
0 0.35829076170921326 0.4300053702460395 0.020609194040298463 0.09759288363986546
0 0.61970956325531 0.2934802691141764 0.01602516174316406 0.07371527353922526
0 0.33414640903502 0.49518057505289714 0.027586998938932083 0.12439545525444878
0 0.38224775791168214 0.46307118733723956 0.022662019729614256 0.10799018012152778
0 0.9125877380371094 0.8096366034613716 0.06286392211914063 0.16267632378472222
1 0.5834049224853516 0.2581000222100152 0.04170417785644531 0.07379811604817708
0 0.8066811561584473 0.576841057671441 0.03759346008300781 0.13650410970052082
0 0.27907962799072267 0.36289838155110676 0.021300315856933594 0.08398768107096354
0 0.018765198881737888 0.39301799138387045 0.03663830221630633 0.07514201270209418
1 0.5260425388813019 0.22058131959703234 0.030977046489715575 0.06104047563340929
0 0.8963470458984375 0.6582386016845703 0.037505722045898436 0.1057450188530816
0 0.288809609413147 0.4660028245713976 0.022493553161621094 0.10551689995659722
0 0.8408438682556152 0.9472432454427083 0.06102313995361328 0.10186055501302084
0 0.40755200386047363 0.42033379872639975 0.02284036874771118 0.09288359747992622
0 0.9768824815750122 0.7887287139892578 0.045839977264404294 0.1376842074924045
0 0.6197539210319519 0.3084440151850382 0.01584608554840088 0.03911025259229872
0 0.3285294233355671 0.2785808033413357 0.015537879150360822 0.06449693044026693
3 0.967105758190155 0.5678038914998372 0.06476151943206787 0.266547605726454
0 0.47924150824546813 0.2767850769890679 0.015110862255096436 0.06710686153835721
0 0.38071163296699523 0.323119404580858 0.016040503978729248 0.06846103138393826
0 0.3318655423820019 0.38652140299479165 0.02087360471487045 0.08161036173502605
0 0.3564645931124687 0.32344999313354494 0.016566434502601625 0.07763936784532335
1 0.6784116387367248 0.910184817843967 0.0838017225265503 0.17649375067816842
0 0.08517844378948211 0.3623666763305664 0.0463445246219635 0.07607366773817274
0 0.5627132654190063 0.1912663777669271 0.011837959289550781 0.04892544216579861
1 0.4572198152542114 0.22531728744506835 0.027320218086242676 0.05286545223659939
0 0.3343370916321874 0.32584528393215606 0.016522952541708946 0.06791409386528863
0 0.8656412124633789 0.7248426649305556 0.047907257080078126 0.13852013481987846
0 0.479328864812851 0.30056763622495863 0.01334773302078247 0.02297127776675754
1 0.44097957015037537 0.30271553066041734 0.03829411268234253 0.02581970691680908
0 0.6037615366280079 0.3875128957960341 0.007390923798084259 0.0961000018649631
0 0.8626742243766785 0.43838492499457465 0.041544413566589354 0.06796400282118055
0 0.2981235146522522 0.4199650446573893 0.02050759792327881 0.08423262702094184
0 0.3109558463096619 0.3675686412387424 0.02001998424530029 0.07581233978271484
0 0.7026005506515502 0.2905497868855794 0.03377265930175781 0.06164118448893229
0 0.4053162395954132 0.31659274101257323 0.019710659980773926 0.055407704247368704
0 0.3675008162856102 0.3802370177374946 0.019764462113380434 0.07768946753607855
0 0.8446821212768555 0.636999003092448 0.04684295654296875 0.11200714111328125
0 0.3943285346031189 0.38760743935902914 0.011342930793762206 0.06655090649922689
0 0.5406080722808838 0.18441395229763455 0.009338617324829102 0.04209802415635851
0 0.8553890466690064 0.6324688805474176 0.030115842819213867 0.09549424913194444
0 0.8379896521568299 0.6498329268561469 0.029546427726745605 0.09502298567030165
0 0.9005409836769104 0.8031643973456488 0.04771602153778076 0.1254097408718533
0 0.6037902754542301 0.24572134017944336 0.007513943911180832 0.05789597829182943
0 0.6740039825439453 0.2681772549947103 0.021533966064453125 0.05473096635606554
0 0.6835050582885742 0.3354208098517524 0.019244623184204102 0.06873849232991537
0 0.40156024098396303 0.30473802354600693 0.016373097896575928 0.06413968404134114
0 0.32306901216506956 0.45649940172831216 0.019292140007019044 0.07954265806410048
0 0.393620765209198 0.252653694152832 0.012179112434387207 0.0502936045328776
0 0.8140934824943542 0.4372204038831923 0.025004124641418456 0.07787666320800782
0 0.3988363087177277 0.3760985162523058 0.019017577171325684 0.07405071258544922
0 0.7032622575759888 0.3041779610845778 0.03222732543945313 0.03057814439137777
0 0.3960670828819275 0.3052109082539876 0.007865834236145019 0.0641889148288303
0 0.8518314003944397 0.6828342861599392 0.04658172130584717 0.056520165337456595
0 0.3835161983966827 0.2854420026143392 0.016198253631591795 0.056874783833821614
0 0.4956387758255005 0.3202334933810764 0.020461273193359376 0.06910875108506945
0 0.3606185525655746 0.2980479982164171 0.015600627660751343 0.057334645589192705
0 0.35782245099544524 0.2547567473517524 0.014505147933959961 0.050289090474446616
0 0.4051342874765396 0.26293247010972765 0.012953299283981323 0.047574255201551646
0 0.8256731629371643 0.9517276340060764 0.03409297466278076 0.09598456488715278
0 0.010977689921855927 0.3382889641655816 0.021955379843711854 0.06630791558159722
0 0.3085650563240051 0.30447923872205945 0.017697453498840332 0.05694503784179687
