1 0.6179036736488343 0.5430661519368489 0.1075753927230835 0.18812459309895832
0 0.0712257370352745 0.6219565285576715 0.06534209549427032 0.16385103861490885
0 0.9408781051635742 0.7325021531846788 0.07176742553710938 0.17659912109375
0 0.07416027784347534 0.39022706349690756 0.0497376561164856 0.05775701734754774
0 0.7217964679002762 0.40245510737101237 0.04460241198539734 0.09990927378336588
1 0.5683124661445618 0.30463956197102865 0.05674736499786377 0.08755378723144532
1 0.5763174891471863 0.3819204754299588 0.067946457862854 0.10106010437011718
0 0.7017935514450073 0.3208673159281413 0.02161750793457031 0.07498298221164279
0 0.681534206867218 0.3212067286173503 0.021867823600769044 0.0695198482937283
0 0.5913061141967774 0.2333916558159722 0.014475107192993164 0.05119582282172309
0 0.6585726141929626 0.27648341920640734 0.015235447883605957 0.059151310390896265
0 0.6362081885337829 0.27680014504326717 0.026715397834777832 0.07043196360270182
1 0.9402720689773559 0.7347371631198459 0.07061643600463867 0.17467528449164496
3 0.6368318712688051 0.538441636827257 0.07308415651787073 0.18601006401909723
1 0.07172491997480393 0.622902340359158 0.06386484205722809 0.16516766018337672
0 0.4829073190689087 0.22159176932440863 0.016277503967285157 0.05034876929389106
1 0.6055999793112278 0.3880470805697971 0.011199958622455597 0.11471267276340061
0 0.6407099723815918 0.3520944383409288 0.02452116012573242 0.08692609998914931
1 0.7097422838211059 0.4012505027982924 0.021140432357788085 0.09489130973815918
0 0.6432527899742126 0.30216091738806833 0.014023137092590333 0.026544056998358833
0 0.924506151676178 0.6761780632866754 0.02878730297088623 0.06929431491427951
0 0.7154071569442749 0.3111525058746338 0.009609603881835937 0.0445272339714898
3 0.5676963925361633 0.31885227205024824 0.057230448722839354 0.057875154250197944
