0 0.267040 0.847829 0.041316 0.201065
0 0.241309 0.570051 0.028230 0.142161
0 0.355266 0.466197 0.026399 0.121267
1 0.441960 0.472748 0.056158 0.136899
3 0.692551 0.812023 0.266458 0.373043
0 0.684000 0.518893 0.026116 0.117378
1 0.534900 0.272090 0.037570 0.077125
0 0.881824 0.710989 0.043079 0.145914
0 0.665870 0.422320 0.024896 0.103263
0 0.153618 0.696111 0.038630 0.159718
0 0.764577 0.558109 0.031031 0.127366
0 0.134299 0.837346 0.045447 0.189537
0 0.728824 0.451224 0.023775 0.103809
0 0.314178 0.430796 0.021747 0.111807
0 0.296314 0.543874 0.026832 0.133235
0 0.722329 0.591206 0.031298 0.133843
1 0.607678 0.318739 0.053342 0.107076
0 0.298527 0.371650 0.020880 0.094550
0 0.310582 0.665755 0.032047 0.152684
0 0.685377 0.359638 0.021573 0.092395
0 0.831307 0.589994 0.035417 0.131468
0 0.199877 0.898172 0.056682 0.203657
1 0.444762 0.366795 0.050735 0.105275
1 0.436167 0.289690 0.039833 0.072028
0 0.149776 0.380706 0.050587 0.087205
0 0.786482 0.505584 0.028571 0.109751
3 0.394718 0.783006 0.159221 0.429542
0 0.837399 0.909439 0.048287 0.174687
0 0.372103 0.292584 0.016959 0.076480
0 0.492989 0.301756 0.026716 0.079658
0 0.645677 0.308271 0.018506 0.075045
0 0.977166 0.878130 0.044370 0.172755
1 0.581317 0.454079 0.059737 0.117496
0 0.404740 0.249893 0.014874 0.064085
0 0.347929 0.363311 0.020626 0.092974
1 0.520519 0.204325 0.029395 0.059872
0 0.618822 0.250393 0.017770 0.055433
3 0.457250 0.227191 0.032200 0.087651
0 0.509773 0.465210 0.024958 0.116411
0 0.086710 0.364372 0.055686 0.080975
0 0.810272 0.427395 0.032135 0.096675
0 0.384950 0.250078 0.016140 0.064399
0 0.596170 0.241537 0.015372 0.061735
3 0.436495 0.783259 0.240056 0.431911
0 0.355356 0.378866 0.022238 0.095274
0 0.011934 0.337502 0.023869 0.076305
0 0.362314 0.267244 0.017261 0.066096
0 0.549366 0.225442 0.013523 0.054129
0 0.566502 0.225109 0.014531 0.059819
0 0.593858 0.237086 0.015318 0.061689
