1 0.666069 0.769113 0.161644 0.322470
0 0.222225 0.700177 0.054698 0.148628
1 0.413533 0.425179 0.071910 0.137077
0 0.183977 0.447586 0.039913 0.099935
0 0.299705 0.337181 0.030818 0.082222
0 0.258934 0.365051 0.034231 0.082512
0 0.353751 0.320993 0.032899 0.086349
0 0.161269 0.605513 0.056320 0.137940
0 0.649565 0.337612 0.024749 0.077139
0 0.361951 0.255234 0.021985 0.068323
0 0.633971 0.238913 0.023398 0.063646
0 0.073666 0.394454 0.049646 0.087422
0 0.658122 0.268509 0.023802 0.067429
0 0.321561 0.286878 0.018637 0.069470
