0 0.7783852756023407 0.475997183057997 0.03254188299179077 0.09766002231174045
0 0.4503031730651855 0.544803958468967 0.06792011260986328 0.11720479329427083
0 0.8067983627319336 0.5883262634277344 0.033757781982421874 0.12455435858832466
0 0.16404497623443604 0.38853061464097766 0.04930946826934814 0.07046684688991971
0 0.0866069108247757 0.36524945894877114 0.049055594205856326 0.06975367863972982
1 0.5185666084289551 0.3799633026123047 0.10079841613769532 0.10512254503038194
0 0.729278564453125 0.5460387335883247 0.030587005615234374 0.12761043972439237
0 0.2728978157043457 0.4812757703993056 0.0589937686920166 0.08477664523654514
0 0.42532056868076323 0.3427363259924783 0.022687000036239625 0.08981474306848314
0 0.4655910491943359 0.4335494147406684 0.051169967651367186 0.09349907769097222
0 0.36457927227020265 0.4832765367296007 0.06466455459594726 0.1063812255859375
1 0.2968681812286377 0.4555283440483941 0.11231789588928223 0.11060401068793403
0 0.6694291114807129 0.35108473036024307 0.02185993194580078 0.08993911743164062
0 0.808574104309082 0.861100599500868 0.05891528129577637 0.22350362141927083
0 0.3828568339347839 0.35542313787672253 0.018895888328552247 0.08224901623196072
0 0.6460901260375976 0.2988324907090929 0.019832420349121093 0.07713750203450521
0 0.7003636956214905 0.3535478379991319 0.017906570434570314 0.07642305162217881
0 0.3434029817581177 0.3359130435519748 0.019681692123413086 0.08134485880533854
0 0.45412330627441405 0.3348748524983724 0.020914459228515626 0.0820804172092014
0 0.590057909488678 0.26605116526285805 0.015409541130065919 0.06478555467393664
0 0.313249397277832 0.3330936113993327 0.019222021102905273 0.07901727888319228
0 0.9657857894897461 0.7606113009982639 0.058684158325195315 0.14033203125
1 0.4443905532360077 0.25296000374688044 0.03070300817489624 0.07030646006266277
0 0.5729815006256104 0.20323353873358832 0.010992193222045898 0.0497051027086046
0 0.5603649139404296 0.4078939225938585 0.032346343994140624 0.09335216946072049
0 0.39808200895786283 0.31616597440507677 0.016010648012161253 0.05455417103237576
0 0.5509097218513489 0.2144573105706109 0.012074160575866699 0.04990545908610026
0 0.35999687314033507 0.3007213380601671 0.015940827131271363 0.06807259453667534
0 0.5496704578399658 0.25736625459459095 0.013645410537719727 0.05898528628879123
0 0.2971955180168152 0.323661560482449 0.017812275886535646 0.0758596420288086
0 0.9541033744812012 0.9436121622721354 0.07489604949951172 0.10534023708767361
0 0.7035272240638732 0.30402558697646276 0.031479477882385254 0.03011085616114239
3 0.9682443261146545 0.5603516260782878 0.06240556240081787 0.25032132466634116
1 0.5495066165924072 0.3171211772494846 0.045290136337280275 0.07258001963297527
0 0.21970831155776976 0.40303299956851535 0.024196267127990723 0.05137075318230523
0 0.327173350303201 0.28303487565782337 0.013432575168553739 0.06715075174967448
0 0.6739257454872132 0.2673227839999729 0.020200943946838378 0.05172117021348741
0 0.5431890249252319 0.1705369896358914 0.00948944091796875 0.03807047737969293
0 0.37381371259689333 0.3173655801349216 0.01354234218597412 0.05695338249206543
1 0.5155550539493561 0.1726384374830458 0.02173999547958374 0.050419553120930986
0 0.812191641330719 0.42421591016981336 0.02761714458465576 0.07951261732313368
0 0.2082871675491333 0.4442335976494683 0.024872589111328124 0.07815030415852865
0 0.4256250232458115 0.28537235260009763 0.015316277742385864 0.057770792643229166
1 0.4601539492607117 0.2295503086513943 0.024417304992675783 0.06090340084499783
0 0.4820193350315094 0.30704515245225694 0.017661702632904053 0.06245104471842448
0 0.9740835666656494 0.6809141794840495 0.017757272720336913 0.06039386325412326
0 0.40352228581905364 0.27959011925591365 0.013327938318252564 0.04983431498209635
