1 0.7401265680789948 0.6518571217854817 0.12829073667526245 0.11597832573784722
1 0.7405680060386658 0.6896679454379612 0.12980663776397705 0.19410203297932943
1 0.6383529663085937 0.917449951171875 0.1626595973968506 0.1637930128309462
0 0.7121912837028503 0.47957161797417536 0.02431354522705078 0.10697140163845487
1 0.17637367248535157 0.4123213873969184 0.10670433044433594 0.09919179280598958
0 0.7610372006893158 0.4948066552480062 0.02786659002304077 0.10282782448662652
1 0.5295072376728058 0.5885947121514215 0.11234968900680542 0.1707787831624349
1 0.37422363758087157 0.48147095574273 0.051290035247802734 0.14334742228190103
1 0.6974384427070618 0.6488480673895942 0.04522674083709717 0.12452608744303385
0 0.2539228916168213 0.6257493125067817 0.03114166259765625 0.1332694583468967
0 0.6616209983825684 0.43761778937445744 0.02502861022949219 0.1094450208875868
0 0.28399810791015623 0.40634515550401473 0.021384191513061524 0.09302122328016493
0 0.3477463603019714 0.42856426239013673 0.020788121223449706 0.09337348937988281
1 0.3783066853880882 0.3099620289272732 0.03861043751239777 0.07248338063557942
0 0.867793083190918 0.7329944186740451 0.047690963745117186 0.16628231472439237
0 0.47334341406822206 0.6700249565972223 0.034317171573638915 0.1449906243218316
3 0.42778849601745605 0.3580396016438802 0.07008686065673828 0.1659030490451389
0 0.5399245262145996 0.25486136542426213 0.016184425354003905 0.06998206244574653
0 0.27789831161499023 0.5361128489176432 0.03120574951171875 0.12708748711480033
1 0.5862770676612854 0.381656625535753 0.058852982521057126 0.10292371114095052
0 0.5065360069274902 0.799434577094184 0.043247222900390625 0.17924431694878473
1 0.5627228021621704 0.22523152033487956 0.023609733581542967 0.057808536953396265
0 0.5949050545692444 0.3071647432115343 0.019894862174987794 0.06902025010850694
0 0.38483001589775084 0.3809025764465332 0.022042322158813476 0.07912612491183811
0 0.5251151084899902 0.4663074917263455 0.0554412841796875 0.09927478366427951
1 0.5081396341323853 0.1589106771681044 0.020134663581848143 0.0406633800930447
0 0.668680477142334 0.2997067557440864 0.021245574951171874 0.07634629143608941
1 0.5421959638595581 0.19174839125739204 0.02294464111328125 0.04385095172458225
0 0.2985546112060547 0.45541146596272786 0.023436355590820312 0.08329005771213108
1 0.45632200241088866 0.24938536749945747 0.03569669723510742 0.06629787021213107
0 0.6223398499190808 0.2453767776489258 0.015815027058124542 0.05799602932400173
0 0.33694117069244384 0.31719916661580405 0.017567038536071777 0.07195042504204643
3 0.9678131341934204 0.5692062166002062 0.06437373161315918 0.27044173346625433
0 0.6028092861175537 0.25680683983696834 0.013483381271362305 0.0603485107421875
0 0.25815749168395996 0.3642073313395182 0.026060867309570312 0.09003168741861979
0 0.3476939246058464 0.34990998374091253 0.017344561219215394 0.07711577945285374
0 0.11049168705940246 0.36150042215983075 0.046863019466400146 0.062310875786675345
1 0.6089482276147464 0.3905537764231364 0.017739156185416504 0.09749163521660699
0 0.8828121781349182 0.6534998363918728 0.040367865562438966 0.10345946417914496
0 0.7032989621162414 0.29156905280219186 0.03298308849334717 0.062331941392686635
0 0.7034002304077148 0.3048081199328105 0.0332089900970459 0.031838462087843154
0 0.3157310962677002 0.40553817749023435 0.020758438110351562 0.09651675754123264
0 0.7126513481140136 0.40707147386338977 0.0285552978515625 0.08058734469943576
0 0.8901680707931519 0.6492543644375272 0.02447986602783203 0.09983001285129123
0 0.7749321937561036 0.9585813734266493 0.06762580871582032 0.08001810709635417
0 0.6088482603430748 0.3903276867336697 0.01747569739818573 0.09795138041178385
0 0.5521519660949707 0.7225108676486545 0.0706796646118164 0.13392757839626737
0 0.6696648836135864 0.31080539756351044 0.01793532371520996 0.043833017349243164
1 0.42396687567234037 0.17961070272657606 0.022572726011276245 0.047060086992051865
0 0.4819433927536011 0.24961767196655274 0.014261412620544433 0.056285328335232206
0 0.2558186411857605 0.3729160679711236 0.019958901405334472 0.06807995902167427
0 0.38031933307647703 0.2525336053636339 0.013380813598632812 0.05006966061062283
0 0.5399027287960052 0.6748262617323134 0.04039055109024048 0.07207870483398438
0 0.5266866326332093 0.4595641613006592 0.033825230598449704 0.09968890084160699
0 0.6040040941545157 0.2564370579189724 0.00792150765482802 0.060850037468804255
0 0.32469562381502326 0.39338694678412545 0.008758370280338568 0.10161586337619358
0 0.33632042407989504 0.3270531687471602 0.014165973663330078 0.05630585749944051
0 0.8141502022743226 0.4362923092312283 0.025513434410095216 0.07758890787760417
0 0.49909114837646484 0.2917981995476617 0.018989872932434083 0.0787820816040039
0 0.6032317500561476 0.31231980323791503 0.006463500112295151 0.0468618286980523
3 0.7008373260498046 0.6878295580546061 0.038950347900390626 0.19874536726209852
0 0.3588818311691284 0.39079030354817706 0.019150543212890624 0.08004930284288195
0 0.5840784072875976 0.27024933497111003 0.014475250244140625 0.06005302005343967
0 0.8694593787193299 0.6841826756795247 0.052076411247253415 0.053635787963867185
2 0.17577453851699829 0.41130919986300996 0.11094019412994385 0.0965584225124783
0 0.7095216035842895 0.41760732862684463 0.02030172348022461 0.07914776272243923
0 0.6026410872116685 0.30900923411051434 0.005282174423336982 0.06879768371582032
0 0.7146494865417481 0.34334147771199547 0.011326026916503907 0.06967529720730252
0 0.40260977745056153 0.2673179096645779 0.01637948751449585 0.05973402659098307
0 0.7805595815181732 0.42779146830240883 0.019654691219329834 0.07622714572482639
0 0.2660869240760803 0.36377463473214044 0.018170619010925294 0.06826982233259413
0 0.3185375571250916 0.36509310404459633 0.01827881336212158 0.0593386967976888
0 0.30572054386138914 0.3284560627407498 0.018238401412963866 0.06876561906602648
0 0.011853750050067901 0.34867511325412326 0.023707500100135802 0.040908930036756726
2 0.4547191262245178 0.18166714774237738 0.03758087158203125 0.08019881778293186
3 0.3771762132644653 0.31836406231029996 0.03690643310546875 0.05876865704647369
0 0.6651007264852524 0.3915587955050998 0.018997830152511597 0.06436182657877604
0 0.8619842648506164 0.43674182891845703 0.04195563793182373 0.07166082594129775
0 0.323194963298738 0.3920116292105781 0.005764926597476005 0.08054259088304308
