0 0.738680076599121 0.6491815355088976 0.08129215240478516 0.1347444322374132
0 0.7278657913208008 0.4583947075737847 0.02762889862060547 0.10354936387803819
0 0.5389715194702148 0.6545600891113281 0.048749542236328124 0.14781951904296875
0 0.7123258620500564 0.40288285149468317 0.024750775098800658 0.08330145941840278
0 0.8844730377197265 0.6104476928710938 0.054388809204101565 0.12160864935980903
0 0.15593628883361815 0.3822452121310764 0.05710558891296387 0.08592698838975694
1 0.5168826103210449 0.3813326093885634 0.08641214370727539 0.09657652113172743
0 0.0862123727798462 0.36462856796052723 0.04774763584136963 0.07181129720475939
1 0.38972513675689696 0.43137868245442706 0.14633994102478026 0.11491868760850694
1 0.05711108446121216 0.8178916931152344 0.11422216892242432 0.23039652506510416
0 0.08764491081237794 0.524703386094835 0.06779062747955322 0.10362430148654514
0 0.5938688278198242 0.3540357377794054 0.02211132049560547 0.08938513861762153
0 0.5445647001266479 0.2845442030164931 0.014895248413085937 0.0673506842719184
0 0.6020846605300904 0.26543410619099933 0.013915491104125977 0.06375929514567057
0 0.2951642632484436 0.3308714141448339 0.017865252494812012 0.07133194274372524
0 0.5574824571609497 0.2472553147210015 0.013657283782958985 0.060664939880371097
0 0.5829584956169128 0.24159122043185763 0.012976765632629395 0.05881144205729167
3 0.967113196849823 0.563519032796224 0.06466844081878662 0.2594570583767361
0 0.5451561808586121 0.3034867419136895 0.016037678718566893 0.029195706049601238
0 0.8888694763183593 0.9080427381727431 0.054119873046875 0.17546488444010416
0 0.32038354873657227 0.3015528361002604 0.01952648162841797 0.07365807427300347
0 0.3606910228729248 0.3440636528862847 0.029474544525146484 0.07409225040011935
0 0.34712021574378016 0.30117985407511394 0.016147913038730623 0.06890536414252388
1 0.09487919807434082 0.47662378946940104 0.16459102630615235 0.11480017768012153
0 0.41591737866401673 0.31696342097388375 0.015264284610748292 0.056149064169989694
0 0.44018797278404237 0.305333317650689 0.01879352331161499 0.07319884830050999
0 0.3250339489430189 0.30201423433091906 0.009442897886037827 0.07318842146131728
0 0.4342630863189697 0.4802077399359809 0.060518932342529294 0.09852676391601563
0 0.9552844047546387 0.7969495985243056 0.0713735580444336 0.15970323350694443
0 0.6040669046342373 0.2637535836961534 0.008133809268474578 0.06508655548095703
0 0.3212754726409912 0.31373250749376086 0.017088651657104492 0.049687237209743926
0 0.6158471584320069 0.33803206549750436 0.019918441772460938 0.08638797336154513
0 0.3791509985923767 0.2991575876871745 0.014158177375793456 0.06739434136284722
0 0.5469309687614441 0.1632542398240831 0.00936729907989502 0.03962917327880859
0 0.3786660432815552 0.47992350260416666 0.06459832191467285 0.09477335611979167
1 0.5253983974456787 0.20547714233398437 0.025491809844970702 0.0581252204047309
0 0.3938362956047058 0.2921763843960232 0.012313389778137207 0.06556830936008029
0 0.6732720255851745 0.2680771297878689 0.02158372402191162 0.05118115743001302
0 0.7534850120544434 0.40437833997938366 0.021658897399902344 0.08661532931857639
0 0.7184370845556259 0.6541166093614367 0.039473730325698855 0.09412706163194444
0 0.36479188203811647 0.2910836537679036 0.015051579475402832 0.06857515970865885
0 0.37866016626358034 0.31008148193359375 0.012065291404724121 0.04238518608940972
0 0.3990172863006592 0.2940143479241265 0.015417921543121337 0.06458271874321832
0 0.8138024806976318 0.4371591991848416 0.02514815330505371 0.07506234910753039
1 0.4434179782867432 0.24961085849338108 0.03335704803466797 0.06633063422309028
0 0.47909311652183534 0.3082482231987847 0.021878540515899658 0.0796780056423611
0 0.4558273494243622 0.29282388687133787 0.016915571689605714 0.06390844980875651
1 0.35904995203018186 0.4261070224973891 0.08182351589202881 0.10522711541917588
0 0.47823305130004884 0.32344572279188366 0.02780284881591797 0.06955600314670139
0 0.752791291475296 0.668211555480957 0.056460654735565184 0.08520723978678385
1 0.4595928072929382 0.2277955479092068 0.025753211975097657 0.06069562700059679
0 0.7439321756362915 0.6435125139024522 0.04600684642791748 0.1278593275282118
0 0.7026049852371216 0.29036289850870767 0.03406219482421875 0.06143940819634332
0 0.39383950233459475 0.3074322083266452 0.011927032470703125 0.0369956456280003
0 0.7438975155353547 0.61605347527398 0.030633604526519774 0.0743959214952257
0 0.6174702525138855 0.32882182863023546 0.014744400978088379 0.0779316160413954
0 0.7029492974281311 0.30472147332297433 0.033479905128479 0.03166516886817084
0 0.3884095013141632 0.18574751218159993 0.011412370204925536 0.04049266179402669
3 0.9701324105262756 0.5988671196831598 0.05973517894744873 0.15210528903537326
0 0.3631469368934631 0.30979063908259075 0.013351511955261231 0.0418035003874037
0 0.011909575760364532 0.34042137993706595 0.023819151520729064 0.0811650382147895
3 0.5222319424152374 0.19552609125773113 0.03135932683944702 0.07651204003228082
