0 0.8780609130859375 0.7004936218261719 0.07808609008789062 0.1903413560655382
0 0.3003730058670044 0.3257868448893229 0.0324617862701416 0.08444586859809028
0 0.11993623077869416 0.6024150000678168 0.05445849299430847 0.1300691392686632
0 0.6427234768867492 0.3115794605678982 0.02869255542755127 0.07869718339708116
0 0.6189152002334595 0.26874210569593643 0.029506731033325195 0.07572366926405165
1 0.8746283292770386 0.6578653971354167 0.075054931640625 0.10498275756835937
0 0.5577625274658203 0.30889922247992624 0.03998508453369141 0.08903850979275174
0 0.4179604560136795 0.25305858188205294 0.018091624975204466 0.07605082194010417
0 0.07273184061050415 0.3921695285373264 0.047298046946525577 0.08662618001302083
1 0.5567697286605835 0.31004489262898766 0.03995304107666016 0.08954495324028863
0 0.6035589218139649 0.17152821752760145 0.010109710693359374 0.03795857959323459
0 0.4020500659942627 0.20761689080132378 0.015975475311279297 0.05867284138997396
0 0.3408865094184875 0.22255165312025282 0.02123444080352783 0.0462811999850803
