0 0.6679864048957824 0.33714682261149087 0.03406976461410523 0.08511678907606336
0 0.1593261480331421 0.8375060187445746 0.07918405532836914 0.1998560587565104
0 0.4154018759727478 0.3951051182217068 0.03824806213378906 0.09651122623019748
0 0.37637466192245483 0.29777890311347116 0.031354212760925294 0.07262791527642144
0 0.13521349430084229 0.5298739963107639 0.05047321319580078 0.12114308675130209
0 0.2753067135810852 0.4207045475641886 0.03460586071014404 0.08982079293992784
0 0.22981343269348145 0.4213472498787774 0.03654608726501465 0.08748958905537924
0 0.3234958291053772 0.43439049190945095 0.04056479930877686 0.09947115580240885
0 0.33210775032639506 0.4355951097276476 0.02359050065279007 0.10292858547634548
0 0.297892427444458 0.5601713392469618 0.06513509750366211 0.16118910047743057
0 0.30767881870269775 0.33767078187730576 0.028221559524536134 0.07675999535454645
0 0.022792553901672362 0.7553826226128473 0.045585107803344724 0.1471767849392361
0 0.34713963270187376 0.2291767438252767 0.027642226219177245 0.05492284562852648
0 0.2423059821128845 0.35123275915781654 0.027768635749816896 0.07065987586975098
0 0.6266531825065613 0.24328304926554362 0.02347276210784912 0.06222553253173828
1 0.2988752365112305 0.5615735901726617 0.06540107727050781 0.15894917382134333
0 0.07218915075063706 0.3943578826056586 0.04679174721240997 0.0886758804321289
0 0.19399369955062867 0.6473404778374566 0.059890246391296385 0.14462229410807292
1 0.15958297848701478 0.838324228922526 0.07989498376846313 0.1954394022623698
0 0.2521736264228821 0.41077766948276095 0.014109492301940918 0.052988465627034506
0 0.3768768936395645 0.31126226319207084 0.030956536531448364 0.044746748606363934
1 0.3234945058822632 0.43399550120035807 0.04095802307128906 0.09942660861545138
3 0.07267517745494842 0.3935160742865668 0.04624713063240051 0.08668617672390408
0 0.3245398575847503 0.3032593833075629 0.008145817660260946 0.05919553968641493
0 0.01951541006565094 0.6964629491170248 0.03903082013130188 0.029296323988172744
0 0.5935056805610657 0.16480718188815646 0.013721776008605958 0.03811092376708984
