0 0.08162651658058166 0.6607393900553385 0.05289500951766968 0.15897428724500867
1 0.39271888732910154 0.48743267059326173 0.07775466442108155 0.1579594506157769
0 0.6220309495925903 0.2647663116455078 0.024212741851806642 0.061662589179144967
3 0.3872492492198944 0.2804249710506863 0.09940637350082397 0.262282297346327
0 0.7247419059276581 0.36321157879299587 0.02635856866836548 0.07488248613145616
1 0.37672150135040283 0.4882360246446398 0.04650444984436035 0.15730675591362847
0 0.34350765943527223 0.36945114135742185 0.017397379875183104 0.07495532565646701
3 0.3855437748134136 0.3523743703961372 0.10002229362726212 0.12296251290374333
0 0.7118437170982361 0.24147227605183919 0.014219856262207032 0.03805099063449436
0 0.7156547904014587 0.3597646819220649 0.009315419197082519 0.08177856869167752
