0 0.2563832879066467 0.5068899366590712 0.028678488731384278 0.12877510918511284
0 0.8447796821594238 0.49684757656521267 0.05941791534423828 0.09932581583658855
0 0.3868633031845093 0.5071699354383681 0.045596742630004884 0.1203426784939236
0 0.16648521423339843 0.8287368774414062 0.05531015396118164 0.23197123209635417
1 0.4029811292886734 0.27961748970879446 0.03587011694908142 0.07537882063123914
0 0.2876575469970703 0.6500673082139757 0.031873035430908206 0.1638361612955729
0 0.26831960678100586 0.9218153847588433 0.05542607307434082 0.15636923048231338
0 0.6436485290527344 0.29820340474446616 0.037554931640625 0.07305077446831597
0 0.36510974168777466 0.290761661529541 0.01750835180282593 0.0694814682006836
0 0.34581751823425294 0.4411076863606771 0.05571126937866211 0.10411495632595485
0 0.6091682434082031 0.740228780110677 0.035169792175292966 0.17269982231987846
0 0.5728370904922485 0.2494281768798828 0.01363201141357422 0.05873650444878472
0 0.5934393763542175 0.2647014405992296 0.014633393287658692 0.061881934271918404
0 0.36922052055597304 0.22871090571085612 0.014171609282493591 0.05389385223388672
0 0.10936201512813568 0.37254584630330406 0.05298450589179993 0.07557845645480686
0 0.9200502038002014 0.537525749206543 0.040340209007263185 0.07422892252604167
0 0.2496628761291504 0.3653289371066623 0.04212751388549805 0.09051038953993056
3 0.5350262999534607 0.2636959393819173 0.03464972972869873 0.0991408665974935
0 0.4318179368972778 0.1900795512729221 0.010950398445129395 0.046891212463378906
0 0.5530688524246216 0.22685187657674152 0.011631536483764648 0.050717650519477
0 0.4144508957862854 0.21804046630859375 0.01105804443359375 0.04838439093695746
0 0.570610523223877 0.19085771242777508 0.011361646652221679 0.047427166832817926
0 0.7034872055053711 0.3046126166979472 0.0325960636138916 0.03144745561811659
3 0.9680101037025451 0.5794122483995225 0.062315058708190915 0.21583048502604166
0 0.546501886844635 0.19795705477396647 0.010565829277038575 0.041597843170166016
0 0.39200836420059204 0.2837830331590441 0.015896153450012208 0.07218011220296223
0 0.812796550989151 0.4353171878390842 0.026644361019134522 0.08254648844401041
0 0.6785475254058838 0.2699323230319553 0.026481771469116212 0.05131810506184896
0 0.44693584442138673 0.16824917793273925 0.008426403999328614 0.03815743128458659
1 0.392144775390625 0.3027826295958625 0.01564650535583496 0.027787481413947213
0 0.3117009162902832 0.26340221828884547 0.01892118453979492 0.06610293918185764
0 0.3886451333761215 0.24142653147379559 0.01326940655708313 0.05180638631184896
0 0.7149008989334107 0.34301718605889214 0.010823202133178712 0.06805990007188585
0 0.49891315698623656 0.28903350830078123 0.01799941062927246 0.07837545606825087
0 0.9940521121025085 0.747767448425293 0.01189577579498291 0.11628091600206163
1 0.5459493279457093 0.12422351307339138 0.01705772876739502 0.0333825323316786
0 0.8683243155479431 0.4399441189236111 0.035500407218933105 0.07208277384440104
0 0.6570506811141967 0.24995638529459635 0.021290969848632813 0.05248023139105903
0 0.5398702979087829 0.15749526023864746 0.010852742195129394 0.03867430157131619
