1 0.4121266514062881 0.41252820756700304 0.08052725195884705 0.13696233961317275
0 0.7670695960521698 0.5210101021660699 0.035525953769683837 0.10301356845431858
1 0.6344463348388671 0.7228761461046007 0.16076240539550782 0.29159749348958336
0 0.07990532219409943 0.4017175462510851 0.053655070066452024 0.06634835137261284
1 0.2840405464172363 0.8451139662000868 0.2071904182434082 0.3090905083550347
0 0.3389765977859497 0.3601749526129829 0.032050466537475585 0.10299087100558811
0 0.32205954790115354 0.29454545974731444 0.021935439109802245 0.07468416425916884
0 0.4027117848396301 0.30345221625434027 0.02731952667236328 0.07987242804633246
3 0.2856976389884949 0.8433820936414931 0.2087489366531372 0.3132358127170139
0 0.25448017120361327 0.4515037112765842 0.02588376998901367 0.09986529880099826
0 0.38422188758850095 0.23530815972222222 0.013291025161743164 0.048300976223415795
0 0.35833987295627595 0.23978743023342555 0.0168035626411438 0.054310374789767794
0 0.33754578828811643 0.24293880462646483 0.017870020866394044 0.047276475694444445
0 0.3855122447013855 0.4170984692043728 0.02863495349884033 0.11263313293457031
0 0.3985389143228531 0.2395679791768392 0.01310991644859314 0.05343443552652995
0 0.3610247954726219 0.28865893681844074 0.01601811349391937 0.045916175842285155
3 0.6309069514274597 0.6436635812123617 0.17146666049957277 0.4410120540195041
0 0.4108676552772522 0.23601198196411133 0.014360427856445312 0.04869992997911241
