0 0.9392311096191406 0.8095104641384548 0.07772178649902343 0.19135877821180555
0 0.7680468201637268 0.5870226542154948 0.055820274353027347 0.14372465345594618
0 0.6901728868484497 0.32644907633463544 0.029324054718017578 0.07433768378363716
0 0.7130487054586411 0.4472505781385634 0.044543153047561644 0.10785700480143229
0 0.20504170060157775 0.2858475261264377 0.03377121686935425 0.058536762661404076
0 0.3392340183258057 0.3253926277160645 0.0356048583984375 0.08730975257025825
0 0.48734493255615235 0.2720603836907281 0.029929542541503908 0.07321580251057942
0 0.6669810876250267 0.36507884793811374 0.034145203232765195 0.08141885068681505
1 0.9392048716545105 0.8112839168972439 0.07638823986053467 0.18673892550998264
0 0.07348386943340302 0.39491571850246854 0.0452950656414032 0.09005154503716363
0 0.4894167423248291 0.28473419613308376 0.03748798370361328 0.08171314663357204
1 0.7681191444396973 0.5871296458774142 0.0555527925491333 0.14208821190728083
3 0.41368382703512907 0.7746674643622504 0.1770641181617975 0.44571444193522136
0 0.3460643239319324 0.3280504438612196 0.022213725745677947 0.07832310994466146
0 0.6791796684265137 0.8933294508192274 0.06607837677001953 0.20980004204644098
0 0.06583396196365357 0.3695284737481011 0.029313409328460695 0.04184828864203559
