2 0.12873725183308124 0.5689497974183825 0.23740374073386192 0.4517368051740858
0 0.2515998125076294 0.4228928460015191 0.03509392738342285 0.09453396267361111
1 0.32712583541870116 0.8246977064344618 0.17679691314697266 0.3446385701497396
2 0.32058335542678834 0.8200821982489692 0.15883328914642333 0.34775716993543837
0 0.837857437133789 0.6293690151638455 0.06596336364746094 0.1673863728841146
2 0.6592638969421387 0.46961754692925345 0.1822795867919922 0.369242180718316
0 0.07268338799476623 0.37160204781426326 0.041284382343292236 0.04511097802056207
0 0.6186784029006958 0.27729256947835285 0.029755640029907226 0.06455476548936633
3 0.6419516801834106 0.4768824640247557 0.15550546646118163 0.3643069883187612
0 0.34424264430999757 0.34516962899102105 0.02415809631347656 0.08941054873996311
1 0.8376870393753052 0.6285343594021268 0.0662186622619629 0.16472193400065105
0 0.670607614517212 0.2700788709852431 0.027992105484008788 0.04485630459255642
3 0.4217205047607422 0.28087370130750866 0.08394467830657959 0.22210320366753472
0 0.34951071739196776 0.25599789089626734 0.02397289276123047 0.06432011922200521
2 0.4199956566095352 0.27956930266486274 0.07667736411094665 0.2201289388868544
0 0.37642340660095214 0.23764673868815103 0.017380285263061523 0.06418889363606771
3 0.39053192138671877 0.33960332340664334 0.0189361572265625 0.10142886903550889
1 0.3905302405357361 0.3392626550462511 0.018939518928527833 0.10074753231472439
0 0.5062471866607666 0.2983306248982747 0.024949359893798827 0.07240045335557725
2 0.7107752993702888 0.9146787643432617 0.18346382081508636 0.16958334181043838
0 0.7123927712440491 0.23877213795979818 0.01358170509338379 0.042138671875
0 0.6919079780578613 0.3454849667019314 0.028902053833007812 0.07673873901367187
1 0.3015641689300537 0.38338979085286456 0.07229928970336914 0.1570807562934028
0 0.020471049845218657 0.7125550164116754 0.032390722632408143 0.14374186197916666
