1 0.37376837730407714 0.5681023915608724 0.11022310256958008 0.22244627210828993
0 0.2517717361450195 0.5436299218071832 0.03545050621032715 0.12726304796006943
1 0.5644068121910095 0.19812883800930448 0.03448913097381592 0.06075297461615668
0 0.3226260781288147 0.4013758765326606 0.030793976783752442 0.09727486504448785
1 0.5202308118343353 0.20655222998725042 0.03404103517532349 0.0551544189453125
0 0.3767834007740021 0.2668566385904948 0.02002129554748535 0.06579212612575955
0 0.2947418451309204 0.3780370182461209 0.029370927810668947 0.09664287567138671
0 0.6219010304659605 0.3822350819905599 0.026132545620203017 0.07568882836235893
3 0.35974950790405275 0.5708840899997287 0.08050098419189453 0.2219768524169922
0 0.3292179562151432 0.4048706160651313 0.01781091243028641 0.10453065236409505
0 0.34591776207089425 0.23356890148586698 0.013349251449108123 0.05192483266194661
0 0.21710972785949706 0.41183403862847223 0.022919273376464842 0.09748814900716146
0 0.2164033532142639 0.39975308842129176 0.020870137214660644 0.05023249520195855
1 0.329150785058664 0.40631899038950603 0.01765478342786082 0.1080233097076416
0 0.6314892768859863 0.2002797179751926 0.012466955184936523 0.04767779244316949
0 0.40893993675708773 0.28396201663547094 0.02059890627861023 0.060116746690538195
0 0.3714902400970459 0.22376119825575086 0.016397380828857423 0.04596786499023438
0 0.23801274299621583 0.3820532480875651 0.023927879333496094 0.06602825588650174
0 0.3236217278987169 0.19446885850694445 0.006618455797433853 0.050063069661458334
1 0.32260693311691285 0.40107713805304634 0.03114645481109619 0.09611152013142904
