1 0.5498955965042114 0.3651821560329861 0.07233047485351562 0.13153957790798612
3 0.8494140207767487 0.5055722448560926 0.2965662360191345 0.379213990105523
2 0.8164543151855469 0.654849624633789 0.35915417671203614 0.6903007507324219
2 0.8100209400057793 0.506859302520752 0.3200507313013077 0.4085036171807183
0 0.07365239858627319 0.3953643798828125 0.04363102912902832 0.08512327406141493
0 0.3615136370062828 0.215355290306939 0.023527029156684875 0.05063313378228081
0 0.3310111999511719 0.2967315991719564 0.030330371856689454 0.07472595638699002
0 0.6600199222564698 0.2708101060655382 0.026111507415771486 0.06309789021809896
0 0.3894923090934753 0.2632423930697971 0.019811415672302247 0.07070013682047525
0 0.21348059177398682 0.486301761203342 0.049204683303833006 0.11205240885416666
0 0.6824837565422058 0.2764643563164605 0.01964857578277588 0.04309065077039931
3 0.7936091452836991 0.5862939245171017 0.2847916066646576 0.5594060169325934
1 0.5222397804260254 0.26699930826822915 0.05317268371582031 0.08695030212402344
3 0.6879006624221802 0.49965457088417475 0.06341423988342285 0.40086641907691956
0 0.6819916248321534 0.29435289171006945 0.021369171142578126 0.07311477661132812
3 0.8359354436397552 0.739259327782525 0.31128631830215453 0.5060698827107747
0 0.6326138496398925 0.22992532518174913 0.018624305725097656 0.049758656819661455
0 0.712352180480957 0.23501285976833766 0.014641952514648438 0.048405159844292535
3 0.676639711856842 0.767102739546034 0.08734557628631592 0.4170124265882704
0 0.43223204612731936 0.20111365848117405 0.020668411254882814 0.046818584865993926
0 0.4071483016014099 0.201340389251709 0.014828073978424072 0.04643039703369141
