0 0.7286134660243988 0.4202207777235243 0.0431916356086731 0.10772713555230035
0 0.8540882110595703 0.6993670145670573 0.07657394409179688 0.19052903917100694
0 0.04930656254291534 0.7552534315321181 0.07532563805580139 0.17476128472222222
1 0.4014011323451996 0.5052619987063938 0.10313414335250855 0.1933984014723036
0 0.17583897709846497 0.5332639270358616 0.05345495939254761 0.13098682827419705
2 0.5753496170043946 0.2753840128580729 0.08566179275512695 0.1825748019748264
0 0.2443091630935669 0.4778278350830078 0.046954011917114256 0.10939042833116319
1 0.3752520799636841 0.5101902643839519 0.04949584007263184 0.19564119974772134
1 0.591285514831543 0.42487140231662324 0.07857646942138671 0.11563127305772569
0 0.3772150233387947 0.31114159690009224 0.023911282420158386 0.06667262183295355
0 0.07259343266487121 0.39218279520670574 0.049305713176727294 0.09494476318359375
1 0.8549343705177307 0.6586086061265733 0.07580091953277587 0.10500500996907552
1 0.4433901995420456 0.32597182591756185 0.06303711533546448 0.13653519948323567
1 0.04923664256930351 0.7564938439263238 0.07178825289011001 0.17604166666666668
1 0.2441659927368164 0.4784043471018473 0.04733786582946777 0.10885788599650065
1 0.6151954582339385 0.42641462484995524 0.03024689733865671 0.11038871871100532
0 0.36162386238574984 0.2544282595316569 0.02308570742607117 0.059375572204589847
0 0.35795810222625735 0.3525153266059028 0.027489423751831055 0.09039493136935764
0 0.8547577023506164 0.6581497616238065 0.0763545274734497 0.10435816446940104
1 0.3019320011138916 0.37097751829359266 0.07386436462402343 0.11172911326090494
1 0.043762674927711485 0.6894323772854275 0.07071357369422912 0.043357467651367186
3 0.8538439631462097 0.7004828982883029 0.07744433879852294 0.19125332302517362
3 0.43243888318538665 0.3431418122180427 0.07681179642677308 0.10841585371332864
3 0.6090583270823118 0.28526815838283964 0.01782079815166071 0.19596852196587455
0 0.044136076048016545 0.6883513768513997 0.07093502506613732 0.04551946851942274
0 0.40231786072254183 0.20478645960489908 0.009834784269332885 0.04117967817518446
2 0.5914920926094055 0.42095648182762996 0.07595374584197997 0.11755104594760471
0 0.35505971908569334 0.22612440321180555 0.015265846252441406 0.05556360880533854
0 0.614761383831501 0.42725900014241536 0.029522767663002013 0.11023572285970053
0 0.3951467156410217 0.34233995013766816 0.009706568717956544 0.07129230499267578
1 0.7135089278221131 0.4218006134033203 0.013607144355773926 0.12115520901150173
0 0.39285601377487184 0.205586486392551 0.012411987781524659 0.047901344299316403
3 0.3743733286857605 0.5093828678131104 0.04950516223907471 0.19225598441229927
1 0.32918829321861265 0.3630952305263943 0.017751586437225342 0.10038382212320963
0 0.5061795711517334 0.2943741904364692 0.025117111206054688 0.08000543382432726
3 0.30150737762451174 0.3712522056367662 0.0741943359375 0.11686815155877008
