0 0.7892154693603516 0.5756389617919921 0.040526962280273436 0.13050240410698785
0 0.14627766609191895 0.7922065734863282 0.09168782234191894 0.24207780626085068
0 0.20105909705162048 0.5724408997429742 0.04472194910049439 0.1326162338256836
0 0.2871764063835144 0.3423261324564616 0.03190329074859619 0.10475694868299697
0 0.3740815848112106 0.2973563724093967 0.025573962926864625 0.09007771809895833
0 0.33542637825012206 0.31081019507514107 0.036904001235961915 0.08202828301323785
0 0.6510796785354614 0.33587504492865666 0.028387975692749024 0.11019562615288628
1 0.14625922441482545 0.7934179941813151 0.08989794254302978 0.24126790364583334
3 0.28727738857269286 0.3429659696088897 0.032517623901367185 0.10201649963855744
0 0.3420186758041382 0.39637222290039065 0.03284387588500977 0.1048066880967882
3 0.33635262250900266 0.32003264162275524 0.03771688938140869 0.06210660404629177
1 0.3372520145843737 0.31105628543429903 0.033164555416442455 0.08326204087999133
0 0.40257479846477506 0.22138482199774848 0.014318138360977173 0.043381818135579425
