1 0.663372 0.556847 0.108401 0.211084
0 0.274959 0.500438 0.040324 0.140674
0 0.289455 0.378193 0.032995 0.102892
0 0.518072 0.275239 0.023290 0.076103
0 0.079151 0.398148 0.059587 0.068733
0 0.318668 0.292183 0.024357 0.070705
1 0.679952 0.392972 0.095317 0.149684
0 0.548787 0.388957 0.026632 0.085610
0 0.350292 0.321253 0.023255 0.088987
0 0.392519 0.248326 0.018030 0.064524
0 0.342984 0.234772 0.016282 0.055329
2 0.450456 0.249008 0.065714 0.143127
0 0.357209 0.221486 0.013029 0.052866
0 0.362890 0.254523 0.018402 0.055517
