0 0.7452744960784912 0.36801748275756835 0.028342795372009278 0.08729555341932509
0 0.8359545707702637 0.6093954934014214 0.043198013305664064 0.1170630137125651
0 0.08687655925750733 0.40097223917643227 0.08217997550964355 0.09474012586805555
0 0.8415718913078308 0.5133949915568033 0.03697326183319092 0.10595648023817274
2 0.6434545516967773 0.28554759555392795 0.10267562866210937 0.21037750244140624
3 0.08760177791118622 0.4026645660400391 0.0817859947681427 0.09236518012152778
2 0.42986345291137695 0.2585356818305122 0.05047531127929687 0.11076168484157986
1 0.43230743408203126 0.30179202266865307 0.04749782085418701 0.02410145385397805
1 0.4308003425598145 0.2595924589369032 0.05065860748291016 0.10932396782769097
3 0.6522518277168274 0.3370309034983317 0.07569434642791747 0.09628402921888564
