0 0.182764 0.591441 0.051326 0.146356
1 0.610848 0.380766 0.065825 0.103941
1 0.641122 0.295408 0.059262 0.088837
0 0.297998 0.416552 0.030524 0.093903
2 0.439137 0.261765 0.076863 0.156375
0 0.083525 0.397046 0.063576 0.103588
0 0.860120 0.555976 0.046819 0.131295
0 0.537508 0.326722 0.024436 0.073502
0 0.257660 0.384034 0.024749 0.087582
0 0.368215 0.291720 0.023235 0.073946
0 0.774309 0.506871 0.042288 0.112959
0 0.325535 0.325763 0.024078 0.078351
0 0.345796 0.258165 0.014591 0.054938
0 0.317928 0.276777 0.020050 0.071081
0 0.318639 0.268283 0.018297 0.055642
0 0.371462 0.220606 0.014685 0.055025
