1 0.6154248237609863 0.554053709242079 0.1178192138671875 0.18378143310546874
0 0.7018262326717377 0.3931287156211005 0.03239554166793823 0.07717322773403591
0 0.85772545337677 0.596536127726237 0.05268383026123047 0.14546415540907118
1 0.5670610666275024 0.30673725340101454 0.053878164291381835 0.07756498124864367
1 0.5780056476593017 0.3878963046603733 0.06560382843017579 0.10616624620225694
0 0.07546493411064148 0.3920127868652344 0.05679689645767212 0.07227664523654515
0 0.7022534102201462 0.3165173848470052 0.028525501489639282 0.08220223320855034
0 0.6256669044494629 0.321022457546658 0.02203998565673828 0.06744944254557292
0 0.6290915727615356 0.22584537929958767 0.012362289428710937 0.04333530002170139
0 0.6247747540473938 0.2625192324320475 0.01697838306427002 0.047125519646538626
0 0.6776422500610352 0.31414638095431857 0.021409225463867188 0.0676346672905816
3 0.6375160705996678 0.5554696294996474 0.07350795031525195 0.18605840471055773
0 0.6396325975656509 0.2807895236545139 0.018699228763580322 0.061950471666124135
0 0.6636102676391602 0.2680191463894314 0.014203739166259766 0.04976187811957465
0 0.5835177779197693 0.5510953903198242 0.05222079753875732 0.1824316660563151
3 0.5671461939811706 0.31757808049312897 0.05429670810699463 0.05670624203566048
