0 0.7065952241420745 0.4062329822116428 0.02379978895187378 0.09147247738308377
0 0.5587183713912964 0.3777560869852702 0.04743804931640625 0.0811616473727756
0 0.6553242921829223 0.41389554341634116 0.025338268280029295 0.09403432210286458
0 0.7405369758605957 0.7779040866427951 0.04258880615234375 0.1712375217013889
0 0.23545536994934083 0.47286993662516275 0.0231048583984375 0.10412381490071615
0 0.5444602489471435 0.5130762736002604 0.029471874237060547 0.1298312717013889
0 0.8603219985961914 0.6565539889865452 0.04094696044921875 0.13853081597222222
0 0.7714201450347901 0.5735080295138889 0.029414892196655273 0.11213675604926215
0 0.26539881229400636 0.5196401172214085 0.026010942459106446 0.12630560133192276
0 0.11712621450424195 0.8221430460611979 0.049689078330993654 0.18974439832899306
0 0.557441520690918 0.8024459838867187 0.057720375061035153 0.18025682237413193
0 0.4910332679748535 0.6488894144694011 0.050164413452148435 0.1355500962999132
0 0.15276336669921875 0.6004919264051649 0.03330044746398926 0.14757139417860243
0 0.4983054757118225 0.3782654338412815 0.020601701736450196 0.08906434377034506
0 0.7840187549591064 0.6826455858018663 0.038204288482666014 0.14801076253255208
0 0.18316762447357177 0.784857432047526 0.038627004623413085 0.18187713623046875
0 0.30623798370361327 0.4204594930013021 0.02200765609741211 0.10143669976128472
0 0.6184365749359131 0.38054597642686633 0.021373176574707033 0.09272325303819444
0 0.2816986083984375 0.35419269137912324 0.023701000213623046 0.09185704125298394
0 0.731498509645462 0.6455458111233181 0.035638272762298584 0.12873208787706164
0 0.20655791759490966 0.9352425469292535 0.05394454002380371 0.12951490614149305
0 0.7727219760417938 0.4695622550116645 0.025942575931549073 0.10503078036838108
0 0.1886986494064331 0.6379889170328776 0.033100223541259764 0.14685745239257814
0 0.6784755706787109 0.3300206184387207 0.01785736083984375 0.07407360076904297
0 0.8975099921226501 0.8079172770182291 0.05177733898162842 0.16994357638888888
0 0.473994779586792 0.5496953328450521 0.05065927505493164 0.11773927476671008
0 0.31202141046524046 0.31553209092881945 0.017640233039855957 0.06975517272949219
0 0.5979211091995239 0.31659026940663654 0.01595025062561035 0.05540276103549534
1 0.5296016752719879 0.23922741148206922 0.02970784902572632 0.05433377159966363
3 0.43833532333374026 0.28570760091145836 0.053255653381347655 0.1364262898763021
1 0.34013283252716064 0.4701284408569336 0.058957815170288086 0.1324977027045356
0 0.8608836174011231 0.9544293721516927 0.06965484619140624 0.08879530164930556
0 0.36202355921268464 0.32590129640367294 0.016363412141799927 0.07072811126708985
0 0.6477333903312683 0.3537352138095432 0.020520949363708497 0.07577881283230252
0 0.3727012023329735 0.29414571126302086 0.015230801701545716 0.07032186720106337
0 0.3504256844520569 0.36151954862806535 0.018127989768981934 0.08068243662516277
0 0.32619638442993165 0.3765228695339627 0.021780681610107423 0.08567309909396702
1 0.5606253623962403 0.3120035807291667 0.045519447326660155 0.08342988755967883
0 0.07566583156585693 0.7734086778428819 0.04351494312286377 0.18835296630859374
1 0.5688986659049988 0.23393942515055338 0.03405420780181885 0.05362820095486111
0 0.38873077630996705 0.27420359717475046 0.013557815551757812 0.06659431457519531
0 0.329814530024305 0.33703410890367297 0.016948245745152236 0.07365169525146484
0 0.49121801257133485 0.5117938147650825 0.02891906499862671 0.11531037224663629
3 0.4043413162231445 0.8501071506076389 0.15686490535736083 0.29871351453993056
0 0.4789488136768341 0.28116978539360893 0.017049729824066162 0.06977810329861112
0 0.5161951065063477 0.3366338094075521 0.026639366149902345 0.07674738566080729
0 0.8615636110305787 0.42968423631456165 0.04401340484619141 0.08250291612413195
0 0.6029076447710395 0.31956264558765624 0.0058152895420789715 0.05335662927892473
0 0.24859292507171632 0.41082339816623265 0.025170564651489258 0.09630194769965278
3 0.35090988874435425 0.25934600830078125 0.03318359851837158 0.08282470703125
0 0.3284215807914734 0.3854127804438273 0.015973877906799317 0.07338192727830675
0 0.08426995575428009 0.6851642184787327 0.040739506483078 0.05189378526475694
0 0.7031586408615113 0.29198286268446183 0.03253860473632812 0.05896898905436198
0 0.8106318712234497 0.4205020480685764 0.023009729385375977 0.08899002075195313
0 0.6130434513092041 0.30215090195286193 0.0151214599609375 0.026419283020206623
0 0.6228466786444187 0.32438620461357964 0.016937337815761566 0.06514648861355252
0 0.5858477830886841 0.27772033479478625 0.015728759765625 0.05711154937744141
3 0.9675825595855713 0.5642858293321398 0.06401443481445312 0.2634381612141927
0 0.6022204637527466 0.2580759578280979 0.015662145614624024 0.054956414964463976
3 0.5082841873168945 0.14762556817796496 0.023317408561706544 0.05886738035413954
0 0.6373746156692505 0.3165554655922784 0.015595483779907226 0.055333153406778975
0 0.6139940338209271 0.28926567501491973 0.015745877847075464 0.05656632317437066
3 0.43490527868270873 0.32382914119710526 0.06928837299346924 0.06906939823594359
1 0.5108554840087891 0.1999878141615126 0.029001426696777344 0.06094326443142361
1 0.3490466117858887 0.26967247856987847 0.03263940811157227 0.07038887871636285
0 0.8107868194580078 0.43196885850694444 0.031571578979492185 0.09657558865017361
0 0.7035584330558777 0.30413482586542767 0.031279587745666505 0.03049187395307753
0 0.24490158557891845 0.3973405281702677 0.021634769439697266 0.06053869989183214
0 0.6045837496967579 0.2629521052042643 0.00914393410057528 0.05143148634168837
0 0.31748898029327394 0.2716301812065972 0.016713714599609374 0.05417751736111111
0 0.3728640154004097 0.30931333303451536 0.014979144930839539 0.04084888829125299
0 0.12375826239585877 0.8025787989298503 0.03752189874649048 0.16890313890245226
0 0.47811901569366455 0.30271375444200305 0.015680623054504395 0.027649731106228297
0 0.5007585525512696 0.2956104066636827 0.01881999969482422 0.0643532223171658
0 0.455985951423645 0.16352366871303983 0.01080322265625 0.03948517905341254
1 0.5628564476966857 0.18251170052422416 0.020717263221740723 0.05168158213297526
1 0.009715451300144196 0.4993231561448839 0.019430902600288392 0.06817349327935113
0 0.3227143963798881 0.2812024646335178 0.004803792759776116 0.06507195366753472
0 0.9828531265258789 0.9434527926974826 0.03428707122802734 0.10437181260850695
0 0.6240721225738526 0.2690092192755805 0.0159055233001709 0.055149353875054256
0 0.38815282881259916 0.29758802321222094 0.010125714540481567 0.01739826864666409
0 0.3578302517533302 0.1908963680267334 0.01297968327999115 0.04308926264444987
0 0.0825827658176422 0.7303496466742622 0.04460231065750122 0.13476342095269098
0 0.36548240184783937 0.3165670182969835 0.020317888259887694 0.07943979899088542
0 0.7162785768508911 0.6376060909695096 0.008067846298217773 0.11470269097222222
