1 0.3239326477050781 0.5735286076863607 0.08237748146057129 0.17304395039876302
1 0.5519572913646698 0.6211095174153646 0.1055921196937561 0.16409962972005207
0 0.7838725328445435 0.5138014899359808 0.029920125007629396 0.10396618313259548
0 0.15273140072822572 0.6059815936618381 0.03128341436386108 0.14507840474446615
1 0.37404441833496094 0.8475084092881945 0.14486684799194335 0.2971425374348958
0 0.7324660122394562 0.6596506754557292 0.036785590648651126 0.13207600911458334
0 0.04065027832984924 0.4004117329915365 0.057853424549102785 0.09201999240451389
0 0.635226947069168 0.5249827914767795 0.02599218487739563 0.11080551147460938
0 0.6095903754234314 0.45140855577256944 0.022337794303894043 0.09734064737955729
0 0.7075056225061417 0.5230688095092774 0.029634517431259156 0.11058913336859809
3 0.45413662791252135 0.3573179562886556 0.06109079122543335 0.19334019554985893
0 0.17737576961517335 0.8599377102322049 0.045818328857421875 0.21015557183159722
0 0.07614222764968873 0.8517577277289496 0.05397806167602539 0.20432010226779515
3 0.5823993682861328 0.36550213098526 0.048294878005981444 0.11802070140838623
1 0.34269010126590727 0.5736332999335395 0.04475520253181457 0.16876216464572483
0 0.2094331741333008 0.6290024227566189 0.03558913469314575 0.16831503974066842
0 0.8732532501220703 0.7048946804470486 0.04456329345703125 0.15233001708984376
0 0.8086686134338379 0.6721372816297743 0.03883037567138672 0.15257500542534722
1 0.5482932090759277 0.2801871829562717 0.04084758758544922 0.07612550523546006
0 0.6768056511878967 0.4551140891181098 0.023668360710144044 0.09971122741699219
0 0.8518031001091003 0.58312865363227 0.03880622386932373 0.10954293145073785
0 0.3659132719039917 0.36234923468695746 0.02144002914428711 0.09990124172634549
0 0.6037757873535157 0.806594000922309 0.045225334167480466 0.1759002685546875
0 0.5711788177490235 0.9321267869737413 0.06296863555908203 0.134674072265625
0 0.4055055618286133 0.34923494127061633 0.022278571128845216 0.09594582451714409
0 0.6239926867187023 0.313595453898112 0.017448951303958894 0.0757027096218533
0 0.6887776374816894 0.8826897515190972 0.05658702850341797 0.19810011121961807
0 0.1753391742706299 0.708093770345052 0.03860478401184082 0.15256890190972222
1 0.4000175416469574 0.25657805336846246 0.03866400718688965 0.07782141367594402
0 0.7063519358634949 0.44453724755181206 0.023759627342224122 0.08093689812554253
0 0.6477224349975585 0.9207261827256944 0.07157268524169921 0.15421549479166666
0 0.6399317026138306 0.41990614997016057 0.022325563430786132 0.09153959486219618
0 0.5793446779251099 0.26032443576388886 0.014084434509277344 0.06211433410644531
0 0.8714173674583435 0.6735916561550565 0.044247555732727054 0.07503890991210938
0 0.5489007472991944 0.8298122829861111 0.04831266403198242 0.17462226019965277
0 0.979399299621582 0.8759658389621311 0.04120140075683594 0.1500617133246528
0 0.6539961382746696 0.47472093370225693 0.01967947781085968 0.08899277581108941
0 0.510576331615448 0.3183842976888021 0.019087600708007812 0.07572284274631076
0 0.3450735107064247 0.2890690167744954 0.01411038339138031 0.06723855336507162
0 0.5284270763397216 0.20068298445807564 0.010860013961791991 0.047344366709391274
0 0.5731153964996338 0.4881553226047092 0.03848419189453125 0.1059326171875
0 0.5965997576713562 0.2472035937839084 0.013237977027893066 0.05837660895453559
0 0.7548482894897461 0.42074288262261283 0.03150508403778076 0.08839696248372396
1 0.3901792526245117 0.25889510048760306 0.01964149475097656 0.07795327504475912
0 0.17602715492248536 0.6729691611395942 0.03612730503082275 0.07628389994303385
0 0.49093145728111265 0.335433218214247 0.01629539728164673 0.07855033874511719
0 0.5500595569610596 0.7374260796440972 0.04673051834106445 0.13821275499131944
3 0.4547129452228546 0.20289537641737196 0.033404219150543216 0.06285468207465278
1 0.25634572505950926 0.3677360534667969 0.11453461647033691 0.09581470489501953
0 0.711797034740448 0.3713341606987847 0.016946244239807128 0.08382297092013889
0 0.6970720648765564 0.38238271077473956 0.01891028881072998 0.08276697794596354
0 0.6629709720611572 0.3022264586554633 0.017348480224609376 0.07187120649549696
0 0.5874595642089844 0.7114419725206164 0.04959383010864258 0.1358827379014757
0 0.6046627879142761 0.3047138849894206 0.01535017490386963 0.06304206848144531
0 0.606648376584053 0.6567683961656359 0.013296753168106079 0.10868542989095052
0 0.723693209886551 0.5811225679185655 0.03134816884994507 0.10442627800835504
0 0.7028374552726746 0.29130255381266273 0.03396880626678467 0.06183064778645833
0 0.08784427642822265 0.3662953270806207 0.05591561794281006 0.08260650634765625
0 0.33155849296599627 0.274322870042589 0.014740600809454918 0.06302282545301649
0 0.6782226681709289 0.3853171136644151 0.020389103889465333 0.07660427093505859
0 0.6295542888343334 0.37036947674221465 0.017956174910068512 0.07808657752143013
0 0.6088740669190884 0.2194636027018229 0.013909725844860077 0.05287708706325955
0 0.3702493667602539 0.31401792897118463 0.0155631422996521 0.05025808016459147
1 0.2826515555381775 0.36581332948472767 0.05329902172088623 0.08123573727077908
0 0.6126879140734672 0.8071291181776259 0.02537582814693451 0.17713105943467883
3 0.967107093334198 0.5682931900024414 0.065785813331604 0.26674656338161895
0 0.3695065304636955 0.2975392023722331 0.015798702836036682 0.06941981845431858
0 0.3454567722976208 0.3058546702067057 0.014942510426044464 0.03393156263563368
0 0.6673487901687623 0.3588381661309136 0.01736159324645996 0.07940008375379774
0 0.6624980211257935 0.3098676323890686 0.016328144073486327 0.04195748700035943
2 0.4096683502197266 0.18558788299560547 0.04340019226074219 0.08530646430121527
3 0.22789021134376525 0.36484971708721586 0.06574028730392456 0.10555987623002794
0 0.7035194039344788 0.30419653680615333 0.03282907009124756 0.03057355032975061
0 0.8139489412307739 0.4338966369628906 0.023112773895263672 0.07000155978732639
0 0.811642074584961 0.43005811903211805 0.03137283325195313 0.09498816596137152
0 0.6364307403564453 0.9385807461208767 0.04998612403869629 0.12228147718641492
3 0.5484558939933777 0.30290251705381604 0.04347703456878662 0.02802725632985433
0 0.5593666195869446 0.9444104088677301 0.03651459217071533 0.1094699435763889
3 0.3482193827629089 0.8470724529690212 0.1013033151626587 0.3058550940619575
0 0.3686832427978516 0.230727842119005 0.013387203216552734 0.04973951975504557
0 0.6176770448684692 0.863844977484809 0.027094364166259766 0.08840925428602431
0 0.7320567607879639 0.41356773376464845 0.024796772003173827 0.08608364529079861
0 0.7140142917633057 0.5928649054633246 0.012583017349243164 0.12011998494466146
