2 0.5718040943145752 0.2505623075697157 0.09244508743286133 0.17886526319715712
0 0.2857572913169861 0.36603607336680094 0.03977744579315186 0.09395826657613118
0 0.22856249809265136 0.46481874254014754 0.040620040893554685 0.10283067491319445
0 0.2131676197052002 0.5858137342664931 0.06395446062088013 0.1620205349392361
0 0.6421534061431885 0.24378367529975042 0.022695481777191162 0.06173896789550781
0 0.0736125349998474 0.3935159047444661 0.04902739524841308 0.09066263834635417
0 0.21100327968597413 0.28368962605794273 0.03322196006774902 0.0649894290500217
0 0.4013507544994354 0.3999944898817274 0.027899837493896483 0.06872278849283854
3 0.5806148409843445 0.3184396230098274 0.09039952754974365 0.056696030249198275
1 0.21388401389122008 0.58842896355523 0.06231003999710083 0.1583390129937066
0 0.39600434303283694 0.22836341857910156 0.017598056793212892 0.05394172668457031
0 0.7121226906776428 0.2402538087632921 0.012511706352233887 0.036407216389973955
1 0.22872524261474608 0.4645350880093045 0.04077415466308594 0.10275580088297526
3 0.6100728181016166 0.2564174122280545 0.019954127667006105 0.16368300120035809
2 0.6094702917325776 0.2532394250233968 0.01855642438167706 0.1635282622443305
0 0.7065450966358184 0.3124561011791229 0.012776839733123779 0.024877454174889457
