0 0.084073 0.676429 0.071875 0.190967
0 0.310801 0.333481 0.028454 0.092854
0 0.239244 0.406778 0.028991 0.093246
0 0.297687 0.555381 0.043720 0.125058
0 0.280238 0.456181 0.026087 0.086219
3 0.525690 0.201497 0.063222 0.122597
1 0.433556 0.300008 0.051115 0.078357
0 0.226306 0.595645 0.039361 0.104394
0 0.626603 0.278285 0.020453 0.059678
0 0.218009 0.497200 0.027920 0.093727
0 0.385785 0.286151 0.021775 0.071977
0 0.335129 0.240037 0.016036 0.051935
0 0.328958 0.293929 0.019361 0.061596
0 0.428236 0.245543 0.017553 0.047664
0 0.382909 0.218535 0.015087 0.049336
0 0.363994 0.274705 0.014832 0.058649
0 0.331987 0.297900 0.019245 0.066253
0 0.365108 0.257551 0.015210 0.060969
0 0.076666 0.396709 0.055831 0.065468
0 0.365591 0.247956 0.015281 0.057259
