0 0.033935075416229664 0.7431788550482856 0.06636262056417763 0.1632184346516927
0 0.14311525821685792 0.7560364617241754 0.06491291522979736 0.1622664557562934
0 0.2513742923736572 0.6993113199869792 0.06619739532470703 0.16759151882595485
3 0.3924218647181988 0.5173078854878743 0.11126420646905899 0.3866465886433919
1 0.44343021512031555 0.28799285888671877 0.047522318363189694 0.09761602613661025
0 0.29030518531799315 0.4097201241387261 0.041628122329711914 0.0986793941921658
0 0.3440671734511852 0.26434993743896484 0.02247181087732315 0.0632200453016493
0 0.2196272134780884 0.5777364518907335 0.05408520698547363 0.11687325371636284
0 0.3229833245277405 0.43527327643500435 0.02939317226409912 0.0926133049858941
0 0.5504514932632446 0.2573763953314887 0.024836063385009766 0.07133344014485678
0 0.3874151587486267 0.30512228012084963 0.022305750846862794 0.06119603051079644
0 0.39751504063606263 0.23323035769992403 0.014740431308746338 0.06378809611002605
0 0.5291509330272675 0.2644791073269314 0.021930086612701415 0.056110848320855035
0 0.2910295009613037 0.32461958991156686 0.027704524993896484 0.07214109632703992
1 0.2517517924308777 0.7005461586846246 0.06618430614471435 0.16996031867133246
1 0.03401934923604131 0.7437288496229384 0.06513225194066763 0.16291190253363716
0 0.20499172806739807 0.2854934056599935 0.029774415493011474 0.054462771945529516
1 0.29036827087402345 0.40975888040330677 0.04203166961669922 0.09890743891398111
0 0.33161170945968477 0.5298298835754395 0.021474337251856924 0.10043701595730252
0 0.1389925479888916 0.6917643229166667 0.062375235557556155 0.03748465643988715
1 0.14317314624786376 0.7573113335503472 0.06383407115936279 0.1628757052951389
0 0.3756026029586792 0.19810024367438422 0.01338043212890625 0.04887189865112305
3 0.44194713830947874 0.3129445796625482 0.04504718780517578 0.04735523222221268
1 0.5502363085746765 0.25722861819797094 0.02518608570098877 0.07021085951063367
0 0.8848124384880066 0.46107608477274575 0.019156289100646973 0.032439072926839195
0 0.3241565436881501 0.3499766773647732 0.007452584651764483 0.07963284386528863
0 0.42468896210193635 0.34773348172505697 0.021960133314132692 0.051000425550672746
0 0.5089460372924804 0.29354491763644747 0.020965576171875 0.08332990010579427
1 0.4522276341915131 0.2047640323638916 0.03308054208755493 0.0763880729675293
