0 0.8559457778930664 0.5674964480929905 0.054314041137695314 0.10440826416015625
0 0.45497827529907225 0.4089657253689236 0.041167831420898436 0.0967678493923611
0 0.08671689331531525 0.36519902679655286 0.04941346049308777 0.07204566266801622
0 0.20252032279968263 0.46730338202582467 0.06269464492797852 0.09590233696831597
0 0.7649056077003479 0.5519033643934462 0.05900051593780518 0.10952962239583333
0 0.6096761703491211 0.5688006930881077 0.03798761367797852 0.138372802734375
0 0.31725220680236815 0.7714324951171875 0.04542617797851563 0.18467780219184027
0 0.20845658779144288 0.7550523546006944 0.09799027442932129 0.14967210557725694
3 0.4526320517063141 0.24852370156182182 0.04575115442276001 0.11603366004096137
0 0.29579858779907225 0.3377845764160156 0.024273014068603514 0.08643716176350912
0 0.03134046085178852 0.4626506169637044 0.047904958575963975 0.09502042134602864
0 0.3660573199391365 0.21442870034111872 0.013196203112602233 0.050833871629503036
0 0.2840244293212891 0.6814225938585069 0.04137916564941406 0.13934025234646266
0 0.4144552856683731 0.24346768061319987 0.013223117589950562 0.05895773569742838
0 0.5443366646766663 0.22824775907728406 0.012084507942199707 0.056376202901204424
0 0.39056593775749204 0.21125620736016168 0.012168693542480468 0.050712267557779946
0 0.3320833884179592 0.5204347610473633 0.023541776835918425 0.08179041544596354
0 0.32588393688201905 0.6458771175808377 0.051206541061401364 0.13903511895073783
0 0.2695292949676514 0.8957316080729166 0.0528407096862793 0.18578084309895834
1 0.05744532108365093 0.7631663746303983 0.1147664356220048 0.25722522735595704
1 0.5142471730709076 0.22238220638699002 0.027618324756622313 0.05496851603190104
0 0.14655035138130187 0.6751785384284126 0.03491874933242798 0.10233499738905165
0 0.3427268572151661 0.293277719285753 0.0189914271235466 0.07321900261773004
0 0.20477031469345092 0.6064158969455296 0.03114440441131592 0.11304550170898438
0 0.40200304090976713 0.29268467161390516 0.017383819818496703 0.07080232832166884
0 0.7027499794960022 0.291139030456543 0.03405172824859619 0.06221957736545139
0 0.8628075122833252 0.4355023701985677 0.0433255672454834 0.07070778740776909
0 0.29243992567062377 0.44084577560424804 0.03597824573516846 0.06956293318006727
0 0.4568002700805664 0.31862513224283856 0.03365268707275391 0.07170757717556424
0 0.05964462757110596 0.5286724514431423 0.05552530288696289 0.10157318115234375
0 0.10086624622344971 0.47262708875868054 0.06877117156982422 0.09384553697374132
0 0.41668222546577455 0.1963297896915012 0.010960996150970459 0.044586361779106985
0 0.2872784733772278 0.5514052073160808 0.04518687725067139 0.08205964830186632
0 0.0663360133767128 0.6027878867255316 0.04042373597621918 0.09712350633409288
0 0.615930724143982 0.23269687228732638 0.013628578186035157 0.0542238023546007
0 0.1494972050189972 0.6053369204203288 0.04217385053634644 0.09272327423095703
0 0.24596084356307985 0.5575993643866645 0.04212982654571533 0.09383761088053386
3 0.9685327887535096 0.5756959703233507 0.06190063953399658 0.23071907891167534
0 0.6734793901443481 0.2668505032857259 0.02123122215270996 0.05262847476535373
0 0.14142531752586365 0.5317840576171875 0.042444932460784915 0.08616850111219618
0 0.11340620517730712 0.6673224767049154 0.03390858173370361 0.0871468014187283
0 0.6062978877918794 0.2612331814236111 0.012127931555733084 0.06697489420572916
0 0.41611348986625674 0.15094139840867785 0.009157216548919678 0.03670581181844076
0 0.37880067974328996 0.29858452479044595 0.01829403340816498 0.06937948862711589
0 0.17858043909072877 0.5826686965094672 0.030199503898620604 0.08116766611735025
0 0.20742084980010986 0.6744863722059462 0.055382394790649415 0.07301432291666667
0 0.8139279842376709 0.4396832995944553 0.026327085494995118 0.07612453036838107
0 0.09602462351322175 0.6190208011203342 0.03454222083091736 0.10184911092122396
1 0.5963592529296875 0.2509354167514377 0.03009209632873535 0.08281455569797092
0 0.3581038624048233 0.29659210840861 0.01743907928466797 0.06789883507622613
0 0.5260016798973084 0.19274533059861926 0.010851407051086425 0.04422837363349067
0 0.09091870486736298 0.5361947907341851 0.036267811059951784 0.08533674875895182
0 0.48645355105400084 0.24531887902153862 0.01391674280166626 0.05300216674804688
0 0.12046459317207336 0.6156648847791883 0.02960914373397827 0.08864635891384548
0 0.49954967498779296 0.2931738959418403 0.018720245361328124 0.07467914157443577
1 0.5586673378944397 0.20184964074028863 0.02276937961578369 0.045411936442057294
0 0.011712660640478134 0.3409812503390842 0.023417739570140837 0.07034488254123264
3 0.5958907723426818 0.2497449345058865 0.03016054630279541 0.08379968007405598
0 0.24803013801574708 0.6484923044840495 0.03745574951171875 0.10283016628689236
0 0.26883965730667114 0.5873807271321615 0.03633811473846436 0.08958358764648437
1 0.42827831506729125 0.11049924426608615 0.015504097938537598 0.03151673210991753
