0 0.3080061674118042 0.3926491419474284 0.039507293701171876 0.10384644402398004
0 0.8299954414367676 0.5892029656304254 0.05360026359558105 0.13949627346462673
0 0.6439821243286132 0.3113827917310927 0.03311066627502442 0.08025811513264974
0 0.6037669062614441 0.25864952935112845 0.02923438549041748 0.07315923902723524
0 0.2371286392211914 0.5215929667154948 0.06349897384643555 0.15625101725260418
0 0.3343638490885496 0.26610165701972116 0.018823886662721633 0.051939964294433594
0 0.07323112189769745 0.39467494752671983 0.044411152601242065 0.08812974294026693
0 0.3784138098359108 0.27553520202636717 0.019656333327293395 0.07505442301432291
0 0.3954280108213425 0.28010342915852865 0.019557398557662965 0.07119907803005643
0 0.20711045265197753 0.28248511420355904 0.04151285886764526 0.05372602674696181
0 0.5007640838623046 0.1999274942609999 0.025056076049804688 0.044409826066758896
1 0.23671934604644776 0.5210185103946262 0.06349186897277832 0.15419596566094293
0 0.60649193272111 0.2942241330941518 0.012842538056429476 0.010670488410525852
0 0.370958948135376 0.2055789523654514 0.013663005828857423 0.05074619717068142
3 0.2363857865333557 0.5215322759416369 0.06386563777923585 0.15470164616902668
