0 0.8847810745239257 0.7273791842990451 0.07928848266601562 0.198394775390625
0 0.2839611768722534 0.3643961058722602 0.03162193298339844 0.08009103139241537
0 0.3774078145623207 0.39482936859130857 0.03482238948345184 0.08863199022081163
0 0.3375151515007019 0.36588454246520996 0.03306014537811279 0.08218149609035916
0 0.767977100610733 0.4506287680731879 0.04149903059005737 0.11190299987792969
2 0.6714141845703125 0.45739491780598956 0.09834270477294922 0.22083655463324653
0 0.27649335861206054 0.6301291995578342 0.08243474960327149 0.2029401143391927
1 0.2774153590202332 0.6196585125393338 0.08469488620758056 0.1829051971435547
0 0.22931444644927979 0.422594854566786 0.04238791465759277 0.09981346130371094
0 0.3059257984161377 0.3117108874850803 0.023279333114624025 0.06190863715277778
0 0.34693412855267525 0.3000123341878255 0.02494032829999924 0.062320582071940106
0 0.12076272070407867 0.40814524756537546 0.04184102416038513 0.0883385976155599
0 0.0736051619052887 0.3933778550889757 0.05075217485427856 0.09273427327473958
0 0.3971029818058014 0.26669002109103734 0.021010220050811768 0.07189640469021268
1 0.671447491645813 0.4571278889973958 0.09443488121032714 0.22025510999891493
0 0.3792244791984558 0.31276794009738496 0.02438194751739502 0.07394205729166667
1 0.8890480399131775 0.6700450261433919 0.0749748945236206 0.08193575541178386
0 0.37078659534454345 0.24457583957248263 0.01784653663635254 0.06725366380479601
1 0.44337467551231385 0.2507325808207194 0.036838424205780027 0.08088219960530599
0 0.6029696464538574 0.19504873487684463 0.015958690643310548 0.053059895833333336
0 0.32541623115539553 0.2693394554985894 0.021673202514648438 0.0630221896701389
0 0.38516452461481093 0.4761558373769124 0.034996768832206725 0.08638800515068902
