0 0.5964114665985107 0.7544397989908854 0.07861490249633789 0.21761559380425347
0 0.741132128238678 0.4088390562269423 0.0343001127243042 0.07972034878200955
2 0.6269296646118164 0.2513821283976237 0.0885232925415039 0.17676709493001302
0 0.3859580159187317 0.21874498791164823 0.021273267269134522 0.059541681077745226
0 0.6140689525054768 0.677203369140625 0.02772952257655561 0.06781548394097223
0 0.32711403369903563 0.2613883124457465 0.017908334732055664 0.056657028198242185
1 0.5955585241317749 0.7535298665364584 0.07686843872070312 0.21972546047634547
0 0.7491756558418274 0.35932015313042537 0.019216132164001466 0.0580245123969184
1 0.5919131159782409 0.677664057413737 0.07404654026031494 0.0645628187391493
0 0.07700395584106445 0.39445567660861547 0.05484395027160645 0.07177251180013021
2 0.42037115097045896 0.35091853671603734 0.06753578186035156 0.16256586710611978
0 0.6793594360351562 0.25843798319498695 0.01840057373046875 0.06730762057834201
3 0.5969805121421814 0.7548119650946723 0.07627327442169189 0.2171778784857856
1 0.6173844203352928 0.7588258531358507 0.03476884067058563 0.21659444173177084
3 0.4214256852865219 0.3617120001051161 0.06504769921302796 0.17227166493733723
0 0.617628900706768 0.7646140628390842 0.03525780141353607 0.19124704996744793
