1 0.575660 0.390641 0.088426 0.157693
0 0.846182 0.666837 0.055802 0.169372
0 0.141914 0.730584 0.048845 0.186135
0 0.144511 0.545041 0.034916 0.134354
1 0.391565 0.277584 0.052746 0.082079
0 0.354216 0.344637 0.033191 0.089999
0 0.074124 0.403508 0.058054 0.075830
1 0.454373 0.272682 0.043115 0.088935
0 0.290029 0.335843 0.026657 0.106982
0 0.516687 0.248969 0.020129 0.065651
0 0.617908 0.221610 0.022039 0.063820
3 0.422494 0.399910 0.087257 0.202184
0 0.696051 0.295391 0.018528 0.059339
0 0.506298 0.301423 0.019727 0.067462
