0 0.2680009365081787 0.5429175164964464 0.04004635810852051 0.12355420854356554
0 0.12762001156806946 0.6871914333767362 0.05710433721542359 0.14941541883680556
1 0.5762982249259949 0.2599733034769694 0.04328911304473877 0.07069700029161241
0 0.16616207361221313 0.7767640855577257 0.08974945545196533 0.21300053066677518
0 0.4057318150997162 0.23222500483194988 0.021613454818725585 0.07443659040662977
0 0.6483187079429626 0.31009067959255643 0.02165100574493408 0.07747230529785157
0 0.07284438610076904 0.39169074164496526 0.04653206169605255 0.08825624254014756
0 0.3270411014556885 0.28207648595174156 0.012993478775024414 0.06133619944254557
0 0.37136825621128083 0.2564500278896756 0.013321954011917114 0.044733280605740014
1 0.1645486295223236 0.7770530488755968 0.09189473390579224 0.21219393412272136
0 0.3387586236000061 0.28696045345730253 0.011998152732849121 0.05884352789984809
0 0.36895976066589353 0.3335921817355686 0.021919822692871092 0.08233812120225695
0 0.38122570514678955 0.2716377788119846 0.013301944732666016 0.049221314324273006
0 0.37472920417785643 0.25869140625 0.022319507598876954 0.054738362630208336
0 0.3535191774368286 0.30453308953179253 0.01694598197937012 0.06878645155164931
0 0.33500051498413086 0.28539352416992186 0.020330047607421874 0.06759626600477431
0 0.39748693704605104 0.22241526709662543 0.005026125907897949 0.056398434109157985
0 0.11304309666156769 0.5760645230611166 0.026798552274703978 0.09095295800103081
0 0.3388041745871305 0.31239394454492464 0.0137522853910923 0.045529262721538545
0 0.1822040259838104 0.6904143651326498 0.06022664308547974 0.040729056464301215
