1 0.376179 0.524697 0.137739 0.129729
0 0.792498 0.567874 0.057593 0.105172
0 0.888458 0.544954 0.058702 0.102231
1 0.357374 0.416624 0.128151 0.104383
3 0.452014 0.251353 0.044392 0.116836
0 0.558963 0.464561 0.036025 0.102455
0 0.603828 0.405708 0.027655 0.099860
0 0.547229 0.307440 0.017922 0.078379
0 0.652117 0.353132 0.021469 0.089726
0 0.678112 0.566816 0.065830 0.111498
1 0.068663 0.532502 0.133524 0.131536
0 0.573142 0.315654 0.018221 0.082010
0 0.974649 0.715149 0.049772 0.131473
0 0.619333 0.298811 0.017737 0.078072
1 0.039588 0.735985 0.079175 0.195091
0 0.553624 0.230410 0.014909 0.061342
0 0.324326 0.294656 0.019944 0.071261
0 0.406692 0.350220 0.037338 0.079239
0 0.261984 0.383182 0.023569 0.093821
0 0.580143 0.246032 0.016004 0.066042
0 0.538080 0.606877 0.071523 0.108072
0 0.566785 0.556591 0.072241 0.107169
0 0.532212 0.245936 0.014413 0.062986
0 0.864520 0.431006 0.045022 0.087328
0 0.085461 0.366822 0.050710 0.073727
0 0.506676 0.301225 0.028724 0.071424
0 0.358340 0.295243 0.019400 0.065455
1 0.078468 0.437614 0.154989 0.121024
0 0.809058 0.420994 0.030660 0.089875
0 0.303501 0.370501 0.036477 0.081070
0 0.410877 0.276930 0.017298 0.068603
0 0.012476 0.341993 0.024252 0.065362
