1 0.43272642493247987 0.3844222704569499 0.062298476696014404 0.12322232988145616
0 0.6940238684415817 0.4261551486121284 0.036142903566360476 0.1004821883307563
0 0.30683274269104005 0.3518442789713542 0.02617478370666504 0.08816596137152778
0 0.22113897800445556 0.42669592963324654 0.04135804176330567 0.11836463080512152
0 0.3779197931289673 0.3149581061469184 0.02209153175354004 0.06348711649576823
0 0.6968344062566757 0.3340361171298557 0.027012234926223753 0.07980848948160807
0 0.07799351662397384 0.3986567603217231 0.058970847725868226 0.06298819647894965
0 0.6394030809402466 0.23082431157430014 0.01660637855529785 0.048035621643066406
0 0.3325882308185101 0.37339440451727973 0.023851607739925385 0.09998777177598742
0 0.34472850784659387 0.2788667466905382 0.01829102784395218 0.06819966634114584
0 0.38724273443222046 0.23443373574150933 0.013455510139465332 0.048496988084581166
0 0.7095289260149003 0.24966193305121528 0.01906525492668152 0.05342199537489149
0 0.6062213897705078 0.19890878465440537 0.0167083740234375 0.05293290879991319
0 0.3967060804367065 0.2697470453050401 0.00657196044921875 0.06000991397433811
