0 0.7229353964328766 0.44995390574137367 0.04332336187362671 0.10632379319932726
0 0.3005185008049011 0.366055875354343 0.03603188991546631 0.09064132902357314
0 0.23752646446228026 0.5463525136311849 0.07060437202453614 0.16460113525390624
0 0.6445099964737893 0.35361224280463327 0.030661973357200622 0.08293656243218316
0 0.025270053744316102 0.8807064480251736 0.04957186579704285 0.1606292724609375
0 0.39713074266910553 0.22261333465576172 0.01906777024269104 0.057658216688368055
0 0.3604198068380356 0.22709804111056858 0.01944097876548767 0.0556725819905599
0 0.07318350076675414 0.3919576009114583 0.04616272449493408 0.08488091362847222
0 0.3409907579421997 0.3626192940606011 0.02736177444458008 0.08837157355414496
0 0.6978925466537476 0.35322531594170464 0.04385452270507813 0.10593492719862196
0 0.35205769538879395 0.2939902517530653 0.025769805908203124 0.06041164398193359
1 0.236434006690979 0.5478654119703504 0.07055959701538086 0.16628712548149957
0 0.35359716415405273 0.3090157402886285 0.02890610694885254 0.09140133327907986
0 0.7109710335731506 0.4528338114420573 0.01854560375213623 0.10993559095594618
0 0.6037036538124084 0.17049188084072536 0.010773682594299316 0.03896911409166124
0 0.5003405988216401 0.20081019931369357 0.024848783016204835 0.044141599867078996
0 0.211271333694458 0.28043403625488283 0.036304044723510745 0.051072777642144095
0 0.35278878211975095 0.3032150838110182 0.025926971435546876 0.028443174892001682
