1 0.5503242313861847 0.36460020277235244 0.07643822431564332 0.1343249003092448
0 0.68983154296875 0.3105277909172906 0.0285736083984375 0.06941004859076606
0 0.32270041704177854 0.3109687063429091 0.03869388103485107 0.08504564497205946
0 0.29872837066650393 0.4067386203342014 0.05662117004394531 0.1290707058376736
3 0.8554772913455964 0.7381346702575684 0.28592194318771363 0.5104936599731446
0 0.6807319670915604 0.43671882417466906 0.032030099630355836 0.0866400612725152
0 0.07304942607879639 0.39324167039659286 0.0491410493850708 0.08256598578559028
0 0.7219592601060867 0.5630145178900825 0.050173324346542356 0.12740275065104167
0 0.6603655338287353 0.28237410651312933 0.025582647323608397 0.05937207539876302
0 0.3312041018973105 0.31247724956936307 0.021371807740069925 0.08400385114881727
2 0.5506571948528289 0.36429235140482585 0.0767774224281311 0.13550994661119248
3 0.2993821740150452 0.4073677142461141 0.0573540449142456 0.1331172784169515
1 0.5237534523010254 0.26511552598741317 0.05393819808959961 0.06813507080078125
1 0.708570146560669 0.5644622378879123 0.023099136352539063 0.12834337022569445
3 0.8446973413228989 0.5135478019714356 0.31060531735420227 0.39512661827935114
1 0.29950872659683225 0.40754230287339954 0.056763863563537596 0.1324460983276367
0 0.5932054877281189 0.1619445482889811 0.014405131340026855 0.03884881337483724
0 0.7130554914474487 0.2339002185397678 0.01382606029510498 0.047254180908203124
2 0.860825926065445 0.7388667848375109 0.2783481478691101 0.5093052758110894
0 0.66209557056427 0.29981870849927267 0.019385385513305663 0.02116869158214993
0 0.39780368804931643 0.23229762183295355 0.01827545166015625 0.0633082495795356
3 0.7079824090003968 0.5637317445543077 0.024660181999206544 0.13272137112087673
0 0.6812334060668945 0.5020328097873263 0.03672943115234375 0.12234005398220486
0 0.6420149803161621 0.2580751207139757 0.019719314575195313 0.06602435641818577
0 0.7142172813415527 0.41245248582628036 0.031813430786132815 0.0986098395453559
