1 0.6363917589187622 0.6542476442125108 0.11082320213317871 0.10813043382432726
3 0.4169754505157471 0.5609866672092014 0.10672559738159179 0.3322574191623264
1 0.6385875701904297 0.702330928378635 0.11204438209533692 0.20625826517740886
0 0.11010184288024902 0.5438110775417752 0.039346170425415036 0.11946682400173611
0 0.7543841958045959 0.47463113996717665 0.0270510196685791 0.10531018575032552
0 0.3650257229804993 0.4063312318589952 0.021028387546539306 0.09519767761230469
1 0.5527841091156006 0.35608473155233594 0.05625119209289551 0.09881129132376777
0 0.32000414133071897 0.3894468943277995 0.020028519630432128 0.09434882269965278
0 0.26268547773361206 0.4752660539415148 0.02553374767303467 0.12025867038302951
1 0.6752729058265686 0.47240411970350477 0.088974928855896 0.16930775112575955
0 0.8340291023254395 0.8629675971137153 0.05327186584472656 0.18358595106336806
0 0.32161531448364256 0.5774445427788628 0.027343940734863282 0.13492626614040798
0 0.8003922462463379 0.7063193427191841 0.044577407836914065 0.1563818613688151
0 0.5110046803951264 0.4647695753309462 0.025119364261627197 0.11923760308159723
0 0.27533783912658694 0.5974500868055556 0.03421831130981445 0.14794921875
0 0.9147287368774414 0.7111607021755643 0.04627799987792969 0.15129564073350693
1 0.5360353469848633 0.25044547186957467 0.036756134033203124 0.07100168863932292
0 0.20520508289337158 0.6301695081922744 0.0337677001953125 0.1577606201171875
0 0.8375371217727661 0.656667963663737 0.03285303115844727 0.10888629489474827
0 0.3082275867462158 0.3291801452636719 0.020622634887695314 0.087136353386773
0 0.6274163961410523 0.3065368821947939 0.018091773986816405 0.03472430757764313
0 0.6268754959106445 0.29123588138156464 0.018578338623046874 0.07556207444932726
0 0.5980473756790161 0.2843693733215332 0.01500687599182129 0.06758450402153862
0 0.3894772559404373 0.32427566316392686 0.017898577451705932 0.07952747344970704
1 0.4408888339996338 0.2628961351182726 0.03616456985473633 0.06177190144856771
3 0.45799329280853274 0.20733222431606715 0.029550004005432128 0.07331298192342123
0 0.3645654320716858 0.30856170654296877 0.016675877571105956 0.07363734775119357
0 0.3427309639751911 0.30002536773681643 0.015281186997890472 0.07028901841905381
0 0.35322811603546145 0.35616863038804797 0.018663883209228516 0.08148437076144749
0 0.08687815964221954 0.36268650690714516 0.04869806170463562 0.07658807966444227
0 0.701909339427948 0.3881954722934299 0.02228524684906006 0.073654662238227
0 0.5808916211128234 0.2979703797234429 0.014058995246887206 0.0693735122680664
0 0.9319454193115234 0.9558172437879774 0.07144584655761718 0.08346371120876736
0 0.3212206602096558 0.48782340155707465 0.025156211853027344 0.11003485785590278
1 0.0210903137922287 0.4381763458251953 0.04164506793022156 0.11164423624674479
0 0.6565300464630127 0.34585229025946723 0.017907333374023438 0.07295877668592665
0 0.34258058071136477 0.3135793924331665 0.01354522705078125 0.04938100708855523
0 0.5816478729248047 0.30997390084796483 0.01368851661682129 0.042170023918151854
0 0.3978549033403397 0.24172225528293187 0.012763291597366333 0.05481838650173611
0 0.479274582862854 0.2939098146226671 0.01677582263946533 0.06691114637586805
0 0.38333655893802643 0.2706347041659885 0.015622323751449585 0.06006179385715061
1 0.45161213874816897 0.31637641059027777 0.03962717056274414 0.07729466756184895
0 0.8620912909507752 0.4354830423990885 0.043458867073059085 0.06784727308485243
2 0.6766913831233978 0.4727875603569878 0.09060782194137573 0.17002766927083332
0 0.9698531150817871 0.9093432956271701 0.06029376983642578 0.138592529296875
3 0.9668476581573486 0.5661469565497504 0.06568121910095215 0.2621399349636502
0 0.3252408957487205 0.3880108727349175 0.009675251244334503 0.10674752129448785
0 0.5986992359161377 0.30285550461461147 0.015390396118164062 0.02714608564145035
0 0.6690849423408508 0.3280856630868382 0.017570185661315917 0.07451539138952891
0 0.3870908796787262 0.21563999387953017 0.012682747840881348 0.04811878204345703
0 0.008245515078306198 0.5236585828993056 0.016491030156612397 0.10366855197482638
0 0.7931068480014801 0.6744310590955946 0.029087722301483154 0.07336010403103299
0 0.4259725779294968 0.21620324452718098 0.013920670747756958 0.05453402201334635
0 0.32909394249290924 0.5710032992892795 0.017483641803846695 0.13504261440700954
0 0.524768716096878 0.2035875956217448 0.012480533123016358 0.04837133619520399
0 0.8112217903137207 0.4298475901285807 0.03249549865722656 0.09699961344401041
0 0.8178529739379883 0.9573551601833767 0.06479339599609375 0.08134969075520833
0 0.32715859785676005 0.4904965506659614 0.01369219571352005 0.12059923807779947
0 0.6206415474414826 0.26340802510579425 0.01463165283203125 0.05673845079210069
3 0.5106707572937011 0.15792128245035808 0.030605125427246093 0.07409485710991753
3 0.38495789766311644 0.49935661421881783 0.02967116832733154 0.222487121158176
0 0.6023159973323345 0.28384804195827906 0.004631994664669037 0.0701263427734375
0 0.40437076687812806 0.21398085488213434 0.011607015132904052 0.04721516503228081
0 0.7025030612945556 0.2901288244459364 0.03117508888244629 0.06281426747639975
0 0.6612179756164551 0.3383903503417969 0.029068565368652342 0.08549474080403646
1 0.4486689567565918 0.3629832797580295 0.04425601959228516 0.08354049258761936
0 0.463499641418457 0.40906054178873696 0.018832015991210937 0.09501571655273437
0 0.01073153167963028 0.3400236341688368 0.02146306335926056 0.07539070977105035
0 0.5775752067565918 0.2907997131347656 0.016588592529296876 0.07074347601996528
