1 0.3852092780172825 0.5337435616387262 0.11558224409818649 0.2227990468343099
0 0.7686089932918548 0.4497155083550347 0.043214714527130126 0.11608242458767361
0 0.5964877128601074 0.5611952887641058 0.06778564453125 0.16510162353515626
0 0.6905561089515686 0.31185441546969944 0.028343510627746583 0.07347100575764974
0 0.34578910917043687 0.3118767738342285 0.0277053564786911 0.07268255021837022
0 0.190335476398468 0.6159439934624567 0.060856986045837405 0.15510033501519097
0 0.16626198291778566 0.5187224706013998 0.04545116424560547 0.10353550381130643
2 0.6343750953674316 0.30601908365885416 0.06740474700927734 0.12157482571072048
0 0.03018747866153717 0.7282619900173611 0.058924919366836546 0.18196067810058594
0 0.3773197755217552 0.2599606090121799 0.02185392677783966 0.06121629079182943
0 0.2684706449508667 0.40379833645290797 0.04158310890197754 0.11454450819227431
1 0.5960741877555847 0.5608069313897027 0.06904098987579346 0.16884625752766927
0 0.08594415187835694 0.3938165028889974 0.07487590312957763 0.08949491712782118
0 0.35547019690275194 0.23138608932495117 0.022947868704795836 0.054391034444173175
0 0.6913906127214432 0.3845264620251126 0.021304935216903687 0.07474577691819932
1 0.031204896001145243 0.7246134969923231 0.05983547205105424 0.1691926532321506
3 0.6332692378753564 0.3276031711397486 0.06635569453355857 0.07724279720957081
0 0.2787227392196655 0.33800794813368057 0.032225847244262695 0.07312961154513889
3 0.36459007263183596 0.5256491820017497 0.07020554542541504 0.2128806538052029
0 0.6316678047180175 0.22944109174940322 0.021004438400268555 0.04194310506184896
