0 0.642968 0.542367 0.029161 0.128613
0 0.071713 0.673269 0.094986 0.139451
0 0.343485 0.458872 0.024950 0.115483
0 0.057880 0.482522 0.070270 0.107034
0 0.825603 0.722301 0.040843 0.158499
0 0.618682 0.449199 0.023360 0.108721
1 0.553641 0.411363 0.055317 0.125122
0 0.893873 0.600175 0.037091 0.119367
0 0.661117 0.435063 0.024147 0.107075
0 0.262597 0.363613 0.039674 0.088953
0 0.737007 0.533305 0.035790 0.121637
3 0.591750 0.265967 0.049544 0.110482
1 0.456663 0.238792 0.030805 0.065654
0 0.386295 0.284112 0.017772 0.075048
0 0.019533 0.588576 0.039066 0.109574
0 0.861032 0.467758 0.062359 0.093520
0 0.544292 0.304398 0.028345 0.072238
0 0.333238 0.263568 0.018469 0.065731
0 0.718221 0.474443 0.025473 0.106176
0 0.417771 0.259066 0.016678 0.067981
0 0.708645 0.382066 0.025519 0.097008
0 0.654107 0.300401 0.020038 0.075578
1 0.517736 0.215983 0.030060 0.067253
3 0.413616 0.876864 0.123561 0.246271
0 0.663385 0.381377 0.022748 0.079523
0 0.088608 0.367473 0.053224 0.081425
0 0.781481 0.490358 0.027575 0.102342
0 0.189919 0.348965 0.044303 0.085548
0 0.624395 0.370273 0.021315 0.093493
0 0.376504 0.239028 0.015688 0.057977
0 0.758107 0.491731 0.025157 0.101934
0 0.958418 0.501233 0.061437 0.094994
0 0.810511 0.476488 0.044817 0.093634
0 0.626501 0.355833 0.021937 0.087395
0 0.633377 0.301727 0.018051 0.067132
0 0.740348 0.362816 0.022424 0.080726
0 0.014636 0.953880 0.029272 0.092240
0 0.803320 0.474943 0.033338 0.094729
