1 0.6663815975189209 0.6432751973470052 0.14597644805908203 0.28982628716362846
0 0.6437432169914246 0.3524758550855849 0.0345041036605835 0.0927381091647678
0 0.3376591920852661 0.3789433479309082 0.03600187301635742 0.09384831322564019
0 0.26867333650588987 0.35314921273125544 0.03351256847381592 0.08707171546088324
0 0.5645442605018616 0.33688266542222767 0.03186461925506592 0.08545937008327908
0 0.3843811571598053 0.3546458032396105 0.037860441207885745 0.08976141611735027
0 0.776368236541748 0.43905313279893665 0.04660816192626953 0.12211871676974827
0 0.4030804455280304 0.2680234485202365 0.02046175003051758 0.0634505377875434
0 0.30533539056777953 0.2858984417385525 0.025257563591003417 0.06826998392740885
0 0.36797752380371096 0.28051171832614474 0.02481980323791504 0.06718858083089192
1 0.5331673860549927 0.22608683374192978 0.05844349861145019 0.0994262589348687
2 0.6707118904683739 0.6439695676167806 0.1402581620030105 0.29341776106092665
0 0.39062156677246096 0.2142935964796278 0.01657562255859375 0.05099866655137804
0 0.35757577419281006 0.22759151458740234 0.015561836957931518 0.055067952473958334
0 0.5320268988609314 0.4090246359507243 0.017617106437683105 0.058085303836398657
0 0.6124708652496338 0.21420736312866212 0.013106346130371094 0.04269462161593967
0 0.3399606466293335 0.2904381857977973 0.02523016929626465 0.0802177005343967
