0 0.260611891746521 0.45348640018039277 0.045112228393554686 0.09967011345757379
1 0.3961437240242958 0.44169625176323785 0.07446186244487762 0.17100965711805555
0 0.6954792022705079 0.343073738945855 0.039917612075805665 0.08831515842013889
0 0.20552642345428468 0.6317947811550564 0.06164536476135254 0.14261228773328993
0 0.4881870448589325 0.2559005419413249 0.034033429622650144 0.058422321743435326
0 0.16442379355430603 0.5175077438354492 0.05305091142654419 0.11292576260036892
0 0.8314737319946289 0.5619355943467882 0.05846977233886719 0.16541934543185763
1 0.43396115601062774 0.31672370698716906 0.052459162473678586 0.0937679926554362
0 0.404244938492775 0.2868129836188422 0.026959210634231567 0.06493875715467665
0 0.07176288962364197 0.6372681935628255 0.05579599142074585 0.16388863457573785
0 0.31809269189834594 0.3870623482598199 0.03428785800933838 0.08739509582519531
0 0.36965065002441405 0.3034330368041992 0.01937103271484375 0.0581573486328125
0 0.24110770225524902 0.38846829732259114 0.03310132026672363 0.09954460991753472
0 0.3295668840408325 0.3201502482096354 0.04346303939819336 0.06252271864149306
1 0.20571773648262023 0.6318188243442111 0.061066043376922605 0.14201717376708983
3 0.42940602004528045 0.32631937611020273 0.061741596460342406 0.0741343508578009
2 0.3959348723292351 0.4410060008366903 0.07334655821323395 0.17073140144348145
0 0.07896291017532349 0.4019091288248698 0.05497987270355224 0.04805230034722222
0 0.6062704849988222 0.2238919258117676 0.01193603053689003 0.04894780053032769
0 0.35940966606140134 0.22669809129503038 0.01805391311645508 0.06239590115017361
3 0.8311644792556763 0.5607955614725749 0.056640243530273436 0.16753758324517143
0 0.3499589443206787 0.3514475504557292 0.025310993194580078 0.06586168077256944
1 0.3309040904045105 0.3146764119466146 0.04645154476165771 0.07638740539550781
0 0.5928441047668457 0.2502328448825412 0.02049541473388672 0.06825430128309462
0 0.3920159816741943 0.21118897332085504 0.01669940948486328 0.05770441691080729
0 0.5083614826202393 0.30726839701334635 0.018773841857910156 0.06356107923719619
0 0.40870132446289065 0.22221675448947484 0.015937137603759765 0.05587861802842882
2 0.4299766391515732 0.32616451846228706 0.059687429666519166 0.07455125914679633
0 0.642395307123661 0.22001908620198568 0.014796939492225648 0.040589057074652775
