0 0.26430811882019045 0.6063421461317274 0.07643890380859375 0.12600156995985243
0 0.6438288688659668 0.5413694169786242 0.06902732849121093 0.11473821004231771
0 0.8483972549438477 0.553936767578125 0.06621055603027344 0.10361514621310763
0 0.059712004661560056 0.5753460354275174 0.07934129238128662 0.11869388156467015
0 0.7582391738891602 0.5318952772352431 0.061015892028808597 0.10351859198676215
0 0.6521697044372559 0.7351963467068142 0.057116031646728516 0.15472530788845487
0 0.5128980100154876 0.38711572223239477 0.028325474262237547 0.09286738501654732
0 0.5478234887123108 0.3021681785583496 0.02907297611236572 0.0690306133694119
0 0.593621575832367 0.3119341320461697 0.027423167228698732 0.07101711697048611
0 0.30474390983581545 0.3272623697916667 0.02122039794921875 0.08520488739013672
0 0.6346581801772118 0.29984090593126084 0.01840870678424835 0.07532802157931857
0 0.11628810167312623 0.3803702566358778 0.04897406101226807 0.07947470347086588
1 0.45617427825927737 0.27910368177625866 0.03673639297485352 0.08041737874348959
0 0.5870326638221741 0.2316582997639974 0.01417396068572998 0.05879563225640191
0 0.4257398843765259 0.299506844414605 0.01635735034942627 0.07096400790744357
0 0.5648297548294068 0.21397794087727864 0.012682104110717773 0.054961140950520834
0 0.08229449689388275 0.3626010576883952 0.04084616303443909 0.07338203854031033
1 0.542313814163208 0.19986962742275663 0.023256540298461914 0.04514426125420464
0 0.3344660496339202 0.2954048368665907 0.021534447744488715 0.07773089938693577
3 0.967494785785675 0.5854006661309137 0.06416122913360596 0.21447919209798177
0 0.3808812350034714 0.2938007248772515 0.017032760381698608 0.06844916873508029
0 0.0065150119364261625 0.4043238189485338 0.012765808403491974 0.07153948148091634
0 0.3552697315812111 0.2945061577690972 0.017514339089393614 0.06774402194552952
3 0.4662153959274292 0.1258383380042182 0.02060706615447998 0.06105231179131402
0 0.720344066619873 0.3619188944498698 0.020434761047363283 0.08809271918402778
0 0.6362833857536316 0.25218213399251305 0.01607949733734131 0.05723080105251736
1 0.45365328192710874 0.21678813298543295 0.030004608631134033 0.059851180182562934
0 0.5189812064170838 0.183176851272583 0.011219477653503418 0.04466254976060655
0 0.4044981777667999 0.292326831817627 0.015634703636169433 0.06529627905951606
1 0.5285973846912384 0.153630797068278 0.02134941816329956 0.04005489349365234
0 0.4843065142631531 0.2528333028157552 0.013973617553710937 0.056054984198676217
1 0.8702428460121154 0.5226511319478353 0.13084266185760499 0.11336167653401692
0 0.7395248413085938 0.36620161268446183 0.02629852294921875 0.08611501057942708
0 0.7030865550041199 0.29126367568969724 0.03379852771759033 0.06026638878716363
0 0.8004426956176758 0.42977498372395834 0.05614972114562988 0.08819393581814236
0 0.6763671159744262 0.26826464335123695 0.02213010787963867 0.05284572177463108
3 0.45673912167549136 0.3040095763733714 0.03659347295761108 0.030167747074220742
0 0.6579473137855529 0.25233721203274195 0.015997481346130372 0.05587796105278863
0 0.4975213646888733 0.28874314626057945 0.016165995597839357 0.07421061197916666
0 0.01228349208831787 0.3486972345246209 0.02456698417663574 0.04234777821434869
0 0.8015504896640777 0.5291471269395617 0.0415732741355896 0.08631214565700955
