1 0.4311461865901947 0.3853809568617079 0.10655170679092407 0.09055595397949219
0 0.13900084495544435 0.5220774332682292 0.06078672409057617 0.11633351643880209
0 0.6368894577026367 0.5171579149034288 0.0683837890625 0.10996653238932291
0 0.3239458441734314 0.37234250174628364 0.026756978034973143 0.08551451365152994
0 0.33494575023651124 0.7347073025173612 0.05960302352905274 0.16821950276692707
0 0.8047453880310058 0.6200302971733941 0.04729022979736328 0.13585900200737847
0 0.37197799831628797 0.350624148050944 0.019215378165245055 0.08056348164876302
0 0.6197251915931702 0.32764831648932563 0.021038508415222167 0.07751885520087348
0 0.6194000244140625 0.8016716003417969 0.047217941284179686 0.18363783094618055
0 0.7121608018875122 0.37335069444444446 0.02428569793701172 0.08726018269856771
0 0.036872264742851255 0.6263638814290364 0.07289326786994935 0.1188261244032118
0 0.9753397941589356 0.817676035563151 0.049320411682128903 0.13789774576822916
1 0.5408640027046203 0.2890733930799696 0.03308937549591064 0.06992912292480469
0 0.5907397866249084 0.22930001152886284 0.014872479438781738 0.056779098510742185
1 0.5294812202453614 0.21710785759819878 0.030087852478027345 0.0565537346733941
0 0.46708410382270815 0.325296582116021 0.01966792345046997 0.06478118896484375
0 0.5705067038536071 0.18942289882236057 0.011519312858581543 0.050413650936550564
0 0.29527748823165895 0.34085395601060653 0.01992981433868408 0.07285048166910807
0 0.8899553298950196 0.658051766289605 0.0434173583984375 0.12579082912868925
1 0.5606918334960938 0.34359622531467016 0.05823383331298828 0.09326661427815755
1 0.41966545283794404 0.225539493560791 0.031404024362564086 0.060038990444607206
3 0.9671831250190734 0.5743208355373807 0.06463844776153564 0.2563583797878689
0 0.4333678543567657 0.3134786738289727 0.0177209734916687 0.049179569880167646
0 0.7033593893051148 0.3040979226430257 0.03241806030273438 0.030418067508273656
1 0.46630178689956664 0.13761803309122722 0.01885554790496826 0.04141481187608507
0 0.3356177780078724 0.6780855390760634 0.03020374714396894 0.06605114407009549
1 0.3882258653640747 0.3883926815456814 0.023334789276123046 0.08933512369791667
0 0.8598076820373535 0.8047921074761285 0.07164936065673828 0.1594635009765625
0 0.3530776008963585 0.301829465230306 0.02135424315929413 0.06548271179199219
0 0.4856874942779541 0.3068467166688707 0.012776637077331543 0.03591565555996365
0 0.11068476140499114 0.3571384747823079 0.049836617708206174 0.06880181630452474
0 0.3329963866621256 0.3207702250944244 0.017299740761518478 0.05667192969057295
0 0.4158391207456589 0.2962499088711209 0.016374069452285766 0.06436909569634332
0 0.5461438179016114 0.17340870963202581 0.009961938858032227 0.04251664479573568
0 0.674745723605156 0.26807472440931535 0.020671600103378297 0.053334490458170576
0 0.380739814043045 0.29355015224880643 0.017313933372497557 0.06332015991210938
0 0.4035693347454071 0.28181498845418296 0.015471935272216797 0.05999639299180773
1 0.4626642346382141 0.23760942882961697 0.03081955909729004 0.06698737674289279
0 0.2821189522743225 0.31086975733439126 0.01873924732208252 0.06075704362657335
1 0.5456905484199523 0.12364312277899848 0.01762397289276123 0.03604331546359592
0 0.9913367748260498 0.9178507486979167 0.01732645034790039 0.1295501708984375
0 0.8134969592094421 0.4350351969401042 0.02615621089935303 0.07674518161349826
1 0.5080902695655822 0.14702187644110787 0.021776151657104493 0.05093869103325738
3 0.5077802300453186 0.14314231342739528 0.021520233154296874 0.056725427839491104
0 0.018367800721898676 0.5897635353936089 0.03362408159300685 0.06015612284342448
3 0.5602286577224731 0.3403363726205296 0.061552572250366214 0.10011408693260616
0 0.011745656281709671 0.344580078125 0.023491312563419343 0.08679743872748481
