0 0.407411 0.430928 0.051417 0.090513
0 0.222183 0.372998 0.041174 0.083380
0 0.130602 0.465883 0.066013 0.099117
0 0.025027 0.481344 0.050055 0.087534
0 0.030225 0.424889 0.046360 0.083489
1 0.553437 0.307615 0.054527 0.089661
0 0.086990 0.362639 0.052758 0.078852
0 0.623517 0.280917 0.017697 0.073374
0 0.381533 0.359133 0.041365 0.075482
0 0.294020 0.335445 0.022231 0.087135
0 0.170690 0.423070 0.046221 0.088226
0 0.332508 0.296057 0.020098 0.071668
1 0.442543 0.367957 0.096728 0.086386
1 0.826941 0.478302 0.153138 0.125031
0 0.931317 0.564220 0.071651 0.109429
0 0.570181 0.211632 0.015239 0.058442
0 0.354045 0.294422 0.018805 0.067618
0 0.305085 0.307766 0.018916 0.069809
0 0.381280 0.293856 0.017296 0.064736
0 0.011227 0.362098 0.022242 0.079804
1 0.455205 0.283354 0.032535 0.065343
0 0.722276 0.361676 0.020510 0.089888
0 0.636699 0.253507 0.016342 0.064619
0 0.493676 0.305574 0.025148 0.070584
0 0.404587 0.291981 0.019266 0.060649
0 0.737054 0.361234 0.023750 0.090679
1 0.547296 0.256893 0.034207 0.059830
1 0.534324 0.174715 0.024004 0.048306
0 0.533090 0.209106 0.013800 0.050041
