0 0.7681495487689972 0.47830961015489365 0.044129908084869385 0.1179225073920356
0 0.31676449775695803 0.32505452897813586 0.03499245643615723 0.08592372470431858
0 0.04906150698661804 0.7106417338053386 0.07906821966171265 0.18809407552083332
1 0.04859067089855671 0.7109562873840332 0.07740736231207848 0.1821139653523763
0 0.22199842929840088 0.40737620459662544 0.0351923942565918 0.0865899403889974
1 0.05303921699523926 0.6648430930243598 0.07538690567016601 0.09086969163682726
0 0.27041988372802733 0.45163201226128474 0.03932876586914062 0.14864739312065972
0 0.6127616167068481 0.19974595705668133 0.024703836441040038 0.058002312978108726
0 0.3275412109505851 0.32711366017659504 0.014286661741789431 0.08626408047146267
0 0.07502850890159607 0.39371905856662326 0.052340352535247804 0.08998938666449653
0 0.5270801842212677 0.2945015483432346 0.019073951244354247 0.08262471093071831
0 0.27217123508453367 0.48685196240743 0.03576393127441406 0.06200944052802192
0 0.21395044326782225 0.2853594885932075 0.038315105438232425 0.06266504923502604
0 0.3745033279061317 0.19490184254116483 0.011949941515922546 0.04022658665974935
