3 0.2871676623821259 0.7605051782396105 0.2256646752357483 0.47291028764512805
1 0.5301212668418884 0.5964154137505425 0.11236999034881592 0.1692615932888455
1 0.6343535870313645 0.4940826416015625 0.06870717406272889 0.1304881625705295
0 0.7554325520992279 0.6371498107910156 0.03798187971115112 0.1349993387858073
0 0.6265954494476318 0.7536394755045573 0.08826560974121093 0.15497690836588543
1 0.3028725147247314 0.38764590157402884 0.0817335605621338 0.09873324500189887
0 0.7466389119625092 0.5515830569797092 0.030207788944244383 0.10841428968641494
0 0.9021137237548829 0.736543952094184 0.04958362579345703 0.15685645209418403
0 0.8344333648681641 0.7725881788465712 0.049564361572265625 0.16586151123046874
0 0.182436740398407 0.8373058742947048 0.04671275615692139 0.2196570502387153
0 0.8946468830108643 0.5146675745646159 0.05374503135681152 0.08943918016221789
0 0.19019070863723755 0.5897206624348958 0.033526825904846194 0.1532560560438368
0 0.5065125465393067 0.7959092034233941 0.043295669555664065 0.18431972927517362
3 0.4444838523864746 0.31378974914550783 0.05345573425292969 0.1400416056315104
0 0.4730716943740845 0.6709549056159125 0.034003257751464844 0.13304695553249782
0 0.11954962015151978 0.38756108548906115 0.05202171802520752 0.07428803443908691
3 0.3718358743470162 0.6211680942111545 0.10135901207104325 0.17909011840820313
0 0.5403782844543457 0.29380452897813586 0.016863441467285155 0.0753059811062283
0 0.36282303333282473 0.4091377470228407 0.02305893898010254 0.09299507141113281
0 0.6080553531646729 0.3209784613715278 0.01855926513671875 0.07894456651475694
0 0.24852795600891114 0.6626964145236545 0.03624019622802734 0.16071523030598958
1 0.5139431059360504 0.18309201664394803 0.021968543529510498 0.045879862043592665
3 0.4445999562740326 0.3399796750810411 0.048384463787078856 0.10218157238430448
0 0.4135322093963623 0.4756217108832465 0.04880466461181641 0.10616692437065972
0 0.5689034461975098 0.3236431121826172 0.023293495178222656 0.0789748297797309
0 0.04816996157169342 0.9374022589789497 0.07287772297859192 0.1217012193467882
0 0.5128598749637604 0.31160726547241213 0.02999213933944702 0.07095521291097005
0 0.8324680328369141 0.6376883612738715 0.04996566772460938 0.13686896430121528
1 0.5825556993484498 0.2680894003974067 0.030693817138671874 0.0646445804172092
1 0.3893859416246414 0.2851262410481771 0.03247243762016296 0.06183891296386719
0 0.6409910202026368 0.32546255323621964 0.01869029998779297 0.07985068427191841
3 0.40065408826048954 0.7602838516235352 0.16052532434114256 0.4748652564154731
0 0.6703240633010864 0.30168852276272246 0.01634950637817383 0.0716220219930013
1 0.4162485599517822 0.399369388156467 0.0482975959777832 0.09433729383680556
3 0.9666935801506042 0.5753910276624892 0.06551926136016846 0.2543883005777995
0 0.5415323734283447 0.3087661623954773 0.01571822166442871 0.039754547013176815
0 0.048910850286483766 0.8083730061848958 0.06522082090377808 0.20660875108506943
0 0.28109422922134397 0.3429880883958605 0.01831810474395752 0.06863375769721138
3 0.33434113264083865 0.6196845160590277 0.12942731380462646 0.17422527737087673
1 0.3318081347621046 0.3786206351386176 0.022358158533461393 0.08781072828504774
0 0.3904678881168365 0.34131660461425783 0.021357238292694092 0.06755099826388888
0 0.387363588809967 0.23253183364868163 0.015606522560119629 0.05126569535997179
0 0.6523322343826294 0.30966126124064125 0.01700119972229004 0.06927238040500217
0 0.8607231616973877 0.4320164998372396 0.04264788627624512 0.07388517591688368
1 0.4288363873958588 0.16606737242804634 0.02133423089981079 0.04553121990627713
1 0.4561467170715332 0.22593438890245227 0.03219594955444336 0.06420194837782119
0 0.812845915555954 0.4358205371432834 0.025725853443145753 0.08179266187879775
0 0.3864095687866211 0.37395414776272246 0.017742156982421875 0.083151732550727
0 0.7151370644569397 0.3451972961425781 0.010350871086120605 0.07422222561306424
1 0.563597309589386 0.2323451148139106 0.030024790763854982 0.05173835754394531
0 0.34979193061590197 0.307396305931939 0.016633716225624085 0.0663220935397678
0 0.39450249671936033 0.47981058756510414 0.010906839370727539 0.11097115410698785
0 0.7032093048095703 0.2913966178894043 0.03283767700195313 0.06505574120415582
0 0.3298236821661703 0.3155605210198296 0.0184538027504459 0.05334326426188151
0 0.6242228388786316 0.30371481312645804 0.016173768043518066 0.029651848475138347
0 0.6079173922538758 0.7573918448554144 0.049982333183288576 0.10952593485514323
0 0.3932116746902466 0.4351589838663737 0.013321208953857421 0.1084132300482856
0 0.6242749452590942 0.28379510243733724 0.01837334632873535 0.06406622992621527
0 0.7040549516677856 0.3046681152449714 0.032354736328125 0.03155845271216499
0 0.6331814728677273 0.6896300633748372 0.033892185986042024 0.04296209547254774
0 0.40000732243061066 0.47585642602708605 0.023745793104171752 0.09032846026950413
2 0.45602864027023315 0.16614785194396972 0.033098030090332034 0.0676720831129286
0 0.4149445056915283 0.3194519254896376 0.01786050796508789 0.07240240308973524
0 0.2977770805358887 0.31789354748196075 0.020610618591308593 0.06256525251600477
3 0.9678492903709411 0.5942368931240506 0.06430141925811768 0.14293465084499782
0 0.012652594747487455 0.33139512803819443 0.024749068613164126 0.07690836588541666
0 0.3809302806854248 0.3664364708794488 0.021350336074829102 0.08241178724500868
0 0.3426905632019043 0.33223436143663193 0.01962003707885742 0.07427556779649523
0 0.6146568924188613 0.7587408489651151 0.02931378483772278 0.11138199700249565
