3 0.6044960796833039 0.5468190766043133 0.17174628973007203 0.5044356789853838
0 0.6269707560539246 0.2978457344902886 0.026103568077087403 0.06694797939724392
0 0.0730970859527588 0.3938502417670356 0.05017919540405273 0.0879913330078125
0 0.6741508305072784 0.28467380735609266 0.01980905532836914 0.05922735002305773
0 0.18124115467071533 0.5334821277194552 0.04743528366088867 0.12122162712944878
0 0.719305670261383 0.35095642937554256 0.018372392654418944 0.06977606879340278
0 0.7041663587093353 0.30495077768961587 0.021650850772857666 0.06614583333333333
0 0.20842459201812744 0.2811002943250868 0.03908705711364746 0.05061204698350694
0 0.7823323726654052 0.42984737820095487 0.026223182678222656 0.09084591335720486
0 0.7372381210327148 0.4110855526394314 0.034156417846679686 0.09337819417317708
0 0.6529255270957947 0.30432088640001087 0.023756861686706543 0.061142645941840275
2 0.6030598461627961 0.4607639206780328 0.16978539228439332 0.34215624067518446
