0 0.1819355845451355 0.44822765986124674 0.039079594612121585 0.09092803531222873
0 0.11975979804992676 0.7393768310546875 0.06639508605003357 0.15799429151746963
0 0.22964054346084595 0.506116861767239 0.044370722770690915 0.10840124554104275
0 0.6575289607048035 0.35141639709472655 0.04099409580230713 0.1030517578125
0 0.06623453199863434 0.6451279110378689 0.051372891664505003 0.12911919487847223
0 0.40902029573917387 0.33919427659776474 0.03150524497032166 0.08804253472222222
0 0.2753735065460205 0.35281413396199546 0.03435530662536621 0.08498961130777995
1 0.541765171289444 0.2454525841606988 0.05119689702987671 0.06914219326443143
0 0.45590335726737974 0.32460510465833875 0.02851966619491577 0.07608682844373915
0 0.20640782117843628 0.2830062018500434 0.03252136707305908 0.06254403856065538
0 0.35443956926465037 0.3808064778645833 0.03703342527151108 0.08321490817599826
0 0.37660210132598876 0.269638548956977 0.0226229190826416 0.059349738226996525
0 0.16679683327674866 0.5362785127427843 0.05026627779006958 0.11980001661512586
0 0.07764866352081298 0.39178966946072047 0.05634140968322754 0.08546312120225695
3 0.27532956600189207 0.35269456572002833 0.03459587097167969 0.08441314432356092
0 0.29815196990966797 0.3258084191216363 0.023894405364990233 0.08016391330295139
0 0.3380180835723877 0.3513822767469618 0.028397846221923827 0.07986922793918186
0 0.40427746772766116 0.2651781506008572 0.020218086242675782 0.0598814222547743
0 0.32427565686375603 0.25684347152709963 0.007835441679344513 0.058796797858344185
0 0.27558722496032717 0.45994203355577257 0.031352806091308597 0.10209096272786458
0 0.15699951648712157 0.4989333152770996 0.02422046661376953 0.05639188554551866
0 0.37478177547454833 0.210676023695204 0.015979623794555663 0.05433002048068576
0 0.7099251508712768 0.24328281614515518 0.017959189414978028 0.04169529808892144
0 0.3379260301589966 0.2545711623297797 0.02089095115661621 0.05634534623887804
1 0.11943993568420411 0.7418760299682617 0.0666121482849121 0.15983797709147135
0 0.39272241592407225 0.22301625145806206 0.014499664306640625 0.052708943684895836
