3 0.6053093016147614 0.5440585369658139 0.1722850203514099 0.5090302954531378
0 0.734725421667099 0.4018477545844184 0.035705411434173585 0.08592283460828994
0 0.7818982362747192 0.4295919206407335 0.03250892162322998 0.09393090142144098
0 0.180638188123703 0.5323202027214898 0.04997764825820923 0.12331341637505425
0 0.627380907535553 0.29688354068332246 0.027550053596496583 0.0665927463107639
0 0.6535279870033264 0.30440325207180446 0.024759984016418456 0.05892272525363498
0 0.674242901802063 0.28348913192749026 0.01904677152633667 0.05930381351047092
0 0.2055667519569397 0.28462565739949547 0.03166244029998779 0.0587847179836697
0 0.7191881775856018 0.34711073769463435 0.018887829780578614 0.0719998041788737
0 0.7027082085609436 0.30437099668714734 0.020858454704284667 0.0655255847507053
0 0.07962777018547058 0.3918231116400825 0.05972400903701782 0.0834337870279948
2 0.6028285562992096 0.46144478056165905 0.16978553533554078 0.3421161863538954
