2 0.6747251033782959 0.36318766276041664 0.15899486541748048 0.3112357457478841
0 0.23143954277038575 0.4089214536878798 0.04232182502746582 0.09426222907172309
0 0.8339928030967713 0.5073708852132162 0.05413086414337158 0.12927093505859374
0 0.14571577310562134 0.6003835784064399 0.053393983840942384 0.15213777754041885
0 0.31998515129089355 0.3085947354634603 0.027934455871582033 0.06940470801459418
0 0.08261468410491943 0.38890181647406685 0.0672515869140625 0.07716768052842882
0 0.3272842270136607 0.31161313586764866 0.013932660817954457 0.07991474999321832
3 0.6590119004249573 0.40489441553751626 0.12260119915008545 0.23201105329725477
0 0.7706067085266113 0.43591461181640623 0.027588272094726564 0.11242489284939236
3 0.6776495218276978 0.35964715745713977 0.1552990436553955 0.3143050299750434
3 0.08360207974910736 0.39211618370480006 0.06752634644508362 0.07942632569207085
0 0.6096768617630005 0.1995619191063775 0.017320585250854493 0.05353793038262261
