1 0.6974150225520134 0.6204017957051595 0.11235815584659577 0.17009949154324003
0 0.11645958423614503 0.48640997144911025 0.05759525895118713 0.09777882893880209
0 0.18916522860527038 0.3775398784213596 0.049645769596099856 0.07208834754096137
0 0.29735943078994753 0.3405921194288466 0.02021033763885498 0.08541545867919922
0 0.2885600566864014 0.454354010687934 0.045493793487548825 0.10305718315972222
0 0.8294406652450561 0.6105982250637478 0.03417701721191406 0.12880371941460503
0 0.11164766848087311 0.3810448222690158 0.045877116918563846 0.0784944110446506
3 0.8080105781555176 0.8612361484103732 0.2731039047241211 0.27752770317925346
0 0.39362058639526365 0.3362197028266059 0.02022409439086914 0.09151918623182509
1 0.6601675033569336 0.4027107662624783 0.07265148162841797 0.11090706719292534
0 0.3986276388168335 0.562483893500434 0.026611185073852538 0.13083275689019097
0 0.5121521472930908 0.47030724419487846 0.027461147308349608 0.1211944580078125
1 0.3590172290802002 0.7787172953287761 0.24059972763061524 0.2139407687717014
0 0.3224245548248291 0.4452823638916016 0.024327516555786133 0.11192474365234376
1 0.4589378237724304 0.1997862762875027 0.023852157592773437 0.05161072413126628
0 0.37268962860107424 0.5221521589491103 0.024727249145507814 0.1259866502549913
0 0.353170108795166 0.28466016981336806 0.019153785705566407 0.07478561401367187
0 0.35344921350479125 0.470327631632487 0.023021483421325685 0.11373197767469619
0 0.5951776146888733 0.24086053636338975 0.013919615745544433 0.05787747701009115
0 0.5623156785964966 0.22197344038221573 0.012485742568969727 0.05468487209743923
0 0.4302616536617279 0.2282835324605306 0.013035261631011963 0.05777797698974609
0 0.6014415740966796 0.28251525031195746 0.016855430603027344 0.07309900919596354
0 0.5190780699253082 0.18917974366082085 0.011553418636322022 0.047589312659369574
0 0.4025129437446594 0.18330894576178658 0.009972190856933594 0.042535983191596134
0 0.9044435501098633 0.6674565633138021 0.04885082244873047 0.14353790283203124
1 0.4623545825481415 0.1610739549001058 0.02071434259414673 0.03799104690551758
0 0.40123087763786314 0.2556824790106879 0.013391494750976562 0.0636313968234592
0 0.38533071279525755 0.23299969567192924 0.013693892955780029 0.05661523607042101
3 0.9665467977523804 0.5687689675225152 0.06592636108398438 0.27090365091959634
0 0.7029849290847778 0.29361325369940866 0.034515666961669925 0.059886529710557725
0 0.9645551681518555 0.8065338982476129 0.06261444091796875 0.1557771470811632
0 0.3229093194007874 0.3854751692877875 0.021017003059387206 0.08065514034695095
0 0.5819462299346924 0.19942629072401258 0.01359400749206543 0.05027584499782986
0 0.06648894548416137 0.45502811008029515 0.06176502704620361 0.1009309556749132
1 0.5457695484161377 0.18301563792758518 0.024369287490844726 0.048893811967637806
0 0.6020613551139832 0.30141206555999817 0.01455986499786377 0.024714873099906578
0 0.8734645485877991 0.742709223429362 0.05229728221893311 0.15671268039279515
0 0.3931226015090942 0.5719339370727539 0.013754796981811524 0.10964808993869357
0 0.327350926247891 0.44559158749050565 0.013560971920378506 0.11035279168023003
0 0.862376594543457 0.43201139238145614 0.04217071533203125 0.07707388136121962
0 0.3536569237709045 0.30480307870441015 0.01848785877227783 0.03182837963104248
0 0.8141789197921753 0.4375581317477756 0.023470306396484376 0.08334787156846789
0 0.3271054901182652 0.3917629665798611 0.013339586555957794 0.10344941880967883
0 0.6044021368026733 0.27864949968126085 0.00880427360534668 0.07143274943033855
0 0.0764370858669281 0.3890504307217068 0.03642215728759766 0.07178834279378256
1 0.5242047667503357 0.13927668465508355 0.016152262687683105 0.03435003492567274
0 0.8601420283317566 0.731052017211914 0.02749817371368408 0.10791982014973958
0 0.9490681409835815 0.8023371802435981 0.03609886169433594 0.1299716525607639
3 0.6947608590126038 0.8579096052381727 0.05110328197479248 0.2841807895236545
0 0.8115220069885254 0.4310214572482639 0.032939720153808597 0.10023727416992187
0 0.051975303888320924 0.4304509904649523 0.05792776346206665 0.09023564656575521
0 0.37595258206129073 0.22423631880018446 0.013001754879951477 0.052306577894422744
0 0.9234788537025451 0.8579705344306098 0.030358052253723143 0.10526067945692275
0 0.7030381083488464 0.30559513303968644 0.033878016471862796 0.03341248830159505
0 0.8783413648605347 0.6840085983276367 0.04754142761230469 0.054205025566948783
0 0.354956591129303 0.24451900058322482 0.014377140998840332 0.05246815151638455
0 0.9925588607788086 0.9225198533799913 0.014882278442382813 0.15102996826171874
0 0.011093053221702575 0.3399304707845052 0.02218610644340515 0.08024351331922742
1 0.9922686815261841 0.929002210828993 0.015122365951538087 0.13109987046983507
3 0.46372655034065247 0.11811393102010091 0.018895256519317626 0.04928538004557292
0 0.05178830623626709 0.4250945621066623 0.04093865156173706 0.07232598198784722
0 0.043520192801952365 0.44154404004414877 0.03405769169330597 0.07058983908759223
