1 0.5697100520133972 0.3042420811123318 0.05904510021209717 0.0947980456882053
1 0.6470188617706298 0.6589665730794271 0.14089374542236327 0.2869293212890625
1 0.5800887942314148 0.38894567754533554 0.06358411312103271 0.0944961706797282
0 0.6765930265188217 0.2989538934495714 0.02227352261543274 0.07495890723334418
0 0.656580126285553 0.27689762115478517 0.018014359474182128 0.06377304924858941
0 0.5175549745559692 0.2550026151869032 0.03832931518554687 0.05768661499023438
3 0.5696925759315491 0.32058463626437717 0.060467314720153806 0.06198853386773003
0 0.7002035349607467 0.3155156983269585 0.023641282320022584 0.09651266733805339
0 0.6302746057510376 0.2803045060899523 0.016790437698364257 0.06339361402723524
0 0.6412593647837639 0.2876852141486274 0.011802008748054505 0.05191949208577474
0 0.5691898822784424 0.1426389111412896 0.01213822364807129 0.033246220482720266
3 0.6586787283420563 0.6601129002041287 0.11735745668411254 0.2956032435099284
2 0.6591544091701508 0.6601804309421115 0.11830881834030152 0.29901415506998696
0 0.6062872372567654 0.3895823902553982 0.01257447451353073 0.09676431020100912
