0 0.6180625200271607 0.28586772282918294 0.020050668716430665 0.058857705858018666
0 0.3625620663166046 0.29967925813463 0.02695974111557007 0.07148295508490668
0 0.07277767658233643 0.3916598002115885 0.04773545265197754 0.08721754286024305
0 0.36037731170654297 0.23417271508110893 0.018242073059082032 0.05921669006347656
0 0.40034954249858856 0.2804221789042155 0.02415836453437805 0.06888200971815321
0 0.6156446978449821 0.22106580734252929 0.03128939568996429 0.0792279773288303
0 0.17478793859481812 0.2978939904106988 0.038988375663757326 0.0725537618001302
0 0.37874455451965333 0.24186022016737196 0.015228080749511718 0.05846311781141493
2 0.5761311888694763 0.2376230557759603 0.10909607410430908 0.10620462629530165
0 0.5382104873657226 0.29884958916033305 0.0321042537689209 0.01952531629552444
0 0.4187431335449219 0.24099498324924046 0.019475746154785156 0.0660886976453993
0 0.6908246040344238 0.21035366058349608 0.013656044006347656 0.0465254889594184
