0 0.7445510864257813 0.5268152448866102 0.05813808441162109 0.1404149373372396
0 0.19752922058105468 0.5559389962090386 0.03556036949157715 0.12118220859103733
0 0.2560492753982544 0.5297635396321615 0.03681015968322754 0.10398589240180121
3 0.5405387103557586 0.24937221739027235 0.06609512567520141 0.13250331878662108
0 0.1288776785135269 0.5850465138753255 0.0600791871547699 0.14961344401041668
0 0.2160900592803955 0.45091224246554906 0.029469108581542967 0.09933823479546441
0 0.35628983974456785 0.37963433795505097 0.03050384521484375 0.093899048699273
0 0.08052632808685303 0.3889356401231554 0.06891531944274902 0.08505333794487847
0 0.28267128467559816 0.355437183380127 0.02530698776245117 0.08823697831895616
0 0.35548369511961936 0.29515296088324655 0.0301158145070076 0.062079662746853295
0 0.18677406907081603 0.6842607922024198 0.050381696224212645 0.05370063781738281
0 0.29284929037094115 0.5431273460388184 0.0292128324508667 0.11804349687364367
0 0.1836676001548767 0.7635120815700955 0.060454392433166505 0.21645948621961805
0 0.14335075616836548 0.7091419855753581 0.03971638679504395 0.1268925560845269
1 0.7438656270503998 0.527593723932902 0.05975826978683472 0.14427455266316733
0 0.2425926685333252 0.3963885519239638 0.025038528442382812 0.0827338112725152
0 0.3277560322079808 0.33119394183158873 0.013409665506333112 0.046626924143897165
0 0.3538645625114441 0.30605080789989897 0.027591013908386232 0.03432383802202013
0 0.3959072113037109 0.29051445855034724 0.022685718536376954 0.07190450032552083
0 0.14190754890441895 0.6722517013549805 0.039137625694274904 0.07771881951226128
0 0.3250333309173584 0.3110851075914171 0.024215173721313477 0.07735345628526476
0 0.3255605697631836 0.25986012352837456 0.014955759048461914 0.052794392903645834
0 0.26573753356933594 0.3008012567620931 0.020672988891601563 0.023737010427026285
0 0.368681526184082 0.2114492522345649 0.012382125854492188 0.046315701802571614
3 0.0794088065624237 0.3951548046535916 0.07313874959945679 0.08570304446750217
0 0.32553055286407473 0.30832433965471057 0.022752094268798827 0.03887090153164334
0 0.37727746963500974 0.2319626702202691 0.016678047180175782 0.05686738755967882
0 0.2818354249000549 0.33573641644583807 0.02365410327911377 0.049644705984327527
0 0.493521124124527 0.3066544726284014 0.013913118839263916 0.03454408484200636
