1 0.580298900604248 0.46175138685438366 0.09966182708740234 0.19694637722439237
0 0.6737618207931518 0.28328828811645507 0.02884087562561035 0.07174612681070963
0 0.6339946798980236 0.27144155502319334 0.028540743887424468 0.07127501169840494
0 0.43231981694698335 0.2958643595377604 0.025344353914260865 0.08380533854166666
0 0.07412750720977783 0.39463984171549477 0.05279660224914551 0.09157002766927083
2 0.5794141054153442 0.46125399006737605 0.09930901527404785 0.19448157946268718
0 0.4310105353593826 0.313038308884845 0.023463481664657594 0.0482023196760565
0 0.3070834755897522 0.3460660828484429 0.034331440925598145 0.10110852983262804
0 0.6726644158363342 0.3036172432359308 0.02661774158477783 0.02911843406036496
2 0.6145841047167778 0.4653232892354329 0.0291682094335556 0.19652928246392143
1 0.6151973590254783 0.4678873697916667 0.03010108172893524 0.19160427517361112
0 0.7124637424945831 0.24040529463026258 0.012711107730865479 0.034290186564127606
2 0.5418423652648926 0.1802822960747613 0.05044841766357422 0.08690472708808052
3 0.6152600377798081 0.464746348063151 0.03052007555961609 0.19840164184570314
0 0.6358998656272888 0.2980814015867913 0.027245068550109865 0.018316661781217488
