2 0.7476545333862304 0.6883606804741753 0.2663127899169922 0.5985112508138021
1 0.4077302858233452 0.4613370895385742 0.10343224108219147 0.18988049825032552
3 0.20790596008300782 0.4330445077684191 0.12869973182678224 0.26016262902153864
0 0.6588441491127014 0.3126896222432454 0.03359267711639404 0.0786558575100369
3 0.4358861058950424 0.22503403557671442 0.05961042046546936 0.18775096469455296
0 0.07236220538616181 0.3949268870883518 0.044959014654159545 0.08924600813123915
2 0.6710015058517456 0.5502029207017687 0.09862198829650878 0.3218163808186849
0 0.7298628449440002 0.35566848119099936 0.03865172863006592 0.0845948749118381
0 0.31157649755477906 0.33046194290121395 0.02540886402130127 0.08167195634709465
0 0.37385877668857576 0.2227463828192817 0.023256415128707887 0.06601778666178386
0 0.30112465620040896 0.5158799648284912 0.031687235832214354 0.12729132970174153
3 0.6685406684875488 0.7726646953158909 0.10354366302490234 0.40699155595567493
0 0.37660973072052 0.4911222669813368 0.045957422256469725 0.10685051812065972
0 0.36297279596328735 0.29546902974446615 0.02608482837677002 0.054580476548936635
0 0.34580168724060056 0.27378641764322914 0.02090034484863281 0.06726328531901042
0 0.39374595880508423 0.21130317052205402 0.012219834327697753 0.047838952806260854
0 0.3560584306716919 0.23353391223483616 0.013225030899047852 0.045246993170844185
3 0.07279143035411835 0.3948723077774048 0.04478070139884949 0.08958445125155978
2 0.4374476432800293 0.22674020131429037 0.061513233184814456 0.1866339365641276
3 0.44208634495735166 0.3040708555115594 0.052321112155914305 0.030093089739481608
0 0.7124925971031189 0.24030032687717015 0.0131988525390625 0.03707432217068142
0 0.26644192934036254 0.5754110124376085 0.030489420890808104 0.09165738423665365
0 0.39144158363342285 0.9800681644015842 0.016797494888305665 0.039863671196831596
3 0.3775619387626648 0.4616542127397325 0.04487612247467041 0.1730806244744195
