0 0.0966829538345337 0.7707058376736111 0.07794003486633301 0.1892305162217882
1 0.43171251714229586 0.3718528323703342 0.05138455033302307 0.11741672092013888
0 0.7211286008358002 0.32912318971421983 0.029913556575775147 0.07766763899061414
0 0.6670385479927063 0.25299333996242945 0.026509404182434082 0.0692517810397678
2 0.805971622467041 0.545294443766276 0.22257499694824218 0.38309156629774305
0 0.2620242118835449 0.3618512471516927 0.03979215621948242 0.09326934814453125
0 0.07299398779869079 0.39442469278971354 0.049646639823913576 0.08949076334635417
0 0.3598880350589752 0.27265822092692055 0.01878700256347656 0.06227188110351563
0 0.21243130564689636 0.2834258715311686 0.031126034259796143 0.057932811313205296
1 0.09647690355777741 0.7699317932128906 0.07733973860740662 0.1871914333767361
0 0.39926308691501616 0.25413360595703127 0.03041357398033142 0.059192784627278644
0 0.5473435282707214 0.335926447974311 0.01925528049468994 0.09166062672932943
0 0.33020409345626833 0.2575326919555664 0.02333228588104248 0.051174036661783856
3 0.8002804607152939 0.5395352178149753 0.2200104534626007 0.38683125707838273
0 0.3919322967529297 0.2572299957275391 0.01581282615661621 0.06124844021267361
0 0.713569986820221 0.32906871371799046 0.013485026359558106 0.07654825846354167
0 0.36088876724243163 0.21777267456054689 0.016155529022216796 0.05489484998914931
3 0.6237853288650512 0.4937079535590278 0.17450761795043945 0.39971923828125
0 0.24385275840759277 0.5258263058132595 0.055216407775878905 0.11803088717990451
0 0.40609929859638216 0.25366541544596355 0.015929418802261352 0.05968352423773871
3 0.09698938727378845 0.770154677497016 0.07585572004318238 0.1861594729953342
0 0.17368216514587403 0.29671813117133244 0.03855826854705811 0.06967061360677083
0 0.35766720622777937 0.2960930997816225 0.015855076909065246 0.014045953481561608
0 0.0790246695280075 0.6930253558688694 0.0360413134098053 0.036171510484483506
0 0.7125350296497345 0.24248492982652453 0.013270127773284911 0.04066961076524522
