1 0.446417 0.538918 0.177299 0.146719
1 0.166799 0.474526 0.162851 0.117743
0 0.878024 0.601228 0.035590 0.123438
0 0.130691 0.562224 0.073118 0.116482
0 0.838362 0.511394 0.058212 0.101274
0 0.664049 0.368877 0.024926 0.097277
0 0.933406 0.544716 0.049853 0.095914
0 0.978788 0.725500 0.041907 0.145128
3 0.554769 0.329917 0.051132 0.105511
1 0.443151 0.253009 0.034526 0.074982
0 0.444031 0.401448 0.041131 0.084122
1 0.570544 0.252234 0.043458 0.064538
0 0.508246 0.365917 0.024511 0.077694
0 0.655218 0.287957 0.017733 0.072141
0 0.487159 0.404451 0.041963 0.085621
0 0.399812 0.292904 0.018622 0.068764
0 0.381933 0.376806 0.028910 0.084340
0 0.363551 0.290932 0.018022 0.071710
0 0.422263 0.295066 0.019345 0.067827
0 0.408417 0.375610 0.030875 0.081981
0 0.087930 0.369309 0.053221 0.078799
0 0.378927 0.299105 0.016356 0.065519
0 0.330713 0.318038 0.020180 0.081191
0 0.516302 0.317916 0.018899 0.073707
0 0.320625 0.299971 0.020941 0.073427
0 0.811328 0.429884 0.032487 0.093820
0 0.521274 0.188357 0.013326 0.051281
0 0.474959 0.334071 0.025350 0.070694
0 0.327968 0.312460 0.022033 0.078288
0 0.377423 0.200861 0.014420 0.052626
0 0.551084 0.181926 0.011644 0.047283
0 0.011351 0.340643 0.022702 0.082521
