0 0.06505699753761292 0.6997623019748264 0.07756253480911254 0.18017764621310764
0 0.6589805603027343 0.4901760525173611 0.0575223445892334 0.13287150065104167
0 0.5813925981521606 0.4502536985609267 0.04332132339477539 0.11300875345865885
0 0.2049359142780304 0.46383694542778864 0.03988970518112182 0.09953625996907552
0 0.2773385286331177 0.4502249187893338 0.03136115074157715 0.11447181701660156
0 0.34178446382284167 0.5019271214803059 0.04294392764568329 0.12371838887532552
0 0.26013751029968263 0.7836726718478733 0.07162313461303711 0.18675977918836806
0 0.20566413998603822 0.2852715810139974 0.03214477300643921 0.058273527357313365
0 0.15006486773490907 0.46600823402404784 0.04515796899795532 0.10803963343302408
0 0.3615367367863655 0.29651611116197374 0.02448054254055023 0.05954223208957248
1 0.06456025838851928 0.700707393222385 0.07722384929656982 0.17971712748209637
0 0.30735766887664795 0.32309482362535263 0.025350570678710938 0.06693503061930338
0 0.319315767288208 0.39990240732828775 0.028554296493530272 0.0964729732937283
0 0.6445322424173355 0.23603899214002821 0.016087740659713745 0.06418673197428386
0 0.5499930381774902 0.3802516513400608 0.025559616088867188 0.08224605984157986
0 0.19289882779121398 0.6087014728122287 0.06320961713790893 0.13087264166937934
0 0.38461010456085204 0.2857513427734375 0.01942734718322754 0.05979796515570746
0 0.4146614849567413 0.42133880191379125 0.03457633256912231 0.11386121114095052
0 0.06260365396738052 0.6594192292955187 0.07531785666942596 0.10213678148057725
0 0.38635886907577516 0.22953740225897895 0.015002751350402832 0.05249254438612196
0 0.38403098583221434 0.37496524386935765 0.030960988998413087 0.08647240532769097
1 0.06280971914529801 0.659996223449707 0.0757163256406784 0.10146268208821614
1 0.6583133399486542 0.49104233317905 0.05784797668457031 0.134473450978597
1 0.2596463680267334 0.784409417046441 0.07016186714172364 0.18669509887695312
0 0.0748395323753357 0.3908608754475911 0.05162479877471924 0.08428980509440104
0 0.3647339418530464 0.3071913994745248 0.01825401484966278 0.03621526081115008
3 0.4517035484313965 0.22608013153076173 0.053501033782958986 0.14463055928548177
0 0.39906527996063235 0.22687235938178169 0.015037071704864503 0.052046245998806424
0 0.34070831537246704 0.30858918295966253 0.01792924404144287 0.03940058814154731
0 0.385145103931427 0.3094390832055878 0.01952972412109375 0.04104332076126917
0 0.3603658676147461 0.2336808098687066 0.014572334289550782 0.05625762939453125
0 0.3844113349914551 0.24687699211968317 0.015797185897827148 0.04204758538140191
0 0.3370882749557495 0.2799920399983724 0.01625833511352539 0.059641393025716145
0 0.410113000869751 0.2090898725721571 0.014052581787109376 0.054716534084743924
0 0.32613348960876465 0.2653919855753581 0.015332317352294922 0.06136474609375
0 0.3270155116915703 0.39222562577989367 0.013406023383140564 0.09839303758409289
