2 0.6696708679199219 0.3163860532972548 0.09885635375976562 0.19630470275878906
1 0.35469546988606454 0.33343417909410267 0.05147430747747421 0.12277601030137804
0 0.26879220008850097 0.3819526566399468 0.03511390686035156 0.09022829267713758
0 0.20590133666992189 0.5318169487847222 0.047279727458953855 0.12255020141601562
0 0.7205213785171509 0.5500558429294162 0.05144321918487549 0.1336918724907769
0 0.07342002391815186 0.3947736528184679 0.04933860301971436 0.09007966783311631
3 0.3539724826812744 0.34243464364359777 0.050417852401733396 0.10603041330145466
1 0.7074243187904358 0.5462765375773112 0.025320887565612793 0.13783420986599393
0 0.3223375678062439 0.27096931669447155 0.01934998035430908 0.06812737782796224
0 0.3793531894683838 0.2149931165907118 0.019672107696533204 0.05801268683539496
0 0.1755390763282776 0.2987288157145182 0.04054725170135498 0.07354278564453125
3 0.6684874437749386 0.35289651660455595 0.09957935363054275 0.12521621700790192
