1 0.433558 0.471406 0.063736 0.148189
1 0.428477 0.698810 0.087445 0.235070
3 0.588013 0.471517 0.102392 0.253893
0 0.304018 0.372560 0.021146 0.096815
0 0.313538 0.477707 0.023992 0.120366
0 0.862389 0.694953 0.038009 0.155702
0 0.208401 0.518446 0.026266 0.130214
0 0.774657 0.597188 0.031966 0.133946
0 0.164122 0.893428 0.060593 0.195954
0 0.823988 0.554193 0.031293 0.119701
0 0.273321 0.696124 0.035601 0.171737
0 0.696345 0.428839 0.025164 0.111354
0 0.650483 0.348545 0.022169 0.095057
0 0.257709 0.586319 0.032008 0.143486
0 0.393641 0.276448 0.017271 0.074360
0 0.770086 0.511392 0.028750 0.100951
1 0.427528 0.344118 0.047851 0.093344
0 0.358476 0.340013 0.018657 0.088226
0 0.509744 0.467763 0.025982 0.121036
0 0.492344 0.302211 0.024688 0.079779
1 0.548214 0.317376 0.043773 0.068610
0 0.343501 0.319683 0.018776 0.082955
1 0.518890 0.219320 0.030992 0.062085
3 0.453883 0.251496 0.037046 0.094096
1 0.568084 0.230887 0.035499 0.075248
1 0.889704 0.924209 0.175182 0.150904
0 0.641522 0.273090 0.017394 0.069413
0 0.605966 0.245330 0.016157 0.061160
0 0.085651 0.363063 0.052598 0.080254
0 0.707756 0.821773 0.060096 0.164922
0 0.361911 0.291789 0.016420 0.067502
0 0.426351 0.258868 0.014474 0.063361
0 0.572678 0.945032 0.050005 0.104820
0 0.381120 0.201334 0.013152 0.051047
0 0.810877 0.424650 0.029460 0.098565
0 0.592373 0.271724 0.015316 0.065447
0 0.414634 0.208978 0.013430 0.056345
0 0.609513 0.320099 0.019317 0.075343
0 0.703450 0.371195 0.021780 0.084746
0 0.865992 0.432102 0.045253 0.087933
0 0.397840 0.193783 0.012200 0.050567
0 0.010264 0.335031 0.020529 0.083905
0 0.809195 0.412357 0.027188 0.086277
0 0.698485 0.812647 0.076962 0.174293
