0 0.1224670171737671 0.9003697713216146 0.08447866439819336 0.1965664333767361
0 0.23545448780059813 0.6559552192687989 0.053054189682006835 0.15132257673475477
0 0.8354371666908265 0.6387037489149305 0.058202052116394044 0.14402762518988715
0 0.23631782531738282 0.8803359985351562 0.0571044921875 0.22151590983072916
0 0.16074181199073792 0.6509680324130588 0.044007837772369385 0.0862497329711914
0 0.44698978662490846 0.3838914023505317 0.03762772083282471 0.09589178297254775
0 0.32225220203399657 0.5041403452555339 0.04109487533569336 0.11634860568576388
0 0.19516170620918274 0.502776665157742 0.038106000423431395 0.08407552507188586
0 0.0758882999420166 0.3848317464192708 0.06667478084564209 0.08670120239257813
1 0.12262724936008454 0.9019117779201932 0.08426851630210877 0.19391220940483941
0 0.14225586652755737 0.5769969516330296 0.04523410797119141 0.0882836659749349
0 0.4023355692625046 0.3056666374206543 0.02514234185218811 0.07247982025146485
0 0.368367600440979 0.7887467278374566 0.057035970687866214 0.16974741617838543
0 0.5403582572937011 0.2746262974209256 0.02216053009033203 0.060521846347384986
0 0.3888677954673767 0.49337805642022026 0.02158997058868408 0.09132323794894748
0 0.3454752087593079 0.29550036324395074 0.015445780754089356 0.06060513390435113
0 0.37008344382047653 0.36541531880696615 0.023259440064430238 0.0885281032986111
0 0.27057948112487795 0.4027350531684028 0.02915468215942383 0.1079135470920139
0 0.39791634678840637 0.49544935756259495 0.03792352676391601 0.09357572131686741
0 0.30721043348312377 0.35081414116753473 0.021578526496887206 0.06573893229166666
0 0.293667197227478 0.4447222391764323 0.02783093452453613 0.09177517361111111
0 0.36910948902368546 0.29469174279106986 0.014627286791801452 0.05761434766981337
0 0.3042560577392578 0.28704600863986546 0.02411928176879883 0.06828253004286024
0 0.3310268834233284 0.5034870147705078 0.0214287668466568 0.12362721761067709
0 0.39337122440338135 0.39425570170084634 0.03262791633605957 0.10694529215494791
0 0.26902745962142943 0.38442464404635956 0.023327898979187012 0.07241522471110026
0 0.3290088559733704 0.3689048237270779 0.016570232203230263 0.07368081410725912
0 0.28931622505187987 0.3341290791829427 0.018302249908447265 0.06692757076687283
0 0.37036446332931516 0.3057638472980923 0.018003249168395997 0.03374991681840685
0 0.28861500024795533 0.3324590371714698 0.014239192008972168 0.046618704001108804
0 0.36616148948669436 0.23343912760416666 0.018370819091796876 0.050282118055555554
0 0.29496766328811647 0.4245748943752713 0.022473835945129396 0.058787303500705296
3 0.07588942497968673 0.3865997579362657 0.07118143141269684 0.08714918560451931
0 0.39472572803497313 0.313922681286931 0.010365438461303712 0.04836954433057043
0 0.32298783954229293 0.2519110997517904 0.005338820144606871 0.05742674933539497
0 0.38755269050598146 0.2679884380764431 0.017246818542480467 0.06065733167860243
0 0.38199959993362426 0.1965085400475396 0.011101913452148438 0.0406090948316786
0 0.426785945892334 0.25747934977213544 0.015929222106933594 0.05856586032443577
0 0.39162936210632326 0.37883768081665037 0.020515573024749757 0.07895548078748915
0 0.3845697045326233 0.3059137328527868 0.009305644035339355 0.03350271965480513
3 0.2355348825454712 0.8806350284152561 0.05704045295715332 0.21653620402018228
0 0.28967995643615724 0.36774741543663875 0.016899728775024415 0.05759952863057454
1 0.36912405118346214 0.7934130350748698 0.05895437747240066 0.18155543009440103
0 0.3938524007797241 0.35286139382256404 0.015693044662475585 0.032341522640652126
1 0.33095518574118615 0.5041601286994086 0.021285371482372285 0.12212687598334418
0 0.3319069743156433 0.3115258057912191 0.01629617214202881 0.04527383380466037
