1 0.628470 0.713737 0.144744 0.286330
0 0.115229 0.762100 0.081622 0.164528
0 0.193313 0.569472 0.045357 0.108099
0 0.081662 0.404299 0.077901 0.088883
0 0.264681 0.404164 0.036185 0.118837
1 0.430347 0.309295 0.055108 0.082489
0 0.086459 0.635599 0.052972 0.103510
0 0.309064 0.396895 0.027698 0.099078
0 0.325701 0.264550 0.019490 0.071393
1 0.421431 0.408748 0.073965 0.138885
0 0.367171 0.242949 0.016046 0.056728
1 0.549444 0.205829 0.032134 0.048357
0 0.346308 0.310971 0.022339 0.076600
0 0.085120 0.656478 0.054447 0.145327
0 0.379006 0.198557 0.014681 0.051834
0 0.405646 0.244561 0.019023 0.058785
0 0.237401 0.374794 0.020746 0.086987
0 0.351498 0.264616 0.016524 0.050446
0 0.558059 0.257644 0.021099 0.063706
