0 0.157560 0.540070 0.071588 0.112335
0 0.670498 0.633740 0.048762 0.147772
0 0.321601 0.336474 0.022188 0.090842
0 0.666216 0.394367 0.046993 0.090747
1 0.193752 0.477619 0.124315 0.106917
1 0.443582 0.272594 0.035222 0.074358
1 0.497484 0.381925 0.096341 0.117339
0 0.940961 0.682695 0.053121 0.143877
1 0.532283 0.215720 0.034058 0.065090
1 0.558977 0.304821 0.045322 0.075234
0 0.866453 0.429994 0.047590 0.089676
0 0.368374 0.297241 0.017395 0.068929
0 0.581818 0.190233 0.013580 0.053119
0 0.988923 0.738906 0.022090 0.184910
0 0.468571 0.312098 0.020573 0.068825
0 0.408885 0.291222 0.018410 0.068661
0 0.353804 0.291857 0.017814 0.070479
0 0.468531 0.304679 0.017448 0.064709
0 0.500282 0.309383 0.034740 0.064896
0 0.391657 0.293497 0.018166 0.066818
0 0.010627 0.336859 0.021254 0.082301
0 0.991553 0.728719 0.016694 0.184552
0 0.470799 0.323798 0.026059 0.074467
0 0.332311 0.292126 0.019097 0.066583
