0 0.24670346975326538 0.40202256308661566 0.029995417594909667 0.10491441090901693
0 0.3150542855262756 0.3540372371673584 0.030272603034973145 0.07710192998250326
1 0.6630648851394654 0.3642871856689453 0.07512259483337402 0.09557537502712674
0 0.3810030460357666 0.26889218224419487 0.021663904190063477 0.07581507364908854
0 0.3448905825614929 0.23055685891045463 0.01572536826133728 0.05787122514512804
0 0.078819739818573 0.403599124484592 0.064815354347229 0.07916497124565972
0 0.5452920198440552 0.27546722624037 0.02129220962524414 0.07426276736789279
0 0.40690732300281524 0.26337575912475586 0.015499991178512574 0.05705911848280165
0 0.4240796595811844 0.2871556282043457 0.01863328814506531 0.07012716929117839
0 0.3065920233726501 0.2953460693359375 0.019440007209777833 0.06082140604654948
0 0.4655021488666534 0.28160036934746635 0.020771324634552002 0.05626841651068793
0 0.3249996560067302 0.35481106440226234 0.0093673120438325 0.08281044430202908
0 0.5449869990348816 0.3007423284360104 0.020749211311340332 0.022987198291553393
0 0.30506287813186644 0.306276393464456 0.01781303882598877 0.03437464396572775
0 0.7121833980083465 0.2418549961513943 0.012946856021881104 0.0364519543117947
0 0.41309383511543274 0.20223439534505208 0.013071179389953613 0.04852587381998698
