0 0.839387 0.557665 0.060164 0.105867
0 0.660363 0.549117 0.065463 0.112027
0 0.711332 0.877104 0.047344 0.178712
0 0.236564 0.370633 0.041327 0.084276
0 0.322210 0.331262 0.021104 0.090128
1 0.456260 0.282573 0.036129 0.081125
0 0.161974 0.390200 0.049106 0.086220
0 0.890740 0.866095 0.053104 0.175520
0 0.587375 0.234080 0.017186 0.065717
0 0.286962 0.340747 0.023109 0.087307
0 0.712609 0.371938 0.037256 0.092803
0 0.555323 0.230610 0.014966 0.062618
0 0.636057 0.252767 0.017935 0.069152
0 0.350876 0.302870 0.018242 0.074338
0 0.371838 0.303616 0.017922 0.072172
0 0.086588 0.364652 0.052819 0.076262
0 0.677807 0.458137 0.031911 0.095475
0 0.408220 0.333631 0.018949 0.087382
0 0.491918 0.297297 0.018864 0.076282
0 0.810456 0.426417 0.032467 0.096321
0 0.865123 0.429324 0.043006 0.090175
3 0.465347 0.145660 0.027387 0.077735
1 0.526073 0.165459 0.020381 0.043578
0 0.396817 0.307331 0.019121 0.074982
0 0.011577 0.336927 0.023154 0.081618
0 0.424843 0.288086 0.015871 0.067127
