1 0.5768022656440734 0.5196313010321723 0.0767815351486206 0.14761568705240885
3 0.479679773747921 0.7899027506510417 0.2522536784410477 0.3928697374131944
2 0.8827759742736816 0.7958524915907118 0.23054904937744142 0.4082950168185764
0 0.13736515045166015 0.5778004540337457 0.0349693775177002 0.1480851067437066
0 0.17223604917526245 0.6963136461046007 0.03855817317962647 0.1657372792561849
3 0.7119146943092346 0.515980773501926 0.19658520221710205 0.38371923234727645
0 0.20102307200431824 0.5850978003607856 0.03159424066543579 0.13859676784939237
1 0.4397383898496628 0.4603130552503798 0.06617465615272522 0.151726320054796
0 0.2850539445877075 0.5343936496310764 0.030110692977905272 0.11626925998263889
0 0.30916714668273926 0.3746325174967448 0.023093318939208983 0.09443562825520833
0 0.3609244108200073 0.45235684712727864 0.027191162109375 0.1179628160264757
0 0.28143157958984377 0.6357335832383898 0.03982014656066894 0.15316747029622396
0 0.08589666485786437 0.36273010041978626 0.047848832607269284 0.07611136966281468
0 0.10819777250289916 0.8893233405219184 0.054085922241210935 0.20345781114366318
0 0.4966027855873108 0.38926719294654 0.0209047794342041 0.09689266946580675
1 0.5525801301002502 0.38929273817274307 0.055066037178039554 0.10087846120198568
0 0.6298429846763611 0.6265715916951498 0.03513977527618408 0.1415867699517144
0 0.3293839693069458 0.5766607072618273 0.038524723052978514 0.12673992580837673
0 0.33790638446807864 0.3330194155375163 0.0179929256439209 0.08208128611246744
1 0.5397810459136962 0.2919406255086263 0.037085342407226565 0.07749544779459636
2 0.7123595785349608 0.5154736293686761 0.20125773921608925 0.3920551114612155
0 0.31459751129150393 0.8861623128255208 0.053513717651367185 0.1870147705078125
0 0.45261259078979493 0.2736897786458333 0.016547966003417968 0.07095387776692709
0 0.3937946557998657 0.37326668633355037 0.02066798210144043 0.09056905110677084
0 0.23782386779785156 0.48254852294921874 0.03062295913696289 0.12495744493272569
0 0.4217063903808594 0.2603874418470595 0.016529369354248046 0.06647093031141493
0 0.3433870390057564 0.24669081370035809 0.014981207251548768 0.06350309583875868
0 0.35405243635177613 0.35726569493611654 0.018598484992980956 0.09005099402533637
0 0.17541391849517823 0.9463675604926215 0.05657305717468262 0.10380605061848959
1 0.6281205773353576 0.2854594972398546 0.03923346996307373 0.06440010070800781
0 0.4500553488731384 0.2014677842458089 0.012857151031494141 0.05298340055677626
3 0.9675121426582336 0.5608790715535482 0.06355698108673095 0.25213534037272134
0 0.8407346725463867 0.5504965464274089 0.04445343017578125 0.10824313693576389
3 0.4649440586566925 0.13909433152940537 0.02214454412460327 0.058746019999186196
0 0.3822944939136505 0.2722968207465278 0.014599895477294922 0.06220024956597222
0 0.393343111872673 0.22656162050035264 0.01398283839225769 0.056162791781955296
0 0.4363174557685852 0.18428150282965766 0.010940289497375489 0.042733287811279295
0 0.3615180253982544 0.31353109147813585 0.017335224151611327 0.07333416408962673
0 0.5880935788154602 0.20135671297709148 0.013949275016784668 0.05221707026163737
0 0.3711403623223305 0.2562904569837782 0.01488768756389618 0.0625954098171658
0 0.3954289615154266 0.2966886414421929 0.017120742797851564 0.06977621714274089
0 0.5560223460197449 0.18431411849127877 0.010944819450378418 0.047265148162841795
0 0.4536013424396515 0.2968928078810374 0.012476193904876708 0.015469054381052652
0 0.4989545285701752 0.2879153887430827 0.016998636722564697 0.07509805891248915
0 0.533812427520752 0.20012827979193792 0.013845062255859375 0.052098253038194445
0 0.41157505214214324 0.2395957628885905 0.013054507970809936 0.058928362528483075
3 0.37951496839523313 0.7647292243109809 0.04097006320953369 0.28551881578233507
0 0.6084205447114073 0.5397431585523818 0.01624864072073251 0.15197472042507595
0 0.3813977301120758 0.2952200230004059 0.011118543148040772 0.012284649204876688
1 0.3775202989578247 0.6678232192993164 0.044959402084350585 0.0859532250298394
3 0.8852154552936554 0.6581322775946723 0.223900306224823 0.10525635613335503
1 0.6078990958631039 0.534651862250434 0.015798191726207732 0.14098773532443576
2 0.4774059534072876 0.6565923478868273 0.21155209541320802 0.10447998046875
