0 0.19116939306259156 0.7825287712944878 0.07136576175689698 0.22063666449652777
0 0.6507009595632554 0.3941830105251736 0.04093696475028992 0.08347850375705296
0 0.5307393908500672 0.3237724516126845 0.03343155384063721 0.07177111307779947
0 0.08047262877225876 0.7557611253526476 0.06448520720005035 0.17731975979275175
0 0.7183547616004944 0.33439322577582464 0.03195610046386719 0.09673436482747395
0 0.07453914880752563 0.39327163696289064 0.040373039245605466 0.05423855251736111
1 0.42748829424381257 0.3467428313361274 0.06060871481895447 0.1145124011569553
0 0.2829660177230835 0.39955037434895835 0.031215953826904296 0.13114284939236112
0 0.35170025676488875 0.2695453961690267 0.021079441905021666 0.05564954545762804
0 0.3895120590925217 0.2297745810614692 0.02254956364631653 0.05617006089952257
0 0.5666711330413818 0.24178471035427518 0.01631898880004883 0.053200615776909724
1 0.5226820170879364 0.228008238474528 0.05318161249160767 0.09674536387125651
0 0.6658888220787048 0.32708808051215277 0.02348167896270752 0.06464936998155382
0 0.34954060316085817 0.2218187861972385 0.012746644020080567 0.04198869069417318
2 0.5218041419982911 0.22830835978190103 0.05635566711425781 0.09957775539822049
0 0.08907126784324645 0.6887574725680881 0.05783623456954956 0.043556594848632814
1 0.441058349609375 0.2500137752956814 0.045179557800292966 0.07597177293565538
0 0.35119744539260866 0.30024469348912436 0.019810414314270018 0.022357656165129608
1 0.19101728796958922 0.7833635965983073 0.06853801012039185 0.22112291124131944
0 0.711480712890625 0.3333584361606174 0.01749267578125 0.09987333085801867
0 0.6364961504936218 0.2608108838399251 0.011263251304626465 0.046054140726725264
0 0.1815894663333893 0.691676648457845 0.03770393133163452 0.03886892530653212
3 0.19097430109977723 0.7842319912380642 0.0676587700843811 0.2184403313530816
0 0.32278387285768984 0.2538676155938043 0.004843602329492569 0.05650032891167535
3 0.4264002054929733 0.34691301981608075 0.058451229333877565 0.11502405802408854
0 0.4076089382171631 0.20657732221815323 0.015146124362945556 0.05662646823459201
0 0.19455326199531556 0.6917446984185113 0.06336768865585327 0.038732825385199655
0 0.6378971099853515 0.2566176520453559 0.015886592864990234 0.06017337375217014
