0 0.23393334150314332 0.4224818441602919 0.03114922046661377 0.07580216725667317
2 0.6451823472976684 0.2802904393937853 0.12076401710510254 0.24444121254814996
0 0.7483171284198761 0.37948838075002034 0.029304969310760497 0.084620820151435
0 0.8172032594680786 0.4937464820014106 0.0406982421875 0.11534152560763888
0 0.09263343811035156 0.5931172794765897 0.05292847156524658 0.16689764658610026
0 0.9757791519165039 0.7651929219563802 0.045853042602539064 0.19443545871310763
0 0.07773492932319641 0.3917925516764323 0.06466850042343139 0.0800967746310764
0 0.362772798538208 0.22864401075575086 0.016474151611328126 0.06616278754340278
1 0.9754249215126037 0.7653323279486762 0.046742939949035646 0.18868950737847223
3 0.648516321182251 0.34786089898811445 0.13845887184143066 0.11321169320080016
3 0.07637167423963546 0.393838365872701 0.0690354973077774 0.07775098482767741
0 0.9797230005264282 0.6900611029730903 0.04055399894714355 0.041404469807942705
0 0.3236248179524409 0.25383070839775934 0.0066112236680055505 0.056262736850314674
0 0.4972652614116669 0.30117302920876277 0.01817508935928345 0.024014077190723685
