3 0.42460435181856154 0.790886910756429 0.15235212743282317 0.4090984556410048
3 0.1292819380760193 0.8098593499925402 0.2585638761520386 0.35928902096218535
3 0.3224579691886902 0.5202149444156223 0.09956037998199463 0.2664537747701009
1 0.5499390423297882 0.6195220947265625 0.10254830121994019 0.16244032118055557
1 0.6022448062896728 0.44937701755099824 0.07166633605957032 0.11866327921549479
1 0.4311747342348099 0.44096177419026694 0.06967584490776062 0.14060656229654947
0 0.621675682067871 0.8516847398546007 0.04698657989501953 0.19038560655381945
0 0.7331913948059082 0.9352720472547743 0.07511157989501953 0.12613355848524305
3 0.6697476387023926 0.6399292416042752 0.09726715087890625 0.23693534003363714
0 0.7836138904094696 0.4980267418755425 0.025342023372650145 0.09991336398654514
0 0.4895449161529541 0.3709088961283366 0.020858073234558107 0.09453695085313585
0 0.7285351395606995 0.4607756932576497 0.023713564872741698 0.10068846808539497
0 0.7411506116390228 0.6027044720119901 0.03183468580245972 0.12937660217285157
1 0.6189160305264523 0.450236717859904 0.03776898026408162 0.11854846742418078
0 0.2651918888092041 0.44869906107584634 0.024106311798095702 0.11170103285047743
0 0.08690115511417389 0.36352017720540364 0.04900993704795838 0.07553304036458333
0 0.6288296937942505 0.303031857808431 0.018180131912231445 0.07457559373643663
0 0.6925506591796875 0.4534846994611952 0.021004486083984374 0.09344373279147677
0 0.8178255558013916 0.5240002526177301 0.0256805419921875 0.097021484375
0 0.5968887567520141 0.34752333031760324 0.01885685920715332 0.07855056921641032
0 0.9808458685874939 0.8516237470838759 0.03830826282501221 0.14224022759331598
0 0.7890769183635712 0.6056637552049425 0.03513060808181763 0.11745014190673828
3 0.4569261968135834 0.2549303372701009 0.04353910684585571 0.12655031416151258
0 0.6520454227924347 0.4430849075317383 0.021532535552978516 0.09832403394911024
0 0.8339056015014649 0.8810724894205729 0.05666007995605469 0.18271687825520833
0 0.4046309769153595 0.3449482599894206 0.02367572784423828 0.0804146236843533
0 0.5488484382629395 0.8319524129231771 0.04536228179931641 0.18517896864149305
0 0.7082074165344239 0.516221449110243 0.02833242416381836 0.1101273430718316
1 0.37656460851430895 0.3262171745300293 0.0328876405954361 0.0808603286743164
0 0.2440685510635376 0.6632406870524089 0.03681855201721192 0.09568006727430556
0 0.2856121063232422 0.4015157699584961 0.02069435119628906 0.08743298848470052
0 0.3223688840866089 0.3573967827690972 0.0209686279296875 0.07154939439561632
1 0.4281574249267578 0.1926790714263916 0.025489115715026857 0.05601847966512044
0 0.5616402626037598 0.2837799496120877 0.018348503112792968 0.0723701900906033
0 0.66148521900177 0.3855788681242201 0.020845508575439452 0.08129839897155762
0 0.5851720333099365 0.9414372762044271 0.06628026962280273 0.11479661729600694
0 0.880246353149414 0.6700066884358724 0.035929107666015626 0.14024463229709203
0 0.5928869247436523 0.7358442518446181 0.047046661376953125 0.15535994635687933
0 0.008969227224588395 0.35853814019097224 0.01793845444917679 0.09156299167209202
3 0.3452883178018965 0.5200774669647217 0.04962298988830298 0.26873178482055665
0 0.32725549191236497 0.35957134034898547 0.013751742243766785 0.07027238210042318
0 0.308417820930481 0.32271532482571075 0.018476104736328124 0.07310945722791884
0 0.7034506320953369 0.405759769015842 0.02180314064025879 0.0846329583062066
0 0.7448629796504974 0.4140539805094401 0.01926647424697876 0.08812934027777777
0 0.24428298473358154 0.6915596856011285 0.03862996101379394 0.15999683803982204
0 0.42048955261707305 0.25167253282335067 0.01393401026725769 0.057897398206922746
0 0.8412700653076172 0.5826912773980035 0.035049819946289064 0.11122487386067709
0 0.5270473480224609 0.19736908276875814 0.011205530166625977 0.04736422432793511
0 0.8209888458251953 0.6937553405761718 0.04497790336608887 0.12847188313802083
0 0.5618965148925781 0.3033576242160052 0.019922780990600585 0.028621876498477326
0 0.49564496874809266 0.3002345826890733 0.02014995813369751 0.07269876268174913
0 0.7086998701095581 0.9471227433946398 0.02283782958984375 0.10575451321072049
0 0.5889987230300904 0.25656440522935653 0.015019416809082031 0.0630078845553928
0 0.3405513606965542 0.3157881630791558 0.016603662073612212 0.07193688286675347
3 0.42670309990644456 0.6494592030843099 0.12460176050662994 0.12330381605360242
3 0.9682513475418091 0.5674556520250108 0.06346955299377441 0.26602482265896266
1 0.3711214542388916 0.25726746453179256 0.04312314987182617 0.06673812866210938
0 0.3568366527557373 0.35337465074327257 0.022169876098632812 0.07594246334499782
0 0.6062054362148046 0.6602075152926975 0.0124108724296093 0.10180719163682726
0 0.5536453247070312 0.7345069885253906 0.04206027984619141 0.12408667670355902
0 0.613783860206604 0.25659916135999894 0.01413264274597168 0.06003661685519748
0 0.7027065753936768 0.29049160215589737 0.03351263999938965 0.06171847449408637
0 0.8232566475868225 0.5712700102064344 0.02084982395172119 0.09380688137478299
0 0.675819706916809 0.2693230523003472 0.020711231231689452 0.05304891798231337
0 0.8106331825256348 0.4293479919433594 0.03205432891845703 0.09119025336371528
0 0.2730144500732422 0.34250352647569443 0.023842716217041017 0.08235861460367838
0 0.8423737525939942 0.7941994561089409 0.056031227111816406 0.14646165635850694
3 0.464761221408844 0.15947403377956815 0.02560603618621826 0.06371803283691406
0 0.6266842842102051 0.24540876812405057 0.0142578125 0.05287765926784939
3 0.3684105038642883 0.2565222528245714 0.03997604846954346 0.06847379472520616
0 0.6093250826001168 0.7570645014444987 0.01841844618320465 0.1042915768093533
0 0.4046477138996124 0.2097530894809299 0.011977696418762207 0.0488170411851671
0 0.8720205307006836 0.5630155775282119 0.036384963989257814 0.10468495686848958
0 0.8520515441894532 0.8022091335720486 0.0362396240234375 0.14661051432291666
0 0.7036566972732544 0.30455810096528796 0.03314847946166992 0.031338424152798125
0 0.006514025776414201 0.36399412552515664 0.012795955839101225 0.07548763751983642
0 0.5518528699874878 0.24010468588935005 0.012898063659667969 0.054585499233669704
0 0.5724676847457886 0.26810828314887153 0.013848876953125 0.05892787509494358
1 0.4547012746334076 0.3034441121543447 0.03855961561203003 0.028295957752399976
3 0.3732976675033569 0.7912656360202366 0.051503753662109374 0.4174687279595269
3 0.1379582792520523 0.6666650560167101 0.20766498446464537 0.08420791625976562
0 0.601837694644928 0.765951410929362 0.033180403709411624 0.11643218994140625
0 0.8761540293693543 0.6524708429972331 0.03311731815338135 0.10109536912706163
0 0.8349090456962586 0.6897494316101074 0.04945824146270752 0.12919881608751085
0 0.8168423891067504 0.6796192804972331 0.037584686279296876 0.06253632439507378
0 0.3965482354164124 0.4799970202975803 0.006903529167175293 0.10191612243652344
3 0.455502986907959 0.3035027956965172 0.03957846164703369 0.029150739775246216
