3 0.6612866997718811 0.7123791588677301 0.1225733995437622 0.33789791531032987
0 0.6850740343332291 0.5001468552483452 0.02383611798286438 0.10644825829399956
3 0.8892641067504883 0.7782679663764106 0.22147178649902344 0.42249052259657116
0 0.6575934410095214 0.42764129638671877 0.023311614990234375 0.1021087646484375
2 0.8835519850254059 0.778636900583903 0.22317689657211304 0.41285508473714194
0 0.33996105194091797 0.4834072536892361 0.027287864685058595 0.11140357123480903
0 0.6302770614624024 0.3522187974717882 0.020383262634277345 0.08916074964735243
0 0.41257877349853517 0.43340750800238714 0.02188282012939453 0.10584343804253472
0 0.684196937084198 0.3752039273579915 0.019842362403869628 0.08391874101426866
0 0.5903852939605713 0.3892679002549913 0.022054195404052734 0.09540252685546875
0 0.49282392859458923 0.40247054629855683 0.03012782335281372 0.09602784050835503
0 0.377723240852356 0.3808666918012831 0.01889944076538086 0.08580378426445855
0 0.22311694622039796 0.5600954267713759 0.029111719131469725 0.13422520955403647
0 0.2631028652191162 0.5852311028374566 0.02795095443725586 0.13979543050130208
0 0.4885625302791595 0.30460774103800453 0.0169209361076355 0.07030031416151258
0 0.563190472126007 0.32923286226060655 0.016826701164245606 0.08354223039415147
0 0.620634651184082 0.2943789588080512 0.019364356994628906 0.07314792209201389
0 0.2747519493103027 0.48670117060343426 0.02188000679016113 0.09575795067681206
0 0.4521943092346191 0.39803309970431855 0.02040386199951172 0.09611621432834201
0 0.2893792390823364 0.38246277703179254 0.01879854202270508 0.08792088826497396
1 0.53751220703125 0.26646222008599174 0.036180877685546876 0.0648614247639974
0 0.7332539498806 0.5839943567911784 0.03701993227005005 0.10766114128960504
0 0.7357214391231537 0.4802937825520833 0.030792462825775146 0.10113483005099827
0 0.23920540809631347 0.4715169270833333 0.026976871490478515 0.10942942301432292
0 0.34696105048060416 0.35472511053085326 0.01921786218881607 0.07886851893530952
0 0.31514878273010255 0.3943576494852702 0.021233606338500976 0.08552082909478081
1 0.41984041035175323 0.22943812476264105 0.027417677640914916 0.06493911743164063
0 0.7803812801837922 0.5778064727783203 0.03806747198104858 0.10542789035373264
0 0.5792186260223389 0.20841698116726345 0.012880086898803711 0.05409088134765625
2 0.645359194278717 0.6264457914564344 0.14857833385467528 0.16620106167263454
0 0.8980877161026001 0.5316884570651584 0.04260649681091309 0.10257920159233941
0 0.42989342212677 0.30474090576171875 0.015712928771972657 0.06431727939181858
0 0.350551176071167 0.41764356825086807 0.022021961212158204 0.09342719184027778
0 0.2676560878753662 0.35962036980523004 0.02281155586242676 0.08445536295572917
0 0.40662221908569335 0.34700474209255644 0.017849063873291014 0.07945276896158854
0 0.3381841693073511 0.31339632670084633 0.015582071989774704 0.0698687235514323
0 0.5224727630615235 0.3146138932969835 0.030950355529785156 0.06848051283094618
0 0.7683404505252838 0.5108631557888454 0.030303895473480225 0.07527800665961372
0 0.3200462818145752 0.30046975877549914 0.01639266014099121 0.062301847669813365
0 0.5549634218215942 0.18753055466545954 0.012601566314697266 0.05027547412448459
0 0.5956187844276428 0.19843997425503201 0.011895155906677246 0.05031934314303928
1 0.5303900182247162 0.21485848956637912 0.026498711109161376 0.053801536560058594
0 0.8124568998813629 0.42545146942138673 0.027488553524017335 0.07193480597601996
0 0.27689896821975707 0.43727266523573133 0.021114659309387208 0.060632112291124134
0 0.36563274413347246 0.305609130859375 0.016348561644554137 0.06155179341634114
1 0.45811967849731444 0.25767750210232204 0.03574552536010742 0.08163096110026041
0 0.4551917493343353 0.31862848069932725 0.019531476497650146 0.06567395528157552
0 0.29244705438613894 0.32070998085869684 0.016213154792785643 0.06130084991455078
0 0.3251371793448925 0.22659105724758571 0.009649358689785004 0.047571288214789495
0 0.3179795503616333 0.34755678176879884 0.018590259552001952 0.06490628984239366
1 0.5071233808994293 0.15567993587917753 0.019509732723236084 0.04221541086832682
3 0.9655239939689636 0.5712739838494195 0.06839783191680908 0.25734369489881725
0 0.4204925537109375 0.3563625759548611 0.018355655670166015 0.08447842068142361
0 0.7029425859451294 0.29166534211900497 0.033675098419189455 0.05858927832709419
1 0.46542875170707704 0.20247744454277886 0.026400911808013915 0.046372540791829425
1 0.5454451680183411 0.12423238224453396 0.017626309394836427 0.03658280902438694
0 0.6751818299293518 0.2687885496351454 0.02154945135116577 0.05234408908420139
0 0.8199506759643554 0.5441726684570313 0.05040473937988281 0.09037984212239583
0 0.7152959108352661 0.577974616156684 0.010033178329467773 0.09754083421495226
0 0.46942296624183655 0.30107015636232165 0.013717877864837646 0.024362534946865504
3 0.45873241424560546 0.24810991287231446 0.034213137626647946 0.09391981760660807
1 0.46394350528717043 0.16378355026245117 0.02140190601348877 0.04673603905571832
0 0.10868522226810455 0.35943757163153756 0.04668926596641541 0.06121154361300998
