3 0.2975187718868256 0.768567434946696 0.2014907956123352 0.46286513010660807
0 0.24763951301574708 0.4987425486246745 0.051528310775756835 0.15706490410698784
0 0.038201403617858884 0.7788572523328993 0.07370517253875733 0.2603083292643229
0 0.2904910683631897 0.40444310506184894 0.03145172595977783 0.0946621365017361
3 0.4301707446575165 0.3352647728390164 0.05860093832015991 0.092751767900255
1 0.4434393882751465 0.2621014383104112 0.04113700389862061 0.08084608713785807
0 0.28808438777923584 0.318565124935574 0.023255538940429688 0.07471760643853081
0 0.3496838450431824 0.2285326533847385 0.020369887351989746 0.058833842807345924
0 0.3135572671890259 0.3193200429280599 0.02398509979248047 0.07742996215820312
0 0.0764077588915825 0.3999502182006836 0.0647787481546402 0.06445291307237414
1 0.5596266746520996 0.2547885894775391 0.04075698852539063 0.06614422268337673
0 0.3712095022201538 0.26418354246351455 0.01803131103515625 0.05417796240912543
0 0.34701225757598875 0.3175716718037923 0.02129082679748535 0.06834867265489367
1 0.42986699342727663 0.32722643746270075 0.057230663299560544 0.10609154171413845
3 0.03875366626307368 0.7804487016465929 0.0714236343279481 0.24823540581597223
0 0.0549184262752533 0.6020121256510417 0.06996361017227173 0.12232140435112847
0 0.3870359420776367 0.21073871188693577 0.01568288803100586 0.05515814887152778
0 0.669043493270874 0.24012930128309462 0.016579341888427735 0.06342277526855469
1 0.0518657349050045 0.6268912421332465 0.07383896857500076 0.16843973795572917
1 0.24734139442443848 0.49875824716356065 0.05065140724182129 0.15898925993177626
0 0.41969074308872223 0.19803290367126464 0.013416093587875367 0.05361223220825195
0 0.2249148190021515 0.6438920974731446 0.06495865583419799 0.13161404927571616
