2 0.830155 0.711397 0.338248 0.577205
0 0.358412 0.568710 0.028452 0.137677
0 0.297462 0.696110 0.033539 0.164943
0 0.323237 0.453557 0.021701 0.110869
0 0.260487 0.610880 0.028396 0.145396
0 0.209992 0.594989 0.034168 0.140905
0 0.414161 0.792829 0.041700 0.175926
0 0.361343 0.392997 0.023695 0.106852
1 0.439046 0.321195 0.045356 0.094733
0 0.297832 0.405453 0.021620 0.104228
0 0.188869 0.716725 0.037645 0.165682
0 0.206156 0.851273 0.045253 0.194527
0 0.291489 0.544978 0.025196 0.132719
1 0.607658 0.694780 0.120693 0.224710
1 0.569454 0.480573 0.065051 0.118327
0 0.319563 0.320956 0.019939 0.082268
0 0.333675 0.377426 0.019616 0.096686
0 0.672678 0.308746 0.021555 0.078377
0 0.388035 0.287865 0.016776 0.074740
0 0.519890 0.951238 0.063821 0.095050
0 0.681818 0.887959 0.047084 0.169112
1 0.649447 0.439424 0.065934 0.104856
0 0.086644 0.363001 0.053166 0.080253
1 0.556147 0.369086 0.046205 0.099139
1 0.579557 0.333161 0.093854 0.094627
0 0.479888 0.293348 0.016718 0.073542
0 0.637618 0.306351 0.018042 0.077278
0 0.361691 0.316652 0.019349 0.080018
0 0.608862 0.282015 0.018914 0.067048
0 0.570504 0.198967 0.013758 0.053944
0 0.011369 0.334531 0.022739 0.082755
0 0.679860 0.956883 0.062038 0.079842
0 0.500332 0.291334 0.017578 0.073655
0 0.801471 0.442710 0.042002 0.088287
0 0.568955 0.264455 0.018185 0.058778
0 0.536332 0.193368 0.013484 0.054991
0 0.635645 0.316915 0.019281 0.082488
0 0.400929 0.254881 0.016532 0.064774
0 0.352151 0.284285 0.016987 0.064201
0 0.423445 0.218290 0.012737 0.056175
