0 0.5927092552185058 0.519660907321506 0.06017360687255859 0.10952072143554688
0 0.22030014991760255 0.47686568366156684 0.06165848970413208 0.10522520277235244
0 0.8239418029785156 0.4849278767903646 0.06174678802490234 0.0974760267469618
0 0.6314944148063659 0.40218351152208115 0.022126764059066772 0.09189601474338108
0 0.323518180847168 0.4167140139473809 0.04814581871032715 0.0853079424964057
0 0.4236959934234619 0.5879947238498264 0.05677242279052734 0.12203792995876736
0 0.3977184295654297 0.5132944742838542 0.05646085739135742 0.10784810384114583
0 0.5800294160842896 0.3903162956237793 0.024047994613647462 0.09604477352566189
0 0.6960858285427094 0.3726841900083754 0.022265899181365966 0.08458167711893717
0 0.9628974914550781 0.7132395426432292 0.056283760070800784 0.139873292711046
0 0.10490262508392334 0.5530203077528212 0.07311692833900452 0.10922224256727431
0 0.7266050815582276 0.5792599148220486 0.07734365463256836 0.11934288872612847
0 0.3862126111984253 0.5215494579739041 0.02739410400390625 0.09755181206597222
0 0.33246694013359956 0.41523634592692055 0.02392245620721951 0.08085517883300782
0 0.08287481367588043 0.3923393355475532 0.05374106764793396 0.07919250064425998
0 0.6117124810814858 0.5339721361796061 0.02299857437610626 0.09043021731906467
0 0.6518032908439636 0.3024711820814345 0.019575953483581543 0.07237027486165365
1 0.44412884712219236 0.27154568566216364 0.03596162796020508 0.07473119099934895
0 0.6571770668029785 0.4093292236328125 0.02414226531982422 0.09602406819661459
0 0.7035931468009948 0.5840513017442491 0.033438706398010255 0.09668443467881944
0 0.5513345718383789 0.3153157128228082 0.02934608459472656 0.07554024590386285
0 0.616706371307373 0.23643419477674696 0.01603546142578125 0.05543916490342882
0 0.5860871911048889 0.20188848707411025 0.013029360771179199 0.052164925469292536
0 0.02899329662322998 0.51053343878852 0.05798659324645996 0.1032485114203559
0 0.31538915634155273 0.29455767737494576 0.02044191360473633 0.06851649814181858
1 0.5119473338127136 0.1883969783782959 0.024023938179016113 0.049723445044623484
0 0.4110603898763657 0.2765232933892144 0.015902024507522584 0.06467844645182291
0 0.13102616667747496 0.5200291315714518 0.03717397451400757 0.06469162835015191
3 0.3560628414154053 0.903684573703342 0.18062372207641603 0.18194630940755208
0 0.9275148034095764 0.5106476571824815 0.03352453708648682 0.0709895028008355
0 0.35390800833702085 0.2956425984700521 0.01605839133262634 0.06950323316786024
0 0.15027732849121095 0.478000365363227 0.0551513671875 0.08740518358018663
1 0.5281800746917724 0.22497628529866537 0.03047046661376953 0.06439993116590711
0 0.8637937545776367 0.43426920572916666 0.04059243202209473 0.07669787936740452
1 0.4018311321735382 0.2424107551574707 0.029573595523834227 0.06021294063991971
0 0.7573344230651855 0.376701651679145 0.02433357238769531 0.08421766493055556
0 0.37106239795684814 0.30915268394682144 0.013193035125732422 0.04052759011586507
0 0.31598331928253176 0.3087954454951816 0.017599010467529298 0.039813113212585446
0 0.10897355079650879 0.500744120279948 0.04613215923309326 0.08260815938313802
0 0.336281693354249 0.2888120545281304 0.01799090430140495 0.07012267642550998
3 0.45613951086997984 0.2338669670952691 0.044113314151763915 0.11390749613444011
0 0.9473411560058593 0.495697021484375 0.06945114135742188 0.1030061509874132
0 0.3683939814567566 0.2762500868903266 0.017108464241027833 0.06847625308566624
0 0.3544804811477661 0.3084892169650023 0.01413259506225586 0.03906538698097898
0 0.10870945155620575 0.4491826163397895 0.03735232949256897 0.07430491977267795
0 0.7026082634925842 0.29144975874159074 0.03453032970428467 0.05968992445203993
0 0.1238709807395935 0.4541290283203125 0.0671959400177002 0.08764597574869791
1 0.619075422314927 0.3318662855360243 0.03628093237057328 0.08856430053710937
0 0.36975827217102053 0.29493912590874566 0.019431686401367186 0.0699276394314236
0 0.5543088555335999 0.2093321164449056 0.012430644035339356 0.05390936533610026
0 0.7033886432647705 0.30363043228733455 0.03343329429626465 0.029359694058075547
0 0.5660618424415589 0.1967738840315077 0.011784768104553223 0.04933192994859484
0 0.40992253422737124 0.2988220183075302 0.012475717067718505 0.019573175638086266
3 0.9687528252601624 0.5711853239271376 0.06112029552459717 0.2516566382514106
3 0.46482067108154296 0.1430716832478841 0.025372958183288573 0.06384826236300999
0 0.8093712270259857 0.41454571617974173 0.021229469776153566 0.07864943610297309
0 0.6184244155883789 0.3339018843240208 0.035367727279663086 0.08659932447804344
0 0.9580332159996032 0.5109495798746745 0.032902073860168454 0.07154214647081163
0 0.9490684986114502 0.6700565761990017 0.02815589904785156 0.08130425347222223
1 0.3925302743911743 0.24864275190565321 0.014939451217651367 0.05096986558702257
0 0.426805192232132 0.21224941677517362 0.012517845630645752 0.047088411119249135
0 0.6617703437805176 0.3665825737847222 0.019803333282470702 0.07063590155707465
3 0.9720664262771607 0.6030034171210394 0.055833053588867185 0.13742010328504775
1 0.4445365905761719 0.2987318297227224 0.037589192390441895 0.019685881667666966
0 0.6737897157669067 0.2676032066345215 0.01954793930053711 0.051368861728244355
0 0.21635914444923401 0.4529584248860677 0.034331214427947995 0.06525692409939236
0 0.07280708849430084 0.4033759752909342 0.03758147358894348 0.05488705105251736
0 0.8362215995788574 0.455834526485867 0.03432750701904297 0.06658378177218967
0 0.012970213894732296 0.34879212379455565 0.025307979574427007 0.041759459177652995
0 0.14069644808769227 0.4699067062801785 0.0468143105506897 0.08230288823445638
0 0.011643926054239273 0.34377144707573787 0.02325541228055954 0.08050647311740451
