0 0.6670496702194214 0.32587301466200086 0.0382781982421875 0.09000133938259548
0 0.8537368774414062 0.6856708102756076 0.07174968719482422 0.18072683546278212
0 0.3157429575920105 0.36662537256876626 0.03408095836639404 0.08791879018147787
0 0.1909583330154419 0.4785482459598117 0.0402313232421875 0.10306615829467773
0 0.22008457779884338 0.6168119960361057 0.05028790235519409 0.13061254289415147
0 0.3228091835975647 0.5581113073560927 0.03913290500640869 0.16154778798421224
1 0.8520353555679321 0.6539883083767362 0.07000961303710937 0.11424560546875
0 0.07310771048069001 0.3945635795593262 0.044025379419326785 0.08821676042344835
0 0.36042715311050416 0.31018680996365017 0.027615559101104737 0.06452412075466579
0 0.4044734567403793 0.26727410422431097 0.021061629056930542 0.06628301408555773
0 0.37725732326507566 0.2682960722181532 0.023134231567382812 0.054361979166666664
1 0.5708354234695434 0.26732012430826824 0.04852209091186523 0.0736419677734375
0 0.35346643477678297 0.24193654590182834 0.021032771468162535 0.05969901614718967
0 0.24036917686462403 0.49559502071804473 0.02940850257873535 0.09118097093370225
0 0.5657278418540954 0.1617864343855116 0.01562621593475342 0.03794107437133789
0 0.7123729526996613 0.2369702868991428 0.013253629207611084 0.03965882195366754
1 0.26863614320755 0.5643651750352647 0.07920253276824951 0.16129243638780383
0 0.5190780162811279 0.25770238240559895 0.022080135345458985 0.05285551283094618
0 0.37549021691083906 0.2009837203555637 0.013466301560401916 0.04710151884290907
