1 0.7106190681457519 0.8333992852105034 0.1602701187133789 0.2800594753689236
0 0.5890810251235962 0.9086656782362196 0.051177978515625 0.1791169908311632
0 0.12524642944335937 0.7316722446017795 0.04432101249694824 0.17748057047526042
0 0.1708530068397522 0.6082826402452257 0.03004786968231201 0.15260450575086806
1 0.585244107246399 0.4480775409274631 0.06324105262756348 0.10803616841634114
0 0.3269024729728699 0.5814564387003581 0.029183125495910643 0.13572018941243488
3 0.42063083648681643 0.7291919284396702 0.1373047113418579 0.448272705078125
1 0.6871862769126892 0.508005083931817 0.06625244617462159 0.11968781153361002
0 0.6932372331619263 0.41125994788275827 0.02541322708129883 0.08720732794867622
0 0.8817134857177734 0.8647713555230034 0.058497047424316405 0.19491475423177082
0 0.35633292198181155 0.37752325269911025 0.02303619384765625 0.10057551066080729
1 0.5526817083358765 0.32617165512508817 0.054071044921875 0.07456553247239854
0 0.6550731182098388 0.5655793931749132 0.033059215545654295 0.12123938666449653
0 0.8296558022499084 0.6297867245144314 0.033002400398254396 0.13940980699327257
0 0.10789531469345093 0.9338492499457465 0.061038851737976074 0.12841559516059028
1 0.4501145243644714 0.22080651389227973 0.03164386749267578 0.07137186262342665
0 0.6873364448547363 0.34165721469455296 0.025223159790039064 0.08230022854275174
0 0.03047763481736183 0.4572224511040582 0.034757374227046965 0.10143229166666666
0 0.1782155752182007 0.45242318047417535 0.02290034294128418 0.10591837565104166
0 0.6075436234474182 0.34210674497816296 0.016920065879821776 0.07963869306776258
0 0.5962100625038147 0.31233913633558485 0.01638925075531006 0.0699719958835178
0 0.32871432304382325 0.4695174323187934 0.026803207397460938 0.11744215223524306
0 0.7453288853168487 0.6557590060763889 0.03657642602920532 0.10999374389648438
0 0.5180042266845704 0.44683990478515623 0.026819610595703126 0.1167555914984809
0 0.7960010528564453 0.6639770931667752 0.0364715576171875 0.14164844089084203
1 0.21471819281578064 0.40469512939453123 0.05721293687820435 0.0770687527126736
0 0.5920938968658447 0.2525412029690213 0.01442413330078125 0.06155632866753472
3 0.541352528333664 0.22026620441012912 0.044581043720245364 0.10750827789306641
0 0.6617765069007874 0.30874177986342044 0.01577942371368408 0.039353024152417974
0 0.6256344676017761 0.324269782172309 0.01799619197845459 0.07580973307291666
1 0.39812623262405394 0.317351492245992 0.031124627590179442 0.05692520671420627
0 0.5243198454380036 0.37192769580417206 0.021951234340667723 0.08248051537407769
0 0.5061557054519653 0.3273658831914266 0.024371647834777833 0.07617782486809624
0 0.3682399407029152 0.31671306557125517 0.015940198302268983 0.05564835336473253
0 0.6092224955558777 0.22986620797051324 0.014590859413146973 0.05384866926405165
0 0.32017635107040404 0.3557122548421224 0.018978810310363768 0.08000089857313368
3 0.45125179290771483 0.3007662031385634 0.051335835456848146 0.0950211418999566
3 0.4377219766378403 0.4317769686381022 0.07599626183509826 0.1809286117553711
0 0.3285603028489277 0.3131779564751519 0.014983037719503045 0.07123400370279948
1 0.27958676815032957 0.373144895500607 0.07407169342041016 0.0913107262717353
0 0.390791130065918 0.31206156412760416 0.018417739868164064 0.07304111056857639
0 0.3813494086265564 0.2426181263393826 0.014407658576965332 0.05549242231580946
3 0.4086663067340851 0.2346305211385091 0.03702813386917114 0.08032366434733072
3 0.9672587990760804 0.5701545715332031 0.06458556652069092 0.2727005852593316
0 0.3467915244400501 0.30291023254394533 0.015822736918926238 0.06921026441786024
0 0.34657068699598315 0.2556742138332791 0.014037713408470154 0.05393100314670139
0 0.31146118640899656 0.30310699674818253 0.021473073959350587 0.0591364754570855
2 0.6746579051017761 0.8385522418551975 0.09052093029022217 0.2828438229031033
1 0.45123386979103086 0.3197931856641339 0.053538286685943605 0.061115098516974185
0 0.8621088862419128 0.427744992574056 0.04245193004608154 0.08076922098795573
0 0.639230751991272 0.3138754712210761 0.01628079414367676 0.04997316466437446
0 0.5814681649208069 0.195567872789171 0.013367581367492675 0.04768528408474392
0 0.36242744624614714 0.23020922342936198 0.01446334719657898 0.050309371948242185
0 0.009611601382493973 0.4986461427476671 0.019223202764987946 0.06657295227050782
0 0.703509521484375 0.30348564492435093 0.03137650489807129 0.02892524983940853
0 0.011561284214258194 0.33951339721679685 0.02312256842851639 0.0811614990234375
