0 0.6896630048751831 0.3261105749342177 0.03271636962890625 0.07844850752088758
0 0.7986847758293152 0.5061042785644532 0.045399260520935056 0.11394110785590278
0 0.20548500418663024 0.28396266301472983 0.03419891595840454 0.05964141421847873
0 0.6192158341407776 0.31020030975341795 0.03018772602081299 0.07260674370659723
0 0.298824405670166 0.36687589751349553 0.02840118408203125 0.08397338655259874
0 0.3793483182787895 0.3102843708462185 0.02424192726612091 0.06551825205485026
0 0.634910662472248 0.2570093896653917 0.023791947960853578 0.0661084704928928
0 0.07324146628379821 0.3930837843153212 0.04729892015457153 0.08806228637695312
0 0.3388293504714966 0.2977461814880371 0.02310042381286621 0.06461912790934245
0 0.40174427032470705 0.30062948862711586 0.01934419870376587 0.07760726081000434
0 0.326129674911499 0.40171483357747395 0.028321552276611327 0.08866678873697917
0 0.7115883708000184 0.24074118932088215 0.014536285400390625 0.03724723392062717
3 0.07323047816753388 0.39477235741085476 0.044081324338912965 0.08820203675164116
