0 0.10329422056674957 0.6015669928656684 0.044863051176071166 0.11349241468641492
0 0.7346481323242188 0.5334687974717882 0.036445236206054686 0.1234649658203125
1 0.3994671568274498 0.5010153558519151 0.08960841000080108 0.18938749101426866
0 0.2058590292930603 0.42152078416612415 0.03631751537322998 0.09140692816840278
0 0.07302663624286651 0.3939540121290419 0.045243197679519655 0.08914335038926867
0 0.298865807056427 0.2827864540947808 0.02633082866668701 0.07182566324869792
1 0.4359098643064499 0.29601447847154405 0.04661708474159241 0.09484856923421224
1 0.37765079736709595 0.49485333760579425 0.04469840526580811 0.18550279405381945
0 0.3448596239089966 0.3775384585062663 0.025775146484375 0.09677177005343968
0 0.35967838019132614 0.2404357592264811 0.024816372990608217 0.05480374230278863
0 0.30446735620498655 0.303968600432078 0.016024470329284668 0.02914359039730496
1 0.43521684110164643 0.31650448851287366 0.04813337922096252 0.05372222372227245
0 0.39206957817077637 0.2447354210747613 0.021639978885650633 0.0697395748562283
0 0.37710378170013426 0.20965518951416015 0.013617897033691406 0.04965828789605035
0 0.40775318145751954 0.22040867275661893 0.014250946044921876 0.053392283121744794
0 0.3451902747154236 0.3226691034105089 0.022303462028503418 0.07230502234564887
0 0.18843119144439696 0.6789791531032986 0.05216212272644043 0.1594882541232639
2 0.4351500332355499 0.31598642137315536 0.04801868200302124 0.054195064968532984
0 0.14941279888153075 0.6030762566460504 0.04654994010925293 0.12194163004557292
