0 0.333733 0.415918 0.023818 0.108975
3 0.642740 0.612940 0.176390 0.384902
0 0.194989 0.506586 0.057590 0.109898
0 0.276945 0.454792 0.041544 0.110410
0 0.396197 0.312997 0.019072 0.082141
3 0.555311 0.332860 0.070434 0.164658
0 0.515769 0.651259 0.034221 0.156264
3 0.448500 0.338498 0.056090 0.160727
0 0.301011 0.331115 0.020998 0.086434
0 0.927097 0.693705 0.048506 0.144367
0 0.509019 0.519057 0.025233 0.135600
0 0.178303 0.933310 0.062490 0.129641
0 0.950032 0.887941 0.073496 0.182505
0 0.731061 0.384697 0.027262 0.100530
0 0.751382 0.475928 0.029218 0.104084
0 0.778395 0.522880 0.032186 0.113690
0 0.800829 0.592405 0.035935 0.114244
0 0.811078 0.525623 0.036208 0.100775
0 0.362192 0.241345 0.016338 0.064206
0 0.087354 0.364073 0.053598 0.079402
0 0.812120 0.451308 0.044430 0.092516
0 0.578729 0.958714 0.061923 0.079534
1 0.808199 0.768217 0.161805 0.252070
3 0.426109 0.154784 0.029308 0.073307
0 0.766727 0.440003 0.025048 0.081664
0 0.388589 0.215757 0.013478 0.059515
3 0.652354 0.367567 0.108561 0.189063
3 0.449412 0.218795 0.031064 0.076963
0 0.858823 0.610983 0.037984 0.118951
0 0.861141 0.637482 0.036636 0.134614
1 0.518602 0.216522 0.030343 0.061588
0 0.863541 0.656124 0.032028 0.103898
0 0.011037 0.334367 0.022073 0.080122
0 0.864388 0.429606 0.047157 0.090195
0 0.981076 0.866625 0.037556 0.175424
