2 0.6399462699890137 0.3021396636962891 0.1180612564086914 0.22700898912217882
0 0.733857798576355 0.3934122721354167 0.0312849760055542 0.07630369398328993
0 0.12046798765659332 0.5829701953464084 0.062261050939559935 0.14392441643608941
1 0.4291443645954132 0.2329589631822374 0.042772328853607176 0.08170708550347222
0 0.726507019996643 0.325926325056288 0.03359076976776123 0.06019289228651259
0 0.08288339972496032 0.39474461873372396 0.06528164148330688 0.06642032199435764
3 0.6362503170967102 0.35174401495605706 0.11269714832305908 0.12461066986951563
3 0.6509104073047638 0.5590442021687826 0.10182081460952759 0.3041338178846571
0 0.5009545922279358 0.20061227480570476 0.02443740367889404 0.04602624045477973
2 0.6465121644781903 0.35172518094380695 0.09187274812720717 0.12567258410983614
