0 0.19113048911094666 0.6409240086873372 0.04284893274307251 0.14037420484754776
0 0.2126985967159271 0.46417772505018445 0.02575875520706177 0.11453963385687935
0 0.2788102746009827 0.4277155346340603 0.02271988391876221 0.09923939175075955
0 0.3361531493254006 0.35606345070732964 0.027851600013673306 0.09222236209445529
0 0.2969858646392822 0.36422627766927085 0.023320579528808595 0.0753918965657552
0 0.6098593235015869 0.25032956865098743 0.0170651912689209 0.06654764811197916
0 0.7183408379554749 0.41702522701687283 0.02999405860900879 0.10418222215440538
0 0.3135732889175415 0.28595154020521374 0.022437477111816408 0.07745104895697699
0 0.4118240922689438 0.2742301411098904 0.014710158109664917 0.07333605024549696
0 0.3660131454467773 0.30668856302897135 0.021206092834472657 0.08000666300455729
0 0.3807943820953369 0.25881502363416886 0.015982532501220705 0.06067411634657118
0 0.35553444623947145 0.2565040800306532 0.013120436668395996 0.05050909254286024
0 0.39432673454284667 0.21448993682861328 0.01652107238769531 0.055178536309136286
