0 0.7724574327468872 0.46302165985107424 0.035578346252441405 0.11776229010687934
0 0.10351264476776123 0.783825174967448 0.05755860805511474 0.20087076822916666
0 0.5791929841041565 0.5966757668389214 0.03466455936431885 0.1538455115424262
0 0.6537956237792969 0.3344827969868978 0.020804214477539062 0.08374631669786241
0 0.624783706665039 0.3176095750596788 0.017518281936645508 0.05744137234157986
0 0.6101267457008361 0.3421699265638987 0.0158588171005249 0.06525728305180868
1 0.10269781053066254 0.7847297880384657 0.05461903214454651 0.19841923183865018
3 0.6682942405343055 0.333540184257759 0.049439451098442076 0.08768064917789566
0 0.5251295089721679 0.24868448045518662 0.03262310028076172 0.07142732408311632
0 0.34867244958877563 0.2242401123046875 0.017939448356628418 0.04864955478244358
0 0.09921729564666748 0.69740236070421 0.05292580127716064 0.025717247856987847
