0 0.941936 0.684958 0.050717 0.144888
1 0.069040 0.514047 0.137143 0.142777
1 0.443739 0.270921 0.036129 0.075850
0 0.321647 0.335249 0.025609 0.078962
0 0.296943 0.449703 0.054296 0.085822
0 0.466882 0.315307 0.017731 0.081730
0 0.596199 0.246064 0.015993 0.068660
0 0.637415 0.266916 0.017644 0.070153
0 0.211428 0.457250 0.060570 0.099652
0 0.242504 0.472571 0.053104 0.092831
1 0.312802 0.410098 0.110441 0.076785
0 0.490212 0.313711 0.019111 0.076396
0 0.986564 0.754122 0.026872 0.159358
0 0.753029 0.380185 0.024054 0.085913
0 0.521779 0.237832 0.015302 0.059586
0 0.390503 0.296147 0.019131 0.066309
3 0.459133 0.218038 0.037921 0.092927
0 0.408463 0.294978 0.018961 0.066881
0 0.368844 0.297472 0.018422 0.070519
1 0.550359 0.315662 0.067204 0.092382
1 0.515529 0.173112 0.027876 0.062863
0 0.265923 0.421622 0.035270 0.081651
0 0.354468 0.294027 0.018481 0.068387
0 0.864542 0.432867 0.050974 0.087132
0 0.805046 0.427575 0.044667 0.101838
