3 0.30296543836593626 0.7704451455010308 0.18775427341461182 0.45910970899793835
0 0.24853117465972902 0.49383909437391493 0.05213398933410644 0.14995693630642362
0 0.0387546569108963 0.7794242011176216 0.07466852068901061 0.2602685292561849
0 0.29054524898529055 0.40426951514350046 0.035927772521972656 0.09691157870822482
0 0.31359329223632815 0.3179234504699707 0.02283797264099121 0.077493773566352
3 0.4295190066099167 0.33656233151753745 0.061660534143447875 0.09534688525729709
1 0.4437147915363312 0.2626644664340549 0.04131275415420532 0.08232347700330946
0 0.07623695135116577 0.40316552056206595 0.06188647747039795 0.05682008531358507
0 0.28834229707717896 0.3177776548597548 0.02301604747772217 0.07242143419053819
0 0.34970730543136597 0.22851409912109374 0.018847060203552247 0.05870395236545139
1 0.5586985588073731 0.2537459055582682 0.04036283493041992 0.06549725002712674
0 0.3468118503689766 0.31677175097995336 0.019861450791358946 0.06657822926839192
1 0.4307844161987305 0.3331338670518663 0.05746002197265625 0.1001705593532986
3 0.03911973712965846 0.7813584857516819 0.07266279701143503 0.2506474388970269
0 0.055243462324142456 0.6079269409179687 0.0688818335533142 0.1314053005642361
0 0.38694286346435547 0.21074661678738063 0.01562328338623047 0.05457259284125434
1 0.31294128894805906 0.7661531236436632 0.20715460777282715 0.46509903801812064
0 0.371216356754303 0.2649271223280165 0.015774989128112794 0.05664181179470486
1 0.3011454939842224 0.6275619294908311 0.19770901203155516 0.16685829162597657
0 0.22327013015747071 0.4499641418457031 0.021015644073486328 0.08043297661675347
0 0.6690441131591797 0.24012841118706596 0.016585350036621094 0.06334771050347222
0 0.36996052265167234 0.22978733910454643 0.014849328994750976 0.05333273145887587
0 0.3715817332267761 0.2860318077935113 0.018139958381652832 0.06555107964409722
1 0.052680493146181104 0.6266260359022352 0.07167001813650131 0.16563449435763888
0 0.3227724593132734 0.32990737160046896 0.00491991862654686 0.0558354549937778
0 0.41975182592868804 0.19810234705607097 0.01350366473197937 0.05333360036214193
