1 0.394326 0.440533 0.079632 0.171047
0 0.205606 0.631293 0.060942 0.141973
0 0.831716 0.562596 0.058514 0.164194
0 0.069842 0.634400 0.059700 0.161786
0 0.316050 0.384490 0.036195 0.085013
0 0.163399 0.517473 0.055251 0.115235
0 0.260241 0.453431 0.042332 0.101341
1 0.430409 0.316465 0.055573 0.095943
0 0.696338 0.343823 0.040190 0.089669
0 0.079366 0.410097 0.059246 0.069933
0 0.242226 0.390387 0.034799 0.100891
0 0.487304 0.253395 0.032223 0.059684
0 0.354021 0.338663 0.024305 0.090843
0 0.371525 0.302116 0.018954 0.064490
0 0.327113 0.314164 0.042215 0.068986
0 0.359213 0.226895 0.017983 0.062491
0 0.400560 0.289841 0.020046 0.073202
0 0.391656 0.211325 0.016472 0.057127
0 0.409148 0.220549 0.015550 0.058156
0 0.508441 0.307850 0.018784 0.064538
0 0.598298 0.226416 0.021606 0.067944
