0 0.236160 0.434567 0.038368 0.099383
1 0.586306 0.476818 0.103534 0.209904
2 0.751572 0.543375 0.149999 0.256642
0 0.300408 0.428164 0.037816 0.113505
0 0.366131 0.269876 0.017901 0.068972
0 0.077702 0.390701 0.054178 0.086857
0 0.386984 0.287568 0.018465 0.074563
0 0.333402 0.300373 0.018974 0.067034
0 0.711750 0.373101 0.030917 0.090960
0 0.709856 0.385133 0.032126 0.104448
0 0.458248 0.286770 0.021050 0.073064
0 0.366929 0.338729 0.018383 0.078647
0 0.339083 0.355406 0.022042 0.078909
0 0.590589 0.261648 0.020642 0.065276
0 0.596052 0.210089 0.014086 0.054928
