1 0.346466 0.618600 0.152304 0.187679
0 0.425360 0.423938 0.023630 0.107845
0 0.398344 0.484034 0.023869 0.111612
0 0.730570 0.518523 0.026035 0.118439
0 0.676334 0.498702 0.026035 0.116381
0 0.712514 0.445703 0.024534 0.104264
0 0.202663 0.619289 0.046275 0.128723
0 0.783825 0.543098 0.030476 0.120338
0 0.789068 0.693435 0.033282 0.150014
0 0.902596 0.768207 0.046969 0.162166
0 0.281210 0.814935 0.053274 0.170636
0 0.763746 0.478948 0.026146 0.099799
0 0.552833 0.796763 0.043869 0.199246
0 0.130605 0.860278 0.046393 0.196323
0 0.623313 0.500693 0.043301 0.115055
0 0.241513 0.370368 0.040256 0.084988
0 0.181633 0.547885 0.053680 0.103172
0 0.666190 0.419419 0.022452 0.102712
0 0.690102 0.378354 0.019888 0.090330
0 0.644606 0.334278 0.017433 0.074164
1 0.434530 0.285597 0.036379 0.084721
0 0.592701 0.291741 0.018579 0.074564
0 0.375318 0.300178 0.016537 0.070586
0 0.200852 0.419056 0.038028 0.079034
0 0.217384 0.470867 0.052338 0.102333
1 0.517254 0.194516 0.027306 0.059106
0 0.624632 0.310259 0.017028 0.076290
0 0.396424 0.299841 0.018239 0.077613
0 0.552650 0.248780 0.017146 0.060080
0 0.155728 0.444924 0.041918 0.093993
0 0.366916 0.272509 0.017555 0.066850
0 0.672944 0.335311 0.020545 0.078054
3 0.315350 0.401867 0.049062 0.132431
0 0.400405 0.284448 0.016627 0.071384
0 0.391432 0.232634 0.015603 0.059460
0 0.369454 0.363804 0.018286 0.092558
0 0.657051 0.367005 0.019535 0.083822
0 0.865421 0.430638 0.047354 0.085828
0 0.810522 0.429723 0.030539 0.096778
0 0.431821 0.197362 0.013544 0.051015
0 0.358622 0.373533 0.022205 0.094157
1 0.556862 0.314624 0.042197 0.087599
0 0.183759 0.483824 0.055402 0.090873
0 0.011695 0.343226 0.023389 0.074788
0 0.652404 0.294450 0.018346 0.066823
0 0.579281 0.239406 0.014192 0.057778
0 0.451062 0.176240 0.011776 0.046980
