0 0.8689536094665528 0.5725241343180338 0.057193565368652347 0.107000732421875
0 0.9409836769104004 0.6863654242621527 0.05155372619628906 0.138182618882921
0 0.764339542388916 0.5875780741373698 0.06143245697021484 0.11560126410590278
0 0.3359008550643921 0.4899474673800998 0.059989404678344724 0.10581063164605034
0 0.624811103194952 0.3618189917670356 0.025393499433994292 0.08210923936631945
1 0.43878324925899503 0.40992892848120793 0.11342201828956604 0.08657416767544217
1 0.4135726749897003 0.19861180517408583 0.02690540552139282 0.04791460037231445
0 0.40983142852783205 0.45966597663031683 0.05419778823852539 0.09327579074435764
0 0.5987967491149903 0.5879511939154731 0.0731048583984375 0.11427239312065972
0 0.5757822871208191 0.25877068837483724 0.013029265403747558 0.0624267578125
0 0.35996155738830565 0.37400025261773 0.04819045066833496 0.07926339043511285
0 0.7223133683204651 0.41054344177246094 0.039855432510375974 0.08646553887261285
0 0.7058443546295166 0.5541997379726834 0.0287353515625 0.10467421213785807
0 0.6116745471954346 0.23082938724093968 0.014939498901367188 0.057895533243815106
0 0.5892347097396851 0.2339684698316786 0.013642501831054688 0.0555339601304796
0 0.5518143892288208 0.24333828820122613 0.013282442092895507 0.06009224785698785
0 0.861528193950653 0.42888645595974395 0.04291465282440186 0.08552669949001736
0 0.01196846216917038 0.3975213792588976 0.02393692433834076 0.08446155124240451
0 0.39082419574260713 0.2958504358927409 0.016614645719528198 0.06611014472113716
0 0.5331981658935547 0.201387972301907 0.010912084579467773 0.05209885703192817
1 0.08925608396530152 0.5202579922146268 0.1753927230834961 0.12472856309678819
0 0.7220859378576279 0.5502112918429904 0.0560977041721344 0.10240533616807726
0 0.47235454320907594 0.3089893658955892 0.016458511352539062 0.07374897003173828
0 0.31734461784362794 0.2803733401828342 0.016648292541503906 0.06654777526855468
0 0.3395779088139534 0.49172139167785645 0.0385308176279068 0.09784328672620986
0 0.7027060031890869 0.29093743430243596 0.03390212059020996 0.061254056294759114
0 0.41135552525520325 0.27622108459472655 0.01549670696258545 0.06309564378526476
0 0.333075740467757 0.2987331814236111 0.021212993003427983 0.06811366611056857
0 0.4892279863357544 0.30536102718777125 0.01768639087677002 0.07411770290798611
0 0.616995494067669 0.5901508331298828 0.03399098813533783 0.10532175699869792
0 0.35373418033123016 0.2938450813293457 0.016047000885009766 0.06505044301350911
0 0.7093447923660279 0.4073544396294488 0.021346902847290038 0.0895419650607639
0 0.9351665496826171 0.552629460228814 0.024456024169921875 0.07119710710313586
0 0.3696334183216095 0.31102650615955807 0.01270214319229126 0.04414550092381735
0 0.3312653820030391 0.31051295465893214 0.01749557349830866 0.04324813154008653
3 0.4583565711975098 0.21686649322509766 0.040524864196777345 0.09341023763020834
0 0.39124547839164736 0.3076344158914354 0.01587257385253906 0.03749105400509305
0 0.353203159570694 0.3079509160274433 0.013087671995162965 0.037855830188426705
0 0.38892953395843505 0.4193350685967339 0.022005081176757812 0.08200128343370226
0 0.7578212857246399 0.38228415383232967 0.022971963882446288 0.07937819163004557
1 0.4002802222967148 0.25485491222805445 0.03154847025871277 0.0556958728366428
0 0.6760241746902466 0.26739994684855145 0.02498903274536133 0.053919071621365014
3 0.140971040725708 0.418315675523546 0.17282390594482422 0.14328316582573786
0 0.7028738021850586 0.30527578857209947 0.0339871883392334 0.03277379936642117
0 0.9550405979156494 0.5180267969767253 0.04041686058044434 0.0753932105170356
1 0.44415037631988524 0.2636043230692546 0.03275508880615234 0.06240278879801432
0 0.029351671785116197 0.370008733537462 0.017404152452945708 0.05105618370903863
0 0.428281307220459 0.31184450044400164 0.015733838081359863 0.04505440816283226
0 0.028392893075942994 0.35987239413791233 0.023781335353851317 0.07877714369032118
3 0.091848280467093 0.5242222997877333 0.17361530773341655 0.09413992563883464
0 0.11700189709663392 0.3542843858400981 0.025445377826690672 0.04297396606869168
0 0.437221622467041 0.3004634857177734 0.03268165588378906 0.06390380859375
1 0.44557849168777464 0.14212801191541885 0.020203399658203124 0.0449005126953125
0 0.36927108764648436 0.29844571219550237 0.014254701137542725 0.06686144934760199
0 0.5602923631668091 0.22652981016370985 0.010999441146850586 0.054665395948621964
0 0.38294529914855957 0.19485758145650228 0.01128559112548828 0.04368747075398763
0 0.9618030548095703 0.5210172865125868 0.07203178405761719 0.09658618503146701
0 0.9398111343383789 0.5427888234456381 0.039483642578125 0.09325044420030382
0 0.8109789848327636 0.43389960394965277 0.031955718994140625 0.09538989596896702
3 0.9698535203933716 0.5834448496500652 0.05985245704650879 0.2054511176215278
0 0.10790135860443115 0.37605599297417536 0.04855428338050842 0.0820098876953125
0 0.5489820957183837 0.1837358315785726 0.01051788330078125 0.04276897642347548
3 0.9730733871459961 0.5996211157904731 0.05385322570800781 0.1372678968641493
0 0.41179079115390776 0.29745105147465234 0.01375911831855774 0.016795790723214545
0 0.3316771388053894 0.46548570526970756 0.02797653675079346 0.06640937593248156
0 0.3446285679936409 0.3834454165564643 0.020609906315803526 0.05875929726494683
0 0.8944103360176087 0.43241740332709416 0.04070594310760498 0.08414633009168837
0 0.39234291315078734 0.4679662068684896 0.015292954444885255 0.08272374471028646
