0 0.048585 0.823598 0.091465 0.211590
0 0.190309 0.529722 0.050488 0.119850
0 0.274844 0.478715 0.041505 0.109291
0 0.228178 0.408281 0.034119 0.087925
1 0.611513 0.261854 0.052407 0.091007
0 0.267077 0.322490 0.029871 0.072710
1 0.531219 0.248434 0.041069 0.073897
0 0.874814 0.604708 0.051224 0.167595
0 0.077516 0.389580 0.058758 0.080962
0 0.727012 0.331628 0.023689 0.082565
0 0.611287 0.192717 0.014890 0.054719
0 0.368452 0.324402 0.017351 0.071780
0 0.313521 0.301503 0.021396 0.072102
2 0.579576 0.199961 0.031612 0.064365
