0 0.08874633312225341 0.7833856370713975 0.06595380306243896 0.1883945041232639
0 0.29135540723800657 0.33947748707400427 0.03067758083343506 0.08467983471022712
0 0.34341614246368407 0.34365537547402913 0.03250107765197754 0.099127173754904
1 0.45431235432624817 0.24949073791503906 0.04638310670852661 0.08695428636338975
0 0.36279518604278566 0.26702965630425346 0.02156357765197754 0.04731411404079861
1 0.41821751594543455 0.4104455735948351 0.08321475982666016 0.18155144585503472
0 0.39692705273628237 0.23024785783555773 0.01621854305267334 0.05649375915527344
1 0.08764284253120422 0.7827450434366862 0.06435486078262329 0.1843253665500217
0 0.3619847968220711 0.298857309953827 0.014639189839363098 0.019733145760579242
0 0.08289085924625397 0.39624525705973307 0.046735113859176634 0.06704004075792101
0 0.3716366171836853 0.2252035246955024 0.019810795783996582 0.049168162875705294
1 0.3895804643630981 0.4308041678534614 0.020694875717163087 0.1411375681559245
