3 0.6128169298171997 0.38047635820176867 0.1138108253479004 0.25256792704264325
1 0.650315809249878 0.6841154310438368 0.14862165451049805 0.28845808241102433
1 0.6441204071044921 0.6266014099121093 0.14377479553222655 0.16901940239800348
0 0.1905301868915558 0.5190221574571398 0.04839214086532593 0.12210947672526042
3 0.6354750412981958 0.378355598449707 0.06867693299427628 0.2527281443277995
0 0.254740035533905 0.49043905470106336 0.03356492519378662 0.10723953247070313
2 0.6131172180175781 0.3805460611979167 0.11392726898193359 0.25478038787841795
0 0.7147163212299347 0.4086928897433811 0.03798366785049438 0.10324037339952256
0 0.07312963008880616 0.3946308983696832 0.047896599769592284 0.09312625461154514
2 0.40051422119140623 0.3882896423339844 0.13726158142089845 0.3797334459092882
3 0.36290574073791504 0.3226923730638292 0.0730471134185791 0.24068219926622178
1 0.7075811147689819 0.40841988457573786 0.02493896484375 0.1057631598578559
3 0.3662881851196289 0.3661677413516574 0.06742362976074219 0.1545577049255371
3 0.36544338464736936 0.4005114767286513 0.06911323070526124 0.4024598651462131
2 0.39232675917446613 0.31667901145087346 0.13411648496985434 0.24799395667182075
3 0.4092228412628174 0.4344483163621691 0.12888402938842775 0.2911188549465603
3 0.3750569224357605 0.48829810354444714 0.04988615512847901 0.19351508882310656
2 0.3304051493178122 0.37813410229153105 0.01960417239461094 0.1784904268052843
0 0.6486898422241211 0.2850386725531684 0.03314208984375 0.06701761881510417
