1 0.692372 0.529378 0.103107 0.162052
1 0.394429 0.861862 0.126466 0.271886
1 0.573894 0.693455 0.118847 0.213814
1 0.431728 0.559166 0.081916 0.209286
0 0.545488 0.369782 0.024816 0.093186
0 0.718064 0.701484 0.036032 0.156902
0 0.195595 0.376846 0.043082 0.091673
0 0.304931 0.523322 0.027533 0.126880
0 0.258814 0.422108 0.024677 0.116864
0 0.461868 0.398179 0.049972 0.087588
0 0.279068 0.757058 0.037563 0.184948
0 0.848915 0.614472 0.040433 0.134885
0 0.332563 0.388101 0.020207 0.100925
0 0.375749 0.510582 0.026817 0.129273
0 0.241151 0.670029 0.037411 0.169968
1 0.618208 0.366758 0.056075 0.101646
0 0.391467 0.296394 0.019510 0.075738
0 0.356182 0.416486 0.022726 0.102151
3 0.537613 0.251342 0.044653 0.100145
0 0.696291 0.402410 0.024296 0.091042
0 0.041488 0.895830 0.062331 0.191622
0 0.748644 0.420830 0.043489 0.094887
3 0.460868 0.246252 0.042697 0.123728
0 0.821917 0.790427 0.051834 0.171751
0 0.579881 0.263364 0.015042 0.067820
0 0.785910 0.636987 0.031726 0.144405
0 0.338647 0.323760 0.019228 0.078072
0 0.660703 0.380171 0.022753 0.090702
0 0.304959 0.446537 0.023673 0.101241
0 0.916251 0.929588 0.081322 0.138181
0 0.113968 0.378385 0.057249 0.091223
0 0.859954 0.747208 0.044154 0.154430
0 0.796467 0.521196 0.030739 0.098498
0 0.348687 0.275295 0.018588 0.068493
2 0.390673 0.223947 0.061303 0.123760
0 0.974324 0.913987 0.050321 0.152123
0 0.608551 0.289309 0.018147 0.066235
0 0.719628 0.358899 0.022416 0.084800
0 0.636911 0.290063 0.017912 0.069018
0 0.970407 0.892118 0.059148 0.160011
0 0.798892 0.576246 0.028039 0.113979
0 0.295209 0.291311 0.019840 0.074963
0 0.810696 0.425216 0.032755 0.091967
0 0.087025 0.950506 0.056916 0.095654
0 0.074210 0.939863 0.076686 0.116712
0 0.969927 0.857685 0.059810 0.126066
0 0.679427 0.334609 0.022120 0.073269
0 0.083117 0.365481 0.047410 0.084451
