3 0.7201198101043701 0.4285384178161621 0.21976995468139648 0.4659788555569119
0 0.15039058923721313 0.5191509405771891 0.04616904258728027 0.1157143168979221
1 0.5551595687866211 0.36320296393500434 0.06939263343811035 0.13315370347764757
0 0.08138976097106934 0.3933447943793403 0.05061469078063965 0.0723817613389757
0 0.8444051742553711 0.5332519107394749 0.027768707275390624 0.1289687262641059
1 0.43814232051372526 0.22397016949123807 0.04039943814277649 0.07703660329182943
0 0.5859073400497437 0.43301573859320747 0.026535415649414064 0.10407952202690972
0 0.604010024368472 0.1726901478237576 0.007960916162119247 0.04234871334499783
3 0.43697414398193357 0.21535025702582467 0.038814735412597653 0.09322136773003473
1 0.5849841117858887 0.4300998263888889 0.027222442626953124 0.10104641384548611
