0 0.08104015588760376 0.7271726820203993 0.06898515224456787 0.16281348334418402
0 0.3372495651245117 0.3797066370646159 0.03414788246154785 0.08713840908474392
0 0.8139815330505371 0.6159267849392361 0.0659677505493164 0.15701751708984374
0 0.23660794496536255 0.5478010601467557 0.05710914134979248 0.14355795118543838
1 0.5578726291656494 0.32460823059082033 0.0648047924041748 0.0942337883843316
0 0.3056821465492249 0.28352421654595267 0.03119986057281494 0.07131771511501736
2 0.548206901550293 0.2114113966623942 0.06641197204589844 0.1423881424797906
0 0.3679037928581238 0.29808260599772135 0.027958130836486815 0.0725733862982856
0 0.07255507409572601 0.39567267100016273 0.04745809435844421 0.09053221808539497
0 0.5744730830192566 0.41495416429307724 0.031479477882385254 0.10505184597439236
0 0.07726517170667649 0.6785395092434353 0.06599632799625396 0.06406712002224392
0 0.3662053346633911 0.3110917239760359 0.025266742706298827 0.04376919215752019
0 0.8468860507011413 0.5058169894748263 0.047424149513244626 0.11718182033962674
3 0.8469233393669129 0.5074701997968886 0.04702689647674561 0.12012823952568902
1 0.08050482124090194 0.7286131540934245 0.06787653267383575 0.16368230183919272
1 0.8146301090717316 0.6168709966871474 0.06732014417648316 0.1589416715833876
0 0.6376852512359619 0.2651159922281901 0.018810272216796875 0.06183573404947917
0 0.3087009906768799 0.3048309302371409 0.019635629653930665 0.03125220350921154
3 0.557666027545929 0.3308485084109836 0.06622703075408935 0.08312798606024849
0 0.39752755165100095 0.24344798194037542 0.01672677993774414 0.062279764811197916
0 0.3218291997909546 0.253481822543674 0.01548752784729004 0.05424380832248264
0 0.32592305027064866 0.26286126242743596 0.011059316841419786 0.059781371222602
1 0.5390973746776581 0.42242357201046415 0.0424881100654602 0.09221204651726617
0 0.38096455335617063 0.20498355759514703 0.012886500358581543 0.05542582405938042
0 0.528421688079834 0.437953609890408 0.023282814025878906 0.09282404581705729
0 0.4175682067871094 0.2609609180026584 0.016365814208984374 0.06171124776204427
0 0.3981195420026779 0.25585960812038844 0.013930636644363403 0.04598795572916667
3 0.07308159917593002 0.3956721756193373 0.04709947407245636 0.09019590483771431
0 0.3627730369567871 0.28591592576768665 0.01930246353149414 0.06960906982421874
