3 0.713270 0.592882 0.167159 0.327139
0 0.110410 0.819261 0.043812 0.204066
3 0.353058 0.743257 0.136246 0.449087
1 0.469299 0.510346 0.117017 0.148178
0 0.483333 0.890910 0.049570 0.182293
1 0.620476 0.859947 0.143965 0.257792
0 0.182915 0.803256 0.046636 0.193433
0 0.191380 0.370325 0.049975 0.087649
0 0.429372 0.606645 0.035390 0.131720
1 0.604865 0.313939 0.044745 0.077574
0 0.087020 0.394224 0.057400 0.088415
1 0.450879 0.340280 0.051594 0.110949
0 0.165343 0.942840 0.058402 0.114321
0 0.386567 0.305001 0.018160 0.078187
0 0.481954 0.750600 0.052884 0.164347
0 0.355238 0.395364 0.023100 0.096805
1 0.532652 0.231377 0.029664 0.062819
1 0.296428 0.385390 0.088606 0.096940
0 0.669649 0.301438 0.018768 0.075065
0 0.549707 0.266013 0.015300 0.068570
0 0.520026 0.326204 0.023368 0.082117
0 0.368469 0.353473 0.020195 0.087580
2 0.438093 0.233599 0.060385 0.132804
0 0.173792 0.592609 0.032382 0.144105
0 0.650542 0.304162 0.019702 0.074606
0 0.526178 0.707821 0.072833 0.145337
0 0.311185 0.505722 0.024952 0.126190
0 0.101478 0.697158 0.044817 0.137448
0 0.633358 0.307252 0.018526 0.071902
0 0.175968 0.697059 0.039398 0.159269
0 0.564871 0.237551 0.014734 0.059071
0 0.808650 0.426798 0.038244 0.095197
0 0.368050 0.247270 0.015165 0.060009
0 0.582193 0.241983 0.014513 0.060004
0 0.335918 0.317323 0.020811 0.072951
0 0.306606 0.426933 0.026773 0.077631
0 0.101047 0.727586 0.042853 0.162524
0 0.177877 0.659534 0.035826 0.141186
0 0.336813 0.329114 0.020638 0.076162
0 0.298992 0.319361 0.024636 0.068517
0 0.174589 0.574019 0.030056 0.114139
