1 0.5817777514457703 0.49655691782633465 0.07279446125030517 0.12670444912380643
1 0.45038814544677735 0.4031352996826172 0.0561309814453125 0.1481129116482205
0 0.2711573004722595 0.5276341332329644 0.028861689567565917 0.13010626898871527
0 0.6424294233322143 0.5059470918443468 0.027480316162109376 0.12522672017415365
0 0.402483606338501 0.6582469940185547 0.037518978118896484 0.15809504191080728
1 0.45190426111221316 0.2830543729994032 0.03850293159484863 0.07941970825195313
0 0.04566292762756348 0.878466542561849 0.06211974620819092 0.21629469129774306
0 0.8887948989868164 0.7973153008355035 0.055178070068359376 0.16777547200520834
1 0.40908390283584595 0.2511383056640625 0.03260776996612549 0.0728179931640625
0 0.21218578219413758 0.5081056912740072 0.029864418506622314 0.12268907758924696
0 0.33270764350891113 0.5303826226128472 0.030806636810302733 0.12430182562934028
0 0.40425500869750974 0.35245081583658855 0.020128083229064942 0.0904545889960395
2 0.7340734481811524 0.4950760735405816 0.19829063415527343 0.36981455485026044
0 0.44334611892700193 0.8971359252929687 0.04801464080810547 0.18138258192274306
0 0.3661062717437744 0.44072388543023006 0.022257447242736816 0.10989744398328993
0 0.3172990083694458 0.7024326748318143 0.037004709243774414 0.16539374457465278
0 0.31109535694122314 0.9179453531901042 0.05203437805175781 0.16402723524305557
0 0.31003561019897463 0.448041656282213 0.020664024353027343 0.08319309022691515
0 0.857081413269043 0.6538187238905165 0.042986297607421876 0.13803736368815103
0 0.3629800319671631 0.771852789984809 0.033211469650268555 0.17976548936631945
0 0.6753444671630859 0.6553164588080512 0.03636627197265625 0.1484755622016059
2 0.5570605754852295 0.3442387898763021 0.06114873886108398 0.13132542504204645
0 0.31950558423995973 0.6648319244384766 0.03779885768890381 0.09255837334526909
0 0.12629506587982178 0.3779106563991971 0.05448412895202637 0.08966903686523438
0 0.5468267321586608 0.1844834115770128 0.009562945365905762 0.045743285285102
3 0.737623217701912 0.4948518859015571 0.17859844565391542 0.3832413779364692
0 0.9776925086975098 0.9212777031792535 0.044614982604980466 0.14614427354600695
0 0.38261823952198026 0.29981532626681856 0.0175065815448761 0.07335722181532119
1 0.4637626647949219 0.21509262720743816 0.026371192932128907 0.05977399614122179
0 0.32984556928277015 0.39095732900831437 0.017787595093250275 0.08402884801228841
0 0.9001259326934814 0.59380554623074 0.027192068099975587 0.10495618184407553
0 0.6356445670127868 0.279590998755561 0.017786478996276854 0.06426160600450304
0 0.5565335154533386 0.2519004397922092 0.014412665367126464 0.05789197285970052
0 0.606077766418457 0.2934698846605089 0.01655097007751465 0.07041640811496311
0 0.32936708107590673 0.6649646123250326 0.018109162151813508 0.09229299757215711
0 0.9289304733276367 0.709661356608073 0.03873786926269531 0.13933190239800347
0 0.3814196527004242 0.3125524706310696 0.015201091766357422 0.04732716348436144
1 0.5099794864654541 0.1793506622314453 0.02277092933654785 0.04816949632432726
0 0.3917660593986511 0.6482991536458333 0.015962672233581544 0.12447484334309895
3 0.9652120232582092 0.582013914320204 0.06898086071014405 0.23030293782552083
0 0.3568161606788635 0.35856799019707575 0.02104904651641846 0.07590753767225478
0 0.26242952346801757 0.45326487223307294 0.022820377349853517 0.09380527072482639
0 0.29105894565582274 0.41766907109154594 0.017443370819091798 0.08108877076043022
0 0.3483788728713989 0.412166256374783 0.015367221832275391 0.07434285481770833
0 0.9820237398147583 0.8319234848022461 0.035425424575805664 0.12241537306043837
0 0.32948208376765253 0.6961294915941026 0.018339167535305022 0.15103096432156032
0 0.6058789491653442 0.3075997585741182 0.0183319091796875 0.03675432840569152
0 0.09952449798583984 0.35339318381415474 0.029202842712402345 0.060792096455891925
0 0.6360794186592102 0.2991261418659835 0.01557624340057373 0.020459654066427094
0 0.616703474894166 0.2884537272983127 0.01758878156542778 0.06545611487494575
0 0.2828536510467529 0.3947360568576389 0.022003746032714842 0.09412384033203125
0 0.47445024847984313 0.25730666054619683 0.01403449773788452 0.05429049597846137
0 0.8426773190498352 0.5663711971706814 0.02937138080596924 0.10627729627821181
3 0.6859002351760864 0.5073704719543457 0.06786184310913086 0.40575440724690753
1 0.4348316311836243 0.15996914439731175 0.02176661491394043 0.04645049836900499
1 0.4518651008605957 0.30591923660702175 0.0420151948928833 0.034060695436265734
0 0.8621837377548218 0.43104451497395835 0.04186820983886719 0.08233600192599827
0 0.812143886089325 0.4253904978434245 0.02809135913848877 0.07582100762261285
0 0.3282504975795746 0.9263925552368164 0.015712320804595947 0.1472148895263672
0 0.3632421851158142 0.6927644941541884 0.031299281120300296 0.036693233913845484
1 0.4638322353363037 0.18227166599697536 0.023490524291992186 0.047181055280897354
0 0.5770493030548096 0.2680643293592665 0.015815591812133788 0.05551617940266927
0 0.3257042276876746 0.2963414192199707 0.010636320110643282 0.057675107320149736
0 0.32634587995707987 0.9462828954060872 0.012066759914159775 0.10743420918782552
0 0.9257021069526672 0.672549925910102 0.05323784351348877 0.07627389695909288
0 0.3101631164550781 0.3558692084418403 0.01949615478515625 0.07248713175455729
0 0.6095211215317249 0.5040064917670356 0.01904224306344986 0.13427708943684896
0 0.5805314540863037 0.2274668163723416 0.015009498596191407 0.05709652370876736
0 0.28032145500183103 0.3768254942364163 0.018016481399536134 0.05055007404751248
0 0.49946720004081724 0.287711493174235 0.01693969964981079 0.07571803198920356
1 0.555582582950592 0.35007553100585936 0.06807868480682373 0.12237328423394098
0 0.5408851623535156 0.1614851262834337 0.009230852127075195 0.03654453489515516
0 0.313793408870697 0.397734096315172 0.01737205982208252 0.06070536507500542
0 0.2863622188568115 0.40791844262017146 0.024231338500976564 0.09246321784125434
0 0.9908674240112305 0.7725835164388021 0.018215179443359375 0.15581546359592013
0 0.9175299882888794 0.6676547050476074 0.035535430908203124 0.0646710925632053
0 0.359889455139637 0.314750083287557 0.016657564043998718 0.051722388797336157
0 0.9056212067604065 0.5488929960462782 0.026995348930358886 0.06360066731770833
0 0.3413065195083618 0.303463978237576 0.016295874118804933 0.06141832139756945
0 0.4457585453987122 0.9309943305121527 0.04404351711273193 0.1310345967610677
0 0.8433948993682862 0.5362592803107368 0.022499895095825194 0.07082547081841363
0 0.2909634470939636 0.33083869086371526 0.01842544078826904 0.06334499782986111
0 0.6022309899330139 0.25833154254489477 0.014917683601379395 0.05081157684326172
0 0.8746627569198608 0.7845262103610569 0.035780715942382815 0.12914882236056857
