0 0.9129578590393066 0.9185472276475695 0.07748031616210938 0.1551791720920139
0 0.2531853079795837 0.5542376624213324 0.030602574348449707 0.1377800835503472
0 0.5279122352600097 0.6681694878472222 0.03979926109313965 0.15057169596354167
0 0.8284789621829987 0.45597606235080296 0.058870351314544676 0.07832522922092014
0 0.5165874898433686 0.47585310935974123 0.02764679193496704 0.11712121963500977
0 0.737273371219635 0.4290558709038628 0.02646331787109375 0.09314236111111111
1 0.5348482012748719 0.26101386811998156 0.03441460132598877 0.06804824405246311
3 0.4218641757965088 0.49622633192274307 0.08909626007080078 0.2689612494574653
0 0.21832447052001952 0.7991007486979167 0.043834352493286134 0.20466698540581596
1 0.44383983612060546 0.2693903393215603 0.035836219787597656 0.07712279425726996
0 0.6685341835021973 0.31691839430067276 0.021474647521972656 0.08442408243815104
0 0.8359275817871094 0.7635540432400174 0.050881576538085935 0.16476203070746528
0 0.8408056735992432 0.6563529544406467 0.036404085159301755 0.10951631334092882
0 0.6222295045852662 0.26873873604668513 0.01667952537536621 0.06568050384521484
3 0.4611282408237457 0.21072079340616862 0.03289722204208374 0.07908013661702475
0 0.31490168571472166 0.2926311492919922 0.019751834869384765 0.07475145128038195
0 0.2624566316604614 0.9306587219238281 0.06287655830383301 0.13358425564236112
0 0.5053593158721924 0.31798951625823973 0.030404138565063476 0.05820125473870171
0 0.8836179733276367 0.7839753892686632 0.05048713684082031 0.15442335340711805
1 0.4111591726541519 0.2191496319240994 0.027685540914535522 0.05583470662434896
0 0.948618221282959 0.6854999118381077 0.06732120513916015 0.12792680528428818
0 0.3607230752706528 0.28327773412068685 0.013693851232528687 0.06384338802761502
0 0.34211530685424807 0.27484541998969186 0.01734781265258789 0.07013634575737847
0 0.5785203576087952 0.23457765579223633 0.013662457466125488 0.05494607289632161
0 0.6026005744934082 0.299945068359375 0.017533206939697267 0.073291015625
0 0.374941086769104 0.2929735819498698 0.01789059638977051 0.07497651841905383
0 0.5611430048942566 0.2443066808912489 0.013513016700744628 0.05800461239284939
0 0.31647961139678954 0.30840268929799397 0.016780948638916014 0.039027600818210176
3 0.7155459195375442 0.5215162383185492 0.06292755007743836 0.14867564307318792
0 0.8951735377311707 0.925223880343967 0.03918874263763428 0.12836981879340278
0 0.7029986619949341 0.2914608849419488 0.033550357818603514 0.06213344997829861
0 0.3758421063423157 0.30821360323267677 0.015212321281433105 0.03854242218658328
0 0.27641030550003054 0.3143341170416938 0.019208788871765137 0.0704698986477322
0 0.6026886105537415 0.3126949866612752 0.014278721809387208 0.04761219554477268
0 0.7563885152339935 0.38247868220011394 0.022208130359649657 0.07288299136691623
0 0.9560562252998352 0.6687298032972547 0.04622604846954346 0.08418278164333767
0 0.9260960459709168 0.9149576822916666 0.04391343593597412 0.16135771009657118
1 0.008346392959356307 0.44688256051805286 0.016692785918712615 0.08770630094740126
0 0.9192808628082275 0.6748881022135417 0.03231415748596191 0.07244601779513889
1 0.5741835594177246 0.3500281439887153 0.04861297607421875 0.10231908162434895
0 0.39686485528945925 0.22421029408772786 0.006067204475402832 0.048428641425238714
0 0.6044017993663147 0.312026392088996 0.008776002972444985 0.0462750064002143
3 0.9660328269004822 0.567213863796658 0.06696937084197999 0.2512179056803385
0 0.8698214054107666 0.4411176045735677 0.028206014633178712 0.06650594075520834
1 0.44404701590538026 0.2976753599113888 0.03836005926132202 0.017281615734100343
0 0.6046971384435892 0.298151175181071 0.009394276887178421 0.08035700056287977
0 0.3805976152420044 0.2357608053419325 0.01361541748046875 0.05481289757622613
1 0.7131710052490234 0.5281393686930339 0.06571025848388672 0.1494673834906684
3 0.3918469429016113 0.4697562747531467 0.016306114196777344 0.2474399142795139
0 0.703550112247467 0.30473678509394325 0.03279602527618408 0.03169579241010878
0 0.8100457847118377 0.41697680155436195 0.022773897647857665 0.06977589925130208
0 0.3602359786629677 0.30067672067218354 0.012353238463401795 0.023575663566589355
3 0.46585351824760435 0.12478155030144586 0.021472513675689697 0.057721085018581815
0 0.3773726627230644 0.2424546135796441 0.014276257157325745 0.051894929673936635
0 0.010428310930728912 0.3373793707953559 0.020856621861457824 0.08274029625786675
0 0.5172410070896148 0.19756127993265787 0.011869370937347412 0.04600695504082574
3 0.7006706714630127 0.5144343217213948 0.03921074867248535 0.15876643922593858
0 0.8271566867828369 0.7590538660685221 0.03535141944885254 0.1393778059217665
0 0.2171616733074188 0.8298854404025607 0.03639785051345825 0.14070985582139756
0 0.3220989314839244 0.29586562050713433 0.0035728629678487777 0.07060091230604383
1 0.7014264345169068 0.5182042863633898 0.03777213096618652 0.1520191616482205
0 0.43813703656196595 0.21690296596950956 0.01214665174484253 0.04340633816189236
0 0.9258360743522644 0.6840834723578559 0.04324448108673096 0.11240954928927951
