0 0.142914 0.768750 0.080809 0.187699
0 0.041936 0.754167 0.081933 0.186977
0 0.836577 0.533884 0.054181 0.146536
0 0.594402 0.243472 0.029343 0.073539
0 0.327988 0.458254 0.036285 0.120063
0 0.330578 0.297035 0.028596 0.063630
0 0.284419 0.311655 0.030685 0.068032
3 0.432192 0.256049 0.086007 0.217850
0 0.353416 0.236500 0.017659 0.061851
0 0.073376 0.392188 0.045242 0.083853
0 0.367225 0.292688 0.028489 0.069641
0 0.377869 0.213900 0.015594 0.061875
1 0.440635 0.313747 0.075039 0.101104
0 0.083477 0.392859 0.066186 0.086066
