0 0.6301465034484863 0.5001399570041233 0.06369514465332031 0.11019795735677083
0 0.8626935958862305 0.5655608283148872 0.056488037109375 0.10844184027777778
0 0.7958486080169678 0.5270439995659723 0.05305604934692383 0.10205196804470486
0 0.5506845474243164 0.7340443081325955 0.07606067657470703 0.15852220323350694
0 0.1734580874443054 0.5281568739149306 0.07180912494659424 0.11144782172309028
0 0.2951925277709961 0.600354258219401 0.08410491943359374 0.13383687337239583
0 0.15843554735183715 0.4332774692111545 0.05085480213165283 0.08974660237630208
0 0.06687101125717163 0.652786848280165 0.09335613250732422 0.1349877251519097
0 0.030077680945396423 0.49307037459479436 0.05925843119621277 0.07669608857896593
1 0.36104583740234375 0.34533514049318104 0.062652587890625 0.0859176927142673
0 0.31333147287368773 0.37661222881740997 0.02334287166595459 0.08518013424343533
0 0.631165423989296 0.32378644943237306 0.017201930284500122 0.07585027482774523
0 0.5672014474868774 0.3338288731045193 0.019794988632202148 0.08227536943223741
0 0.8460126161575318 0.46560134887695315 0.04426450729370117 0.08217502170138889
0 0.6404115676879882 0.6997144063313802 0.0377960205078125 0.1727812025282118
0 0.10338011682033539 0.4896394517686632 0.06798196434974671 0.08998345269097222
0 0.851259994506836 0.8307959662543403 0.05954608917236328 0.17841966417100694
0 0.42531479001045225 0.22740037706163194 0.012472307682037354 0.05651156107584635
0 0.11481857597827912 0.37183848487006294 0.0542733371257782 0.07689255608452691
0 0.7027103781700135 0.2928244484795464 0.03399727344512939 0.06047117445203993
0 0.4419974148273468 0.19797285397847494 0.010829126834869385 0.047584014468722874
0 0.39648386240005495 0.26590631273057724 0.013770294189453126 0.06265101962619357
0 0.3801770985126495 0.26093260447184247 0.015274119377136231 0.06287901136610242
0 0.644174113124609 0.6602809694078233 0.03923683911561966 0.10166028340657553
0 0.3275679059326649 0.2182776239183214 0.012816192209720611 0.053278075324164495
0 0.32193760871887206 0.3021023326449924 0.01758866310119629 0.07050842709011501
0 0.3249289680272341 0.30233242246839737 0.009232936054468155 0.07460261450873482
0 0.5713135004043579 0.2053007337782118 0.011791563034057618 0.04954778883192274
0 0.2893758177757263 0.5981006198459201 0.04983317852020264 0.12767096625434027
0 0.41357908248901365 0.21172176996866862 0.010809993743896485 0.04744226667616103
0 0.052418528497219084 0.4097987280951606 0.05280622541904449 0.08433202107747396
0 0.9337486267089844 0.5646884070502387 0.05578289031982422 0.10034985012478298
0 0.32169815301895144 0.31279105875227187 0.014867472648620605 0.04780433972676595
3 0.5172191321849823 0.20155971844991047 0.025019991397857665 0.06881113052368164
0 0.5443849802017212 0.1958068741692437 0.011577224731445313 0.047245724995930986
0 0.5533207297325134 0.1919966008928087 0.010851740837097168 0.04554586410522461
0 0.4574327290058136 0.17825445069207085 0.010235369205474854 0.0440103636847602
0 0.3973410040140152 0.17467220624287924 0.009563463926315307 0.04051845338609483
0 0.5630334854125977 0.6772414949205187 0.05135092735290527 0.06710014343261719
0 0.9245408296585083 0.5699359046088325 0.03504014015197754 0.07446356879340278
3 0.9701735258102417 0.5718691719902886 0.057982254028320315 0.2520601484510634
0 0.9911898612976074 0.8746871100531683 0.017620277404785157 0.1744878133138021
0 0.3059754610061646 0.33112819459703235 0.018937063217163087 0.07603257497151693
0 0.08620041012763976 0.43094183603922526 0.044664061069488524 0.0665214114718967
0 0.9453273773193359 0.4758694118923611 0.0450347900390625 0.08447333441840278
0 0.9677981615066529 0.5170808686150445 0.02972135543823242 0.07344773610432943
0 0.012519928812980651 0.34004669189453124 0.025039857625961302 0.0754058837890625
0 0.49990888833999636 0.2908599747551812 0.021718931198120118 0.07821996476915148
0 0.0547280877828598 0.655782487657335 0.06039490103721619 0.10931015014648438
0 0.6553352698683739 0.25168836381700305 0.019938316941261292 0.06031629774305555
0 0.4095506966114044 0.17892849180433484 0.009310495853424073 0.03817789289686415
0 0.013122025731718168 0.34984525971942476 0.02597710370318964 0.03967743184831407
0 0.8014474868774414 0.42026485866970487 0.05343475341796875 0.08881886800130208
0 0.8117023527622222 0.4262612024943034 0.02794731855392456 0.07178628709581163
0 0.11992687582969666 0.4938032097286648 0.0366212010383606 0.0780639754401313
0 0.09208914935588837 0.6658779568142361 0.04456496834754944 0.0891007317437066
1 0.5456783533096313 0.12466547754075792 0.01696333885192871 0.034792486826578775
0 0.37382081151008606 0.23477820290459528 0.01385856866836548 0.04900404612223307
0 0.5782000422477722 0.19288059340582953 0.011874079704284668 0.047371493445502386
0 0.6794956684112549 0.2709196620517307 0.022963953018188477 0.05286824968126085
0 0.7146192908287048 0.3442148314581977 0.011386418342590332 0.07458498213026259
0 0.7034649729728699 0.3047220481766595 0.032931971549987796 0.031666318575541176
0 0.07757051587104798 0.42574217054578994 0.04262716770172119 0.07345326741536458
0 0.9894482493400574 0.7502657148573134 0.020632481575012206 0.13652208116319445
0 0.32987814575899393 0.6144554562038845 0.01838458119891584 0.08812255859375
0 0.5586583018302917 0.15898024241129557 0.009951281547546386 0.03647602929009332
