0 0.3155521512031555 0.6018130196465387 0.05961730480194092 0.14888521830240886
0 0.26907169818878174 0.49155890146891273 0.044480514526367185 0.11777017381456163
0 0.7048139691352844 0.33853771421644424 0.030281639099121092 0.07841620975070529
0 0.37787182331085206 0.33757652706570096 0.028264236450195313 0.07455151875813802
0 0.12647329568862914 0.602054935031467 0.06423895359039307 0.1459366692437066
0 0.30670210123062136 0.3800043106079102 0.02966320514678955 0.08184157477484809
2 0.6504022598266601 0.3696578131781684 0.07996654510498047 0.1710632536146376
1 0.43157168924808503 0.307778803507487 0.0684895932674408 0.11574673122829861
0 0.2593235373497009 0.38071236080593535 0.028314900398254395 0.07493519253200955
0 0.29788132905960085 0.29767608642578125 0.02639591693878174 0.062396240234375
0 0.07849782705307007 0.3936999003092448 0.06095850467681885 0.091900634765625
0 0.3449780374765396 0.2854927274915907 0.024156558513641357 0.06568094889322916
0 0.12701255083084106 0.42174188825819225 0.03255548477172852 0.08539483812120226
3 0.6486279826611281 0.3710947513580322 0.0826912797987461 0.16441172493828668
0 0.7860842704772949 0.5193101671006944 0.055938339233398436 0.13319939507378473
0 0.22166945934295654 0.43676670922173394 0.035660171508789064 0.09215651618109809
0 0.3446843769401312 0.30320107804404367 0.024796617776155473 0.028256387180752223
0 0.3326974201219855 0.6058694839477539 0.02467109202989377 0.1512658437093099
0 0.3939937770366669 0.24275839063856336 0.02097320556640625 0.058385340372721355
0 0.3948286771774292 0.21577720642089843 0.01764655113220215 0.054240247938368055
0 0.3359178304672241 0.41439581976996526 0.03116464614868164 0.09350077311197917
1 0.26853188276290896 0.4919964949289958 0.04422934055328369 0.11688083012898763
0 0.35311255902051925 0.22537030114067924 0.01812969148159027 0.05117191738552517
1 0.6503662943840027 0.3690286742316352 0.07817938327789306 0.1671735339694553
1 0.2597579598426819 0.38105789290534126 0.029282593727111818 0.07457509570651584
0 0.5929350137710572 0.17785536448160807 0.012938594818115235 0.04598765903049045
