0 0.36227767914533615 0.3392374144660102 0.03602619469165802 0.08990819719102648
0 0.7451005578041077 0.5053658803304036 0.04750456809997559 0.12449459499782986
0 0.855044937133789 0.5993939717610677 0.06598682403564453 0.1577545166015625
0 0.07416578531265258 0.3917077382405599 0.05142244100570679 0.08743209838867187
1 0.8548721075057983 0.6028387917412652 0.0641408920288086 0.15299432542588975
0 0.40317578315734864 0.24319657219780816 0.01570281982421875 0.061831495496961805
0 0.38732818365097044 0.23430155648125542 0.013544774055480957 0.062015936109754775
0 0.37275558710098267 0.18878225220574274 0.009943222999572754 0.04596327675713433
0 0.3914790153503418 0.19260139465332032 0.014488601684570312 0.0472076416015625
0 0.4295705795288086 0.23061692979600695 0.015336418151855468 0.05372161865234375
