2 0.6413203835487366 0.28207581837972007 0.13481009006500244 0.26935352749294705
0 0.09260378181934356 0.5944664425320095 0.05660209059715271 0.16981133355034722
0 0.2339896082878113 0.4213549296061198 0.03254501819610596 0.07825495402018229
0 0.749050772190094 0.38005030155181885 0.0310380220413208 0.08498996628655328
0 0.8187854766845704 0.493058353000217 0.041866302490234375 0.11431172688802084
0 0.9764434814453125 0.7662408616807725 0.045330047607421875 0.19481608072916667
0 0.07813239097595215 0.39186108907063805 0.06320102214813232 0.07999954223632813
0 0.3635218381881714 0.2278034316168891 0.01657524108886719 0.06403925153944227
1 0.9764532208442688 0.7669090482923719 0.04645736217498779 0.1918908437093099
1 0.09275416433811187 0.5955646408928765 0.05560101866722107 0.17049876319037544
0 0.9790366053581238 0.6906936433580186 0.041926789283752444 0.0394889407687717
3 0.9762721300125122 0.7667108959621853 0.046521663665771484 0.18998536003960503
0 0.349989128112793 0.2275090005662706 0.014089441299438477 0.05310543908013238
0 0.49728825092315676 0.30115194903272724 0.018126368522644043 0.02395585272461176
0 0.323646728471067 0.2539181603325738 0.006654130369133782 0.055862977769639756
