1 0.6181708812713623 0.5420344458685981 0.10849957466125489 0.18545587327745225
0 0.07161201238632202 0.6245555453830295 0.07011177539825439 0.16472286648220485
1 0.5677876353263855 0.30383647282918297 0.059392762184143064 0.0912332534790039
0 0.9375036239624024 0.7331586201985677 0.06077995300292969 0.17486860487196182
0 0.7221924424171448 0.40295226838853626 0.043563246726989746 0.09781114790174696
0 0.6306371331214905 0.26889347500271266 0.019422078132629396 0.05825818379720052
1 0.5763438701629638 0.38377770317925347 0.06122579574584961 0.0984389411078559
0 0.701854994893074 0.3213789939880371 0.020787090063095093 0.07502833472357856
0 0.6822134882211686 0.321957270304362 0.020743578672409058 0.06998604668511285
0 0.5911150574684143 0.23338321050008137 0.01579329967498779 0.05142595503065321
1 0.07174880504608154 0.6211862246195475 0.06906266212463379 0.1688821792602539
0 0.657473349571228 0.27832279205322263 0.014921951293945312 0.05563023885091146
3 0.5680133461952209 0.3197368659079075 0.05971019268035889 0.059302587476041585
0 0.919446611404419 0.6789354112413194 0.025579309463500975 0.06435139973958333
3 0.6358392471214757 0.5423051834106445 0.0702668082434684 0.18743472629123265
0 0.07557477951049804 0.3932525634765625 0.052587127685546874 0.05853542751736111
0 0.48288688659667967 0.2215738296508789 0.01630585193634033 0.05044708251953125
0 0.6545332357287407 0.29735505647129484 0.021162357926368714 0.016932335164811876
0 0.6402326583862304 0.3465642293294271 0.025324058532714844 0.09032408396402995
0 0.7103834867477417 0.4106285095214844 0.019479751586914062 0.0799224853515625
0 0.9400591015815735 0.6782908757527669 0.06508529186248779 0.06442112392849392
3 0.9550369858741761 0.8144929356045193 0.08992602825164794 0.37101412879096135
0 0.6455724000930786 0.30327015108842814 0.015545368194580078 0.028437308729108837
1 0.7105753779411316 0.40227322048611114 0.019474244117736815 0.10740695529513888
0 0.6445176601409912 0.28744532267252604 0.01548299789428711 0.05954399108886719
