3 0.258190 0.573314 0.184007 0.275844
1 0.693409 0.860913 0.173662 0.266726
0 0.055738 0.645994 0.041098 0.145527
0 0.161060 0.725532 0.052504 0.169176
0 0.580801 0.502122 0.027699 0.116397
0 0.046378 0.480106 0.051089 0.103358
1 0.457017 0.550065 0.086653 0.194133
0 0.276324 0.918512 0.066096 0.156663
1 0.558838 0.424795 0.054574 0.119140
0 0.502476 0.450928 0.023085 0.112606
0 0.397394 0.408355 0.022952 0.102243
0 0.426999 0.290413 0.017141 0.075863
0 0.470182 0.356908 0.020336 0.093000
1 0.537923 0.301707 0.038741 0.076177
2 0.643228 0.373360 0.127773 0.238952
1 0.524284 0.228140 0.030346 0.059938
2 0.835458 0.708371 0.328095 0.582935
0 0.306436 0.429845 0.029294 0.093598
0 0.365122 0.320439 0.017717 0.077022
0 0.087155 0.365415 0.054623 0.081713
0 0.398986 0.340520 0.019386 0.080955
0 0.328975 0.267857 0.021422 0.067502
0 0.400001 0.262561 0.015784 0.066786
0 0.362011 0.610179 0.030742 0.138052
0 0.376904 0.507488 0.026751 0.116635
0 0.349563 0.380256 0.021633 0.091768
0 0.320040 0.393879 0.021091 0.088157
0 0.026999 0.434278 0.048450 0.093665
3 0.463972 0.160528 0.026584 0.071868
0 0.317099 0.347938 0.021721 0.077955
1 0.589402 0.236297 0.038760 0.055487
0 0.356333 0.473168 0.023883 0.104418
0 0.383158 0.229864 0.014869 0.061026
0 0.273634 0.437677 0.027890 0.072240
0 0.733931 0.381807 0.036896 0.076042
0 0.011171 0.338691 0.022226 0.079360
0 0.354675 0.457504 0.023112 0.102495
