3 0.7498372837901115 0.7777791023254395 0.20051845610141755 0.4444417953491211
1 0.5238621890544891 0.5800773408677843 0.09797321557998658 0.1760714636908637
0 0.7209376096725464 0.4616891860961914 0.02604806423187256 0.1015616946750217
1 0.6189154148101806 0.4891233444213867 0.06905083656311035 0.12854720221625435
1 0.5743839263916015 0.3383152008056641 0.056885719299316406 0.09584460788302951
1 0.45244317054748534 0.3326743994736009 0.04504683017730713 0.08584782919949956
3 0.3667471408843994 0.7777253044976129 0.15174779891967774 0.43299560546875
0 0.743167644739151 0.5191373189290365 0.03904069662094116 0.08971600002712674
0 0.7663626849651337 0.45319595336914065 0.029336631298065186 0.08922212388780382
0 0.2836503744125366 0.4142070134480794 0.02230548858642578 0.10030572679307725
3 0.7482425570487976 0.6330590777926974 0.19226624965667724 0.15610406663682724
0 0.30655272006988527 0.4839376237657335 0.024947929382324218 0.1164137946234809
0 0.11672190427780152 0.7565227932400174 0.04895813465118408 0.18879801432291668
3 0.37245638370513917 0.3659897009531657 0.05508723258972168 0.1542016241285536
0 0.5488363265991211 0.4432747734917535 0.026157474517822264 0.1080508761935764
0 0.06630502343177795 0.9188176261054145 0.057717525959014894 0.1621047549777561
0 0.0902596116065979 0.5797064039442275 0.05910305976867676 0.1353714836968316
0 0.6311187744140625 0.324798583984375 0.01987590789794922 0.08210637834337023
1 0.5346481382846833 0.2501078605651855 0.03411897420883179 0.06584025488959419
0 0.2258307456970215 0.4993468814425998 0.029371213912963868 0.12096277872721355
0 0.3500114783644676 0.2488610691494412 0.01603321135044098 0.06651727888319227
1 0.265518045425415 0.62413452996148 0.11340165138244629 0.1732227749294705
1 0.46363369226455686 0.19077175458272297 0.0248305082321167 0.049079312218560114
0 0.07334585189819336 0.39798583984375 0.058829236030578616 0.09545915391710069
0 0.6596550941467285 0.4142762925889757 0.023276710510253908 0.10101691351996528
0 0.266280996799469 0.501484383477105 0.027388834953308107 0.1182890150282118
1 0.40177443623542786 0.21779402626885308 0.024044060707092287 0.05654879675971137
0 0.899378776550293 0.5994382010565864 0.03041844367980957 0.10723525153266059
1 0.45441662073135375 0.2639914724561903 0.03708305358886719 0.06724283430311415
0 0.5192686080932617 0.7147354973687066 0.043367958068847655 0.13921254475911457
3 0.6849222183227539 0.7648540602789985 0.07078056335449219 0.41891680823432076
0 0.5343631744384766 0.8064776950412327 0.051138782501220705 0.1716223822699653
0 0.6216650202870369 0.27736372417873806 0.016709700226783752 0.06169075436062283
0 0.4744268834590912 0.9003035651312934 0.0392743706703186 0.10399602254231771
0 0.5286258697509766 0.9090174357096354 0.05836563110351563 0.13491787380642362
0 0.5534355163574218 0.7112398783365885 0.03695049285888672 0.1489654541015625
1 0.4107385158538818 0.49840321011013455 0.07571210861206054 0.13432100084092882
3 0.9644744157791137 0.5917955610487197 0.0703432559967041 0.22439151340060765
3 0.5091710090637207 0.16510639720492892 0.025663375854492188 0.05965346230400933
0 0.1198862373828888 0.6832063462999132 0.038570845127105714 0.05580952962239583
0 0.6565099000930786 0.30381107330322266 0.020853710174560548 0.06324657864040799
0 0.8632090449333191 0.43188887702094186 0.04304358959197998 0.0790087381998698
0 0.7140541911125183 0.4658867730034722 0.012421488761901855 0.11383573744032117
0 0.5692556381225586 0.2670100212097168 0.014315652847290038 0.05666001637776693
0 0.37496289014816286 0.2483702023824056 0.013495850563049316 0.06124172210693359
0 0.6669675827026367 0.35333429972330727 0.022749900817871094 0.07923583984375
3 0.6882228970527648 0.6316074583265516 0.06332595348358154 0.15900730556911893
0 0.4260958105325699 0.20147881507873536 0.015383332967758179 0.05041511323716905
0 0.522581297159195 0.1898540284898546 0.011149156093597411 0.04499804178873698
0 0.7030316948890686 0.2904908286200629 0.03262283802032471 0.06460028754340277
0 0.7036141157150269 0.304784980085161 0.032366180419921876 0.031792182392544215
0 0.4989822030067444 0.2895779185824924 0.016947317123413085 0.0765910890367296
1 0.38408081531524657 0.49396674897935655 0.031766223907470706 0.13060457441541884
0 0.6360234498977662 0.25389052497016057 0.015384817123413086 0.05718044704861111
0 0.9030398964881897 0.5486252148946126 0.027890610694885253 0.06611830393473307
0 0.6024533852934837 0.3588618596394857 0.004906770586967468 0.0810097164577908
1 0.3939599633216858 0.21945214801364474 0.012080073356628418 0.05008551279703776
0 0.5897585391998291 0.27528334723578557 0.015708351135253908 0.05564282735188802
3 0.3533963441848755 0.6997792667812771 0.09077033996582032 0.3031017515394423
3 0.2649069309234619 0.6601227230495876 0.11397342681884766 0.2506031460232205
0 0.6225177884101868 0.2968672662352522 0.01427619457244873 0.015440736338496209
0 0.05950736999511719 0.40959791607326934 0.030920636653900147 0.06543172200520833
0 0.551800537109375 0.6754625956217448 0.035573816299438475 0.07117487589518229
3 0.35491578578948973 0.6299841350979275 0.08940138816833496 0.16142446729871962
0 0.4399968385696411 0.175167629453871 0.009896111488342286 0.04103797276814779
0 0.5989938735961914 0.2734529707166884 0.01502852439880371 0.058451800876193574
0 0.7441021919250488 0.3611573961046007 0.025112342834472657 0.08232938978407119
0 0.08132666945457459 0.596551153394911 0.03996285200119019 0.1185705820719401
3 0.385960086574778 0.5686862309773763 0.12949887039139868 0.2848497602674696
0 0.01085442528128624 0.33965301513671875 0.02170885056257248 0.08432123396131727
0 0.6535398259758949 0.3119941790898641 0.017300114035606384 0.04621058040195041
