3 0.39725292678922414 0.3795268906487359 0.1458984661847353 0.38875293731689453
1 0.642428970336914 0.709783426920573 0.13074302673339844 0.26306067572699654
0 0.04968415498733521 0.6947096082899306 0.0786829948425293 0.19818119472927517
0 0.7003688842058182 0.37146117687225344 0.032740849256515506 0.08227607409159342
1 0.6393437266349793 0.6440487543741862 0.1280133008956909 0.13283568488226996
1 0.5675224900245667 0.3125901222229004 0.0635225534439087 0.10243977440728082
0 0.8700122117996216 0.7387482113308377 0.057361507415771486 0.16835556030273438
0 0.23186228275299073 0.5237342410617405 0.04650745391845703 0.15052981906467014
0 0.17978933453559875 0.5020876142713758 0.05049008131027222 0.12307332356770834
0 0.9088582754135132 0.6949155701531304 0.041345977783203126 0.14516887664794922
3 0.3632292985916138 0.43094905217488605 0.07290816307067871 0.2841203265719944
0 0.9071984887123108 0.6673046323988173 0.040785908699035645 0.08716468811035157
1 0.04962160550057888 0.6956172625223795 0.07941645458340645 0.19898382822672525
0 0.29244447946548463 0.3239103635152181 0.0219590425491333 0.08273457421196831
0 0.6462352752685547 0.301068115234375 0.01731696128845215 0.0661613040500217
0 0.6681872606277466 0.2933357238769531 0.020330524444580077 0.07477158440483941
0 0.6699983239173889 0.30944689088404026 0.018869614601135253 0.04110165225122021
0 0.8645420432090759 0.6822444703843858 0.05217177867889404 0.057021374172634545
0 0.6362365633249283 0.27633510165744357 0.012569063901901245 0.04683943854437934
1 0.04726233445107937 0.6527696397569445 0.07726682499051094 0.11565780639648438
0 0.047229647263884546 0.6521476321750217 0.07716749981045723 0.11792695787217881
3 0.5680396318435669 0.3272165420361691 0.06463828086853027 0.07575018881923623
0 0.4622084140777588 0.1616137769487169 0.014678740501403808 0.03522746827867296
0 0.6145745277404785 0.20828594631618924 0.016788291931152343 0.05204861958821615
1 0.8696550965309143 0.7386035283406576 0.05631458759307861 0.1677369435628255
