0 0.1289689928293228 0.6715155177646213 0.05849937796592712 0.1468457751803928
0 0.2667715072631836 0.4206798977322049 0.051184988021850585 0.11458858913845486
0 0.08780695497989655 0.5897964901394315 0.04913734793663025 0.12053782145182292
0 0.6888791203498841 0.325411319732666 0.03880510330200195 0.09547498491075304
0 0.8683481216430664 0.5492667304144965 0.058243942260742185 0.1489767286512587
0 0.07282881438732147 0.3955427487691244 0.043853193521499634 0.08916344112820096
1 0.26687208414077757 0.4220153941048516 0.05137636661529541 0.11452032195197212
0 0.5192057073116303 0.2693584548102485 0.028711426258087158 0.07669968075222439
1 0.6388882637023926 0.5504189809163411 0.11274757385253906 0.20526063707139758
0 0.36828956604003904 0.19896396530999078 0.013176727294921874 0.05063986248440212
3 0.8686532258987427 0.5476420826382107 0.056587600708007814 0.1508793936835395
0 0.7208067715168 0.35506537755330403 0.021342051029205323 0.06522189246283637
