0 0.7800505816936493 0.4658555136786567 0.06193939447402954 0.0847935570610894
1 0.5810707092285157 0.44955243004692924 0.14993529319763182 0.11761283874511719
0 0.3549575489014387 0.41598180135091145 0.050790075212717056 0.08916693793402777
0 0.16232086420059205 0.3802763303120931 0.04756522178649902 0.07655171288384331
0 0.08706126511096954 0.3655854304631551 0.0482806384563446 0.0698384443918864
0 0.6108108995947987 0.3433092647128635 0.02052017180249095 0.07687948015001085
1 0.5653335213661194 0.256378173828125 0.03666932582855224 0.06852565341525607
1 0.5570178270339966 0.3274077013134956 0.05840659141540527 0.07198428677188026
1 0.5268863677978516 0.20980038113064237 0.028510856628417968 0.05303226047092014
0 0.2493997573852539 0.3642738342285156 0.04280872344970703 0.08721722496880426
0 0.3202847957611084 0.3129238552517361 0.023295783996582033 0.076751708984375
0 0.43044109344482423 0.3971938239203559 0.04637889862060547 0.08938073052300347
0 0.5098078191280365 0.3196851677364773 0.01864811182022095 0.06159255769517687
0 0.04477916657924652 0.4198845757378472 0.05109612345695495 0.09430694580078125
1 0.4565566062927246 0.28213363223605686 0.03641042709350586 0.07764485677083334
0 0.42607477605342864 0.2990747027926975 0.01637151837348938 0.06922268337673611
0 0.7196451187133789 0.3615370856391059 0.02011737823486328 0.08682530721028646
0 0.46975055932998655 0.30575710932413735 0.015715909004211426 0.0687344233194987
0 0.013941964507102967 0.6334397210015191 0.027614730596542358 0.12245449490017361
0 0.6352572441101074 0.25593015882703996 0.018944168090820314 0.0668105231391059
0 0.3813774108886719 0.293680657280816 0.01739959716796875 0.06989284091525608
0 0.4912227988243103 0.3052099757724338 0.01690387725830078 0.07356472015380859
0 0.35471673011779786 0.2961526976691352 0.017966842651367186 0.06789697011311849
0 0.5809404015541076 0.21827483707004122 0.013949751853942871 0.050086127387152776
3 0.9678036570549011 0.5641414430406358 0.06337249279022217 0.254509523179796
0 0.4048821836709976 0.2912500699361165 0.016159135103225707 0.0647745132446289
0 0.5595829844474792 0.18819951481289335 0.012173914909362793 0.04573447969224718
0 0.7412964820861816 0.36938680013020836 0.0249786376953125 0.08720821804470485
1 0.4537311911582947 0.21763971116807726 0.029548263549804686 0.05753805372450087
0 0.5358091235160828 0.28306005265977646 0.015796828269958495 0.05263985527886285
0 0.8094282150268555 0.42594392564561634 0.03814435005187988 0.08075358072916666
0 0.8636082172393799 0.44092123243543835 0.04169731140136719 0.06193186442057292
0 0.676410561800003 0.26779582765367294 0.022649860382080077 0.05224378373887804
