1 0.6558187127113342 0.620113648308648 0.09995529651641846 0.17876930236816407
1 0.5332698464393616 0.6053628073798285 0.10516784191131592 0.18470353020562066
1 0.3357197046279907 0.5910485161675347 0.10900545120239258 0.21362219916449654
3 0.5997648715972901 0.3845259600215488 0.060168123245239256 0.14586344030168322
1 0.0537110686302185 0.3997674306233724 0.107422137260437 0.11272108289930556
0 0.22880382537841798 0.4076970789167616 0.03006148338317871 0.08291836844550239
0 0.5611565589904786 0.8188512166341145 0.04875106811523437 0.1829043918185764
0 0.2094921350479126 0.8097181532118055 0.044889402389526364 0.200421142578125
0 0.3690484046936035 0.799182383219401 0.051020574569702146 0.19377899169921875
0 0.792744493484497 0.5023704104953342 0.03390340805053711 0.10543687608506945
0 0.5491584062576294 0.4297739028930664 0.025907087326049804 0.10004556443956163
0 0.6431088328361512 0.47408748202853734 0.025106978416442872 0.09728800455729167
1 0.44295993745326995 0.3647313117980957 0.05210795998573303 0.12113509707980685
0 0.11320091485977173 0.9087843153211805 0.05877397060394287 0.17593282063802082
0 0.9526386260986328 0.8962560017903646 0.06942481994628906 0.18160146077473957
1 0.5447914242744446 0.2868455780877007 0.03686554431915283 0.06680325402153862
0 0.7947043061256409 0.6570816357930501 0.039327692985534665 0.14044827355278863
0 0.8438502073287963 0.6634594493442112 0.03615379333496094 0.13529211680094402
0 0.8866987228393555 0.9363931867811415 0.05685768127441406 0.12721362643771703
0 0.7006767988204956 0.478784434000651 0.02861480712890625 0.09913228352864584
0 0.7222129821777343 0.5250930786132812 0.032011222839355466 0.11654815673828126
0 0.2999170422554016 0.4255156358083089 0.02208755016326904 0.08903419706556533
3 0.4602784693241119 0.26113025877210827 0.0408638596534729 0.08953901926676432
0 0.899658203125 0.5995299445258246 0.03218345642089844 0.11958380805121528
0 0.32364907264709475 0.37643999523586696 0.017573165893554687 0.08166929880777994
1 0.43784406781196594 0.20722116894192166 0.027718961238861084 0.0591814464992947
0 0.28171672821044924 0.41227411958906385 0.017075347900390624 0.07486826048956977
1 0.39259555041790006 0.3223526938818395 0.04009184241294861 0.06653208519435591
0 0.6707030892372131 0.3575257725185818 0.02261345386505127 0.07381360795762804
0 0.6649849772453308 0.4462996164957682 0.02034714221954346 0.09036475287543402
1 0.40448746681213377 0.26678218841552737 0.03273954391479492 0.07079077826605903
3 0.42896907925605776 0.15308488210042318 0.025292813777923584 0.06114523145887587
0 0.6535872697830201 0.40091743469238283 0.021549510955810546 0.07522693210177951
0 0.38504796028137206 0.4471806844075521 0.027181720733642577 0.10977206759982638
0 0.33797996044158934 0.4161569383409288 0.019046306610107422 0.10080447726779514
3 0.5537290573120117 0.16907062530517578 0.03791828155517578 0.08220863342285156
0 0.7320456504821777 0.39583443535698787 0.025054359436035158 0.08284471299913194
0 0.3290129776345566 0.31466662089029945 0.016754690697416662 0.06709887186686198
0 0.3525651529431343 0.30471215777926974 0.017817673087120057 0.07017366621229383
0 0.3735131859779358 0.2639170222812229 0.016488862037658692 0.06740021175808376
0 0.5630632758140564 0.24798334969414604 0.015736699104309082 0.059838888380262585
0 0.582887864112854 0.24838134977552626 0.014558553695678711 0.058567110697428384
0 0.6364662885665894 0.2560661209954156 0.015491485595703125 0.05760822296142578
0 0.8399566173553467 0.5925723287794326 0.033766984939575195 0.08464781443277995
0 0.7390821099281311 0.44441646999782985 0.024390292167663575 0.09071748521592882
0 0.33900677524507045 0.24369874530368382 0.0146946020424366 0.05772986941867404
1 0.461339008808136 0.18533154593573675 0.021740651130676268 0.052954546610514325
0 0.6146422863006592 0.2682297494676378 0.01565380096435547 0.055996640523274736
0 0.5971871614456177 0.28046304914686415 0.01595339775085449 0.06052042643229167
0 0.6952853441238404 0.35621488359239367 0.018363475799560547 0.07233238220214844
3 0.967446255683899 0.5741057713826497 0.06412725448608399 0.2482117970784505
0 0.683384370803833 0.40680953131781683 0.02750258445739746 0.08674867418077258
0 0.30126817226409913 0.35081922743055555 0.022673606872558594 0.07913894653320312
3 0.05129334330558777 0.40745559003618026 0.10258668661117554 0.10338641802469889
0 0.49949222803115845 0.28949433432685007 0.017192387580871583 0.07572218577067057
0 0.34853889271616934 0.19306756655375162 0.016584278643131257 0.0445744514465332
0 0.7155440926551819 0.4577925364176432 0.009536814689636231 0.07838304307725695
0 0.6413712501525879 0.3155165672302246 0.018049144744873048 0.06602666642930773
2 0.5529144525527954 0.16553380224439834 0.037035560607910155 0.07837249967787001
0 0.815648877620697 0.4362789789835612 0.021352696418762206 0.07264823913574218
0 0.6435363173484803 0.37117235395643444 0.01844832897186279 0.08009223937988282
0 0.40249061584472656 0.3344195048014323 0.018297290802001952 0.08283439212375217
0 0.3605859473347664 0.3476770718892415 0.024882778525352478 0.06835638682047526
0 0.3632691979408264 0.45093502998352053 0.02487165927886963 0.07957016626993815
1 0.9528592705726624 0.8986636267768012 0.07411291599273681 0.17395155164930556
3 0.4609899759292603 0.1824100759294298 0.02211484909057617 0.05686008665296766
3 0.3731259942054749 0.4059217227829827 0.05374801158905029 0.1703762928644816
0 0.5175065577030182 0.17904961903889974 0.011932218074798584 0.04651476542154948
