0 0.100393 0.628563 0.085467 0.130373
0 0.716743 0.574906 0.067497 0.117733
0 0.941339 0.686626 0.050462 0.140546
1 0.180404 0.499364 0.167528 0.120233
0 0.426918 0.454894 0.050163 0.102813
0 0.855213 0.567774 0.061724 0.109800
0 0.486082 0.425393 0.041263 0.082920
0 0.667302 0.367910 0.025714 0.096035
1 0.490033 0.376399 0.092851 0.079773
0 0.603444 0.325010 0.020088 0.085189
0 0.943030 0.480010 0.060217 0.096501
0 0.570160 0.238248 0.015347 0.061472
0 0.310585 0.294125 0.019628 0.070853
0 0.019401 0.456249 0.038801 0.082579
0 0.755668 0.377473 0.025676 0.086921
3 0.240093 0.407764 0.171568 0.125858
0 0.331249 0.296485 0.019794 0.070091
1 0.409860 0.204785 0.028536 0.053704
3 0.458529 0.215711 0.039577 0.091363
0 0.545392 0.222409 0.014355 0.057536
0 0.369143 0.299154 0.018592 0.070604
0 0.489379 0.308883 0.023543 0.064984
0 0.354283 0.294019 0.017954 0.068317
0 0.863366 0.433617 0.048096 0.085203
1 0.444553 0.263326 0.034550 0.066103
0 0.391479 0.293590 0.018911 0.066177
0 0.831121 0.547565 0.041895 0.100837
0 0.470238 0.309107 0.019694 0.064495
0 0.405408 0.282758 0.016749 0.063234
0 0.022575 0.422139 0.045150 0.076402
0 0.446185 0.301048 0.023778 0.063622
0 0.976013 0.528413 0.046767 0.091493
0 0.038130 0.432780 0.040052 0.074284
0 0.028440 0.429467 0.055794 0.080381
0 0.804426 0.428594 0.044263 0.098541
0 0.840981 0.537087 0.058703 0.094923
0 0.582792 0.214075 0.014944 0.053773
0 0.009987 0.360038 0.019734 0.077439
0 0.484328 0.310623 0.029936 0.062305
0 0.528321 0.182295 0.012628 0.050608
0 0.450247 0.299231 0.027536 0.065940
