1 0.6135624289512634 0.5242254045274523 0.1112250566482544 0.18996531168619793
1 0.5673823595046997 0.2977725664774577 0.04879288673400879 0.08329982757568359
1 0.5748727440834045 0.37932527330186633 0.07045958042144776 0.09167758093939887
0 0.8844642281532288 0.6466301494174533 0.04941589832305908 0.1419393539428711
0 0.6283585071563721 0.2217636850145128 0.015292215347290038 0.04995123545328776
0 0.6984210312366486 0.31763123406304256 0.022344720363616944 0.07757882012261284
0 0.08571718335151672 0.3993379380967882 0.074107825756073 0.10492045084635417
0 0.6486906722187996 0.30567999945746527 0.020361253619194032 0.06552764044867622
1 0.6348543089581653 0.5191066318088108 0.06848831535317004 0.18721728854709202
0 0.6542072296142578 0.24962129592895507 0.021808767318725587 0.05152823130289714
0 0.751371955871582 0.4177682664659288 0.03407974243164062 0.09752909342447917
0 0.6702864050865174 0.25447399351331923 0.010921931266784668 0.04521236419677734
3 0.5662496328353882 0.3137318447025286 0.05032157897949219 0.048989593692951736
0 0.6052329260855913 0.3744091894891527 0.010465852171182632 0.08948688242170545
3 0.6346692347666248 0.5196719063652886 0.06849503037519752 0.18528599209255642
0 0.5899877548217773 0.25139410230848525 0.02096843719482422 0.057138146294487845
3 0.08595992177724839 0.40228497187296547 0.07436390221118927 0.10953451792399088
0 0.3967717051506042 0.502501466539171 0.006322169303894043 0.0756980472140842
