0 0.07428884208202362 0.6525299496120877 0.058707839250564574 0.11716232299804688
0 0.22622231245040894 0.5527320861816406 0.05153548717498779 0.14984105428059896
1 0.4163526177406311 0.3667684449089898 0.06360838413238526 0.13021967146131727
1 0.5279439926147461 0.22190122604370116 0.039520263671875 0.062025727166069876
0 0.6923770308494568 0.5489974975585937 0.04457962512969971 0.1304473876953125
1 0.5778960943222046 0.21603740056355794 0.04061126708984375 0.055080223083496097
0 0.37600718438625336 0.29475409189860025 0.02712499499320984 0.08955179850260417
0 0.07987353205680847 0.39595362345377605 0.061681044101715085 0.08935360378689236
0 0.288547670841217 0.30994106928507487 0.02567422389984131 0.06710563235812717
0 0.34065147638320925 0.3516523043314616 0.027506184577941895 0.07478334638807509
0 0.3447863101959229 0.28348345226711696 0.025591278076171876 0.0708317862616645
0 0.39240849018096924 0.3803968111673991 0.014997625350952148 0.10800579918755425
3 0.08053291738033294 0.3979268312454224 0.06308899521827697 0.08678007655673557
0 0.3234555133436515 0.19846484926011826 0.006253555267176125 0.0551770740085178
0 0.2632265567779541 0.9133458031548394 0.08247957229614258 0.1733083936903212
0 0.7102886199951172 0.2436295297410753 0.017381787300109863 0.042174339294433594
