1 0.767841 0.767368 0.161392 0.237323
0 0.831850 0.586831 0.046970 0.120252
0 0.306835 0.621771 0.030962 0.155268
0 0.883713 0.925759 0.083321 0.147095
0 0.357111 0.423298 0.022428 0.106938
0 0.201389 0.624706 0.035222 0.156882
0 0.718605 0.465554 0.051063 0.102602
0 0.263892 0.559720 0.030394 0.137638
0 0.881842 0.716231 0.047298 0.147073
0 0.355214 0.743227 0.041443 0.189990
1 0.442292 0.284847 0.036893 0.079879
0 0.872808 0.526652 0.063019 0.103084
0 0.316319 0.468307 0.023377 0.116923
0 0.685098 0.429694 0.043061 0.095371
0 0.572797 0.300878 0.021610 0.078919
1 0.565809 0.236927 0.032436 0.060796
0 0.615553 0.279237 0.017842 0.076362
0 0.367915 0.314023 0.017846 0.077219
0 0.778275 0.597302 0.040826 0.122430
0 0.752767 0.545431 0.037791 0.115515
1 0.512799 0.178983 0.027949 0.058285
0 0.295584 0.420994 0.021325 0.106722
1 0.393665 0.267776 0.037808 0.085323
0 0.020315 0.487176 0.040629 0.095035
0 0.347319 0.360101 0.020279 0.084904
0 0.190934 0.361691 0.044843 0.085010
0 0.602012 0.238687 0.015661 0.061936
3 0.460011 0.224293 0.038680 0.096251
0 0.331909 0.350462 0.019433 0.085123
0 0.298332 0.337846 0.024329 0.084672
0 0.693866 0.369122 0.026350 0.080653
0 0.262119 0.472506 0.026940 0.113250
0 0.977408 0.826817 0.045184 0.109145
1 0.531015 0.156814 0.020691 0.040100
0 0.950254 0.925791 0.060155 0.140925
0 0.285839 0.406099 0.022342 0.100303
0 0.726856 0.423071 0.027518 0.068198
0 0.863609 0.433673 0.045453 0.079667
0 0.811770 0.435573 0.031998 0.095718
