1 0.3123975396156311 0.6627773708767362 0.11057569980621337 0.09666748046875
1 0.30183069705963134 0.7458338843451606 0.13407015800476074 0.26145401000976565
1 0.6913470268249512 0.8733893500434028 0.18906230926513673 0.24877421061197916
0 0.7187776803970337 0.3936862627665202 0.027655601501464844 0.08801665835910373
0 0.3360241293907166 0.44408880869547523 0.02642943859100342 0.10863227844238281
0 0.5204494535923004 0.6684360186258952 0.03937638998031616 0.15568820105658637
1 0.937193775177002 0.9039452446831597 0.1256124496459961 0.18989800347222222
0 0.21610112190246583 0.5350246217515734 0.030351638793945312 0.12251642015245226
0 0.3303496837615967 0.32991544935438366 0.020868682861328126 0.08874138726128472
0 0.2888947486877441 0.5011447482638889 0.02529592514038086 0.12260860866970485
0 0.8052066802978516 0.5721177842881945 0.03738536834716797 0.12834625244140624
0 0.08604520857334137 0.36204776763916013 0.04716011881828308 0.0777107662624783
0 0.6196914792060852 0.36954488754272463 0.02067687511444092 0.0823818842569987
0 0.194233500957489 0.7057417127821181 0.040871930122375486 0.17665896945529513
0 0.28187832832336424 0.41368607415093317 0.024183130264282225 0.1023220486111111
0 0.6599101066589356 0.3074386172824436 0.01929483413696289 0.06933013068305122
0 0.40570969581604005 0.45848053826226126 0.043655776977539064 0.10256678263346354
0 0.42728567123413086 0.32443563673231335 0.018741035461425783 0.08769624498155382
1 0.5982420444488525 0.29102783203125 0.04488449096679688 0.07786322699652778
0 0.45637850761413573 0.6771195729573568 0.04081411361694336 0.1479442172580295
0 0.7122498273849487 0.39537001715766057 0.016017913818359375 0.08860270182291667
0 0.42385957539081576 0.2514963467915853 0.01395389437675476 0.06269490983751085
3 0.5102869033813476 0.1916276084052192 0.03125896453857422 0.07812478807237414
0 0.5116589546203614 0.473695797390408 0.028759002685546875 0.11688791910807292
0 0.1966502845287323 0.6636197408040364 0.042668163776397705 0.094854736328125
0 0.6399559020996094 0.3283724890814887 0.018738746643066406 0.08205134073893229
1 0.5538229465484619 0.19931237432691787 0.023827171325683592 0.047707419925265844
1 0.6109668709337711 0.2914422988891602 0.021933741867542267 0.07922214931911892
0 0.384061861038208 0.30138946109347875 0.01841311454772949 0.07998407151963975
0 0.415615177154541 0.6935757954915365 0.04596822261810303 0.15606570773654513
0 0.4038607329130173 0.19751784536573622 0.01229071021080017 0.05202389823065864
0 0.4240144580602646 0.18690428204006618 0.010769158601760864 0.04673370785183377
0 0.47206554412841795 0.5181868235270183 0.043311023712158205 0.11197764078776042
0 0.3846393942832947 0.3137682305441962 0.016338801383972167 0.04975868331061469
0 0.4772588014602661 0.2882492701212565 0.01758701801300049 0.06856858995225694
0 0.44342632293701173 0.5844319661458334 0.039420700073242186 0.10542619493272569
0 0.8617418766021728 0.4352650324503581 0.042129135131835936 0.0702522701687283
0 0.3675213724374771 0.22141759660508897 0.013363057374954223 0.05270474751790365
0 0.39244613647460935 0.47014032999674477 0.01510772705078125 0.09809604220920139
0 0.5868755102157592 0.1824181768629286 0.013356781005859375 0.04744184282090929
1 0.46358944177627565 0.13753314548068576 0.017852282524108885 0.04216213226318359
3 0.9664724826812744 0.5646934509277344 0.06620941162109376 0.2640488518608941
0 0.6362691044807434 0.2963031662835015 0.015802282094955444 0.0632852554321289
0 0.3517808675765991 0.26968247095743814 0.014937591552734376 0.06737986670600044
0 0.37915669083595277 0.2744246376885308 0.016738176345825195 0.0661590576171875
1 0.2836047649383545 0.9350624084472656 0.12462921142578125 0.12643958197699653
0 0.38004845678806304 0.21288513607449003 0.012519878149032593 0.05040791829427083
0 0.4293362617492676 0.523460430569119 0.04886894226074219 0.10375247531467013
1 0.5345568537712098 0.17381351788838703 0.019521117210388184 0.03966925938924153
0 0.47638973593711853 0.3060401055547926 0.01546543836593628 0.03430243333180746
0 0.4089820235967636 0.662054083082411 0.03978710770606995 0.09811405605740017
0 0.7022097826004028 0.29114136166042753 0.03346376419067383 0.06179411146375868
1 0.6111478899430949 0.3096476329697503 0.02210606544977054 0.04151748816172282
0 0.8132694721221924 0.4381067699856228 0.026208162307739258 0.07655016581217448
0 0.3943647027015686 0.683080588446723 0.011262965202331544 0.10560777452256945
0 0.3511224389076233 0.29473492066059004 0.012141585350036621 0.011672718789971745
0 0.3460810899734497 0.2538556416829427 0.016421794891357422 0.06186146206325955
1 0.33317853659391405 0.9380666097005208 0.025732073187828063 0.12386678059895834
0 0.6024678707122803 0.8249872631496853 0.03216814994812012 0.11513998243543837
3 0.4946148872375488 0.12918570306566027 0.02221858501434326 0.055075020260281035
1 0.598213541507721 0.30893675088882444 0.05009658336639404 0.04009572399987115
0 0.6356973245739936 0.3078279905849033 0.014845308661460877 0.03787820339202881
0 0.3478959083557129 0.2668170505099826 0.019283008575439454 0.07004080878363715
0 0.4719990730285645 0.46143082512749567 0.038362884521484376 0.08532943725585937
