0 0.6860675811767578 0.5905036502414279 0.0673910140991211 0.11801639133029514
1 0.4452843010425568 0.3640258603625827 0.11603494882583618 0.09866014586554633
0 0.08585856556892395 0.3657256497277154 0.0476127028465271 0.07089094585842556
0 0.33206324934726583 0.43388036092122395 0.022907655243761836 0.11274515787760417
0 0.31461162567138673 0.4408005608452691 0.05989789962768555 0.09598982069227431
0 0.11181007623672486 0.4564436806572808 0.05520851612091064 0.08065740797254774
0 0.19644995927810668 0.4725494384765625 0.06550967693328857 0.09188978407118055
0 0.5987802863121032 0.3772033055623372 0.02223250865936279 0.08569662306043836
0 0.14404568076133728 0.3972727245754666 0.044377028942108154 0.07934599982367621
1 0.5581201553344727 0.3150909423828125 0.050594329833984375 0.0713208516438802
0 0.21700315475463866 0.7295153299967448 0.04921122789382935 0.1817686292860243
0 0.749897813796997 0.5571999443901909 0.05463552474975586 0.1110992431640625
0 0.5943394064903259 0.2525077607896593 0.01426842212677002 0.062397935655381945
0 0.3460819074884057 0.3695969992213779 0.04445190839469433 0.07431208557552761
1 0.45663965940475465 0.27935883204142253 0.03604068756103516 0.07568047841389974
0 0.3032556176185608 0.32633896933661566 0.017660927772521973 0.07586303287082248
0 0.5788037538528442 0.25463634067111546 0.013692998886108398 0.059258355034722224
0 0.5372273445129394 0.26541714138454864 0.016922950744628906 0.06630825466579861
1 0.5578226923942566 0.21237035327487522 0.027573227882385254 0.055200809902615014
0 0.49234116077423096 0.3013718711005317 0.018994975090026855 0.07007730272081163
0 0.6355381965637207 0.2556348588731554 0.018458080291748048 0.06720682779947916
3 0.9675424575805665 0.5649612214830186 0.06471304893493653 0.26130154927571614
1 0.45375362038612366 0.2081319597032335 0.029066789150238036 0.055268478393554685
1 0.22848930358886718 0.4077770233154297 0.098241126537323 0.08624284532335069
0 0.22265030145645143 0.6715404722425673 0.04233267307281494 0.07914127773708768
0 0.605453435110394 0.3715735541449653 0.01063160642515868 0.08966064453125
0 0.7331501960754394 0.37206970850626625 0.02789604663848877 0.08416165245903863
0 0.24640491008758544 0.4520700242784288 0.04496111869812012 0.08390706380208333
0 0.5343731284141541 0.22064438925849067 0.012436223030090333 0.049423832363552515
0 0.354190368950367 0.2949621942308214 0.01817859709262848 0.06459568871392143
0 0.010823047161102295 0.46710840861002606 0.02164609432220459 0.09433712429470487
0 0.37262722551822663 0.3205159929063585 0.032591217756271364 0.06792649163140191
0 0.33216098910197617 0.29552266862657334 0.019509141333401203 0.07230699327256944
0 0.4257863849401474 0.2910037570529514 0.01639881730079651 0.05688383314344618
0 0.393486487865448 0.35540564854939777 0.013027024269104005 0.08393357594807943
0 0.5875968217849732 0.19378679593404133 0.01196737289428711 0.046862655215793185
0 0.3864421844482422 0.19526421229044597 0.015339040756225586 0.05227430131700304
0 0.4834775269031525 0.24195163514879015 0.01400526762008667 0.05423929426405165
0 0.7122565507888794 0.324429268307156 0.016097402572631835 0.06767580244276258
0 0.31920136213302613 0.2948680665757921 0.018449234962463378 0.06757655673556857
0 0.8135122656822205 0.4353473663330078 0.02645714282989502 0.07706815931532118
0 0.2440533995628357 0.4518172793918186 0.02532494068145752 0.08012258741590712
0 0.5211603164672851 0.18741193877326118 0.01123347282409668 0.045285638173421225
0 0.38348662853240967 0.288116020626492 0.01786346435546875 0.062278429667154946
0 0.5109252035617828 0.2118758201599121 0.011545717716217041 0.048509237501356335
0 0.17873268723487853 0.44400435553656686 0.03897093534469605 0.06872812906901042
0 0.7026474475860596 0.2906503783331977 0.034248971939086915 0.060546853807237414
0 0.8618273138999939 0.43380345238579643 0.04227759838104248 0.0717616187201606
0 0.7168693661689758 0.32646037207709416 0.026621294021606446 0.06316176520453559
0 0.6762762546539307 0.26735969119601777 0.024594879150390624 0.052801725599500866
0 0.18266465067863463 0.4817888418833415 0.039610445499420166 0.07427280214097765
1 0.45678306818008424 0.3029595030678643 0.03508815765380859 0.028141228357950847
0 0.35381786376237867 0.308108745680915 0.020172843337059022 0.03843971358405219
0 0.7035514831542968 0.3029812468422784 0.03274016380310059 0.027829821904500326
0 0.3651177629828453 0.2259200308057997 0.01403612196445465 0.04715925852457682
0 0.011980526894330979 0.34593378702799477 0.023961053788661958 0.08601896497938367
0 0.3637138843536377 0.3284717983669705 0.023322200775146483 0.06490018632676867
0 0.32471283674240115 0.4367147021823459 0.03795082569122314 0.10567071702745226
