3 0.413904 0.585368 0.105554 0.326990
0 0.772377 0.434711 0.051900 0.089628
0 0.039022 0.471535 0.068921 0.103324
0 0.210738 0.665042 0.038703 0.168822
0 0.506451 0.607610 0.029644 0.138691
0 0.616049 0.907886 0.052590 0.162466
1 0.443874 0.271403 0.035588 0.075639
0 0.922849 0.661281 0.080587 0.125923
0 0.315801 0.294774 0.018670 0.074376
0 0.708537 0.380779 0.025569 0.092223
0 0.652010 0.287241 0.020011 0.074947
0 0.925248 0.472071 0.056842 0.090979
0 0.341923 0.320588 0.021327 0.084870
1 0.678007 0.448819 0.052500 0.122383
0 0.582479 0.255803 0.016117 0.063766
1 0.406490 0.224772 0.030505 0.061978
1 0.559049 0.295526 0.041825 0.083512
1 0.525083 0.236796 0.031513 0.064443
0 0.763755 0.681672 0.045610 0.127545
0 0.017237 0.532671 0.034473 0.110501
0 0.511876 0.310583 0.029216 0.077528
0 0.604808 0.242625 0.016087 0.063324
0 0.358367 0.285796 0.016892 0.072442
0 0.864332 0.428620 0.046955 0.087881
0 0.770584 0.587666 0.068241 0.122724
3 0.462991 0.225105 0.031540 0.089481
0 0.755175 0.375510 0.024950 0.079833
0 0.966542 0.505376 0.059041 0.077148
0 0.771332 0.560728 0.059131 0.121788
0 0.794975 0.619757 0.034567 0.130579
0 0.012003 0.340400 0.024006 0.072485
0 0.373061 0.249771 0.015715 0.063735
0 0.522925 0.481493 0.025549 0.120122
0 0.339079 0.278910 0.016787 0.070594
0 0.808776 0.426000 0.030956 0.095651
0 0.553257 0.223211 0.013071 0.054235
