0 0.1668999671936035 0.7755365159776476 0.0898505687713623 0.21702643500434027
0 0.2675048828125 0.5427426338195801 0.0444608211517334 0.12679148779975044
0 0.6484792351722717 0.3124273829989963 0.023292231559753417 0.08274411095513237
0 0.12708694338798524 0.661757575141059 0.05029796361923218 0.09870707194010417
0 0.36231247186660764 0.33920797771877714 0.03143241405487061 0.07457112206353081
0 0.11128261685371399 0.5818851894802517 0.04612888097763061 0.10492782592773438
1 0.5786106586456299 0.2577825334337023 0.039922332763671874 0.06529100206163195
0 0.3271912455558777 0.2791400909423828 0.012596440315246583 0.060968017578125
0 0.07318511009216308 0.39179679022894964 0.04790177047252655 0.08538869222005209
0 0.406332916021347 0.23304510116577148 0.019763088226318358 0.07745655907524956
1 0.1588203251361847 0.7539564344618056 0.10344928503036499 0.26053220960828993
0 0.3754745051264763 0.2612362013922797 0.020886746048927308 0.05471685197618273
0 0.1790152370929718 0.6890775680541992 0.05317620038986206 0.043759197658962676
0 0.33736473321914673 0.28597404691908096 0.012586665153503419 0.05823866526285807
0 0.3587556049227715 0.2789875030517578 0.021769365668296813 0.05319879319932726
