1 0.6803521886467934 0.5234920236799452 0.11433975398540497 0.16430690553453234
0 0.2651084065437317 0.503789816962348 0.04308178424835205 0.1484263949924045
1 0.35048245191574096 0.37150384055243596 0.0649498701095581 0.09792698754204644
1 0.558327031135559 0.32051880094740126 0.06343674659729004 0.11073419782850477
0 0.5414846420288086 0.511175627178616 0.031551361083984375 0.11558239195081922
0 0.6978203982114792 0.4063961452907986 0.03026779294013977 0.0958207024468316
1 0.42895412147045137 0.35174924002753366 0.05760830044746399 0.11816103193495009
3 0.38220031261444093 0.5965484619140625 0.1363213062286377 0.40209842258029516
0 0.16484237909317018 0.5312530305650499 0.0355069637298584 0.11744923061794704
0 0.07687933444976806 0.3963464525010851 0.053742408752441406 0.06605784098307292
0 0.2221686601638794 0.4077545166015625 0.02582235336303711 0.08341174655490452
0 0.40218969285488126 0.2550026469760471 0.016060465574264528 0.067867554558648
3 0.3582881212234497 0.5623268339369032 0.08300070762634278 0.2957993825276693
3 0.42870416939258577 0.3512258148027791 0.05688120722770691 0.12017613732152516
0 0.3484018564224243 0.3010299258761936 0.02195768356323242 0.06149139404296875
2 0.42867629826068876 0.35093933956490625 0.05677196383476257 0.12051834099822574
0 0.6777095794677734 0.2599385579427083 0.016054534912109376 0.059779188368055555
