0 0.33275086879730226 0.407589594523112 0.0320953369140625 0.09546941121419271
1 0.41209224313497544 0.5138204839494493 0.0919580489397049 0.1950230386522081
0 0.2588992238044739 0.5286953184339735 0.04452717304229736 0.1211824205186632
0 0.6349965438246727 0.2958510398864746 0.019218710064888 0.06229674021402995
0 0.3242794513702393 0.27884482277764217 0.020293664932250977 0.06041948530409071
0 0.14830812811851501 0.542383278740777 0.04886103868484497 0.14993150499131944
0 0.3593132019042969 0.2947493553161621 0.016869354248046874 0.059291309780544706
0 0.30762466192245486 0.3331654368175401 0.021843981742858887 0.08231009807851579
0 0.0815762996673584 0.39416368272569446 0.07628755569458008 0.08914540608723959
0 0.6357121109962464 0.3098957273695204 0.020778298377990723 0.04201367696126302
0 0.3226288676261902 0.29856063193745086 0.018510651588439942 0.01873644060558743
0 0.3588242530822754 0.3059746442905938 0.01630808711051941 0.03402802308296992
0 0.3511538028717041 0.333284420437283 0.021339893341064453 0.06331276363796658
1 0.3835046410560608 0.5064221911960178 0.03298432826995849 0.19203597174750434
0 0.4008182644844055 0.2506746398078071 0.017999231815338135 0.058439021640353736
0 0.32640579640865325 0.2988837160066598 0.011943262815475465 0.01937673408538103
0 0.4304035246372223 0.2871611489189996 0.015477907657623292 0.06055806477864583
0 0.4701135754585266 0.22956211302015517 0.02425515651702881 0.06402581532796224
3 0.08388376533985138 0.3992083019680447 0.08183550238609313 0.08948366377088758
0 0.5076463699340821 0.31064232482264437 0.01955280303955078 0.04311233042842812
0 0.329161262512207 0.3459832085503472 0.0241119384765625 0.08039429982503256
0 0.4723493576049805 0.23903348710801867 0.017661666870117186 0.06825688680013021
0 0.38720226287841797 0.29112396240234373 0.018199729919433593 0.07248925103081597
