0 0.19849674701690673 0.8106206258138021 0.09067511558532715 0.21716715494791666
2 0.5325494468212127 0.21255758073594835 0.06070328950881958 0.10928615993923611
0 0.8389226913452148 0.615520731608073 0.06700897216796875 0.16100429958767362
0 0.15183858275413514 0.5176130082872179 0.04679335355758667 0.10981038411458334
0 0.32300304174423217 0.31388617621527776 0.03161475658416748 0.07697999742296006
0 0.6498355492949486 0.3395655737982856 0.03286861479282379 0.08721830579969618
0 0.19715628027915955 0.6017807430691189 0.0593661904335022 0.14131783379448784
1 0.40201089680194857 0.3018629709879557 0.04862801432609558 0.07252379523383247
1 0.4206528663635254 0.3735248141818576 0.062230372428894044 0.11487494574652778
1 0.19860988855361938 0.812510871887207 0.09028589725494385 0.21713133917914496
0 0.26987433433532715 0.3826185014512804 0.03567938804626465 0.09883660210503473
0 0.36798280477523804 0.2823107083638509 0.022287142276763917 0.06186839209662543
3 0.400611212849617 0.3134194400575426 0.05041221976280212 0.0490611023373074
0 0.3662349611520767 0.2071724944644504 0.019643932580947876 0.06556054221259223
1 0.8386971831321717 0.6174026913113064 0.06623523235321045 0.16165050930447047
0 0.3885310053825378 0.3004429817199707 0.022937989234924315 0.06610020531548394
0 0.015241421163227641 0.8457410600450304 0.03044404208631022 0.16371392144097222
3 0.4207092046737671 0.3744357996516757 0.06241476535797119 0.11453769736819797
0 0.39438217878341675 0.3836422496371799 0.011235642433166503 0.09446629418267144
2 0.4208248883485794 0.3741904589864943 0.06267513632774353 0.11316046979692247
1 0.5339907169342041 0.21425272623697916 0.059949207305908206 0.10517425537109375
0 0.38589916229248045 0.21048007541232638 0.017162799835205078 0.06071828206380208
0 0.3468892492353916 0.2234214570787218 0.013728533685207368 0.04520840115017361
