0 0.19045524597167968 0.7424019707573785 0.1007143497467041 0.14941304524739582
3 0.45218034982681277 0.2531553162468804 0.046422505378723146 0.123886595831977
0 0.6243581533432007 0.6964175118340387 0.04535617828369141 0.1551155514187283
0 0.3752414703369141 0.5898057725694444 0.03305330276489258 0.146826171875
0 0.3147855758666992 0.5778255886501736 0.035248088836669925 0.13441229926215278
1 0.1575010299682617 0.5284552680121528 0.13409080505371093 0.14736497667100695
0 0.7183016777038574 0.47651231553819445 0.062457847595214847 0.09835578070746528
0 0.44788455963134766 0.7515448676215277 0.042578697204589844 0.18672383626302083
0 0.394043493270874 0.7747450086805555 0.038814353942871097 0.19305894639756943
0 0.5073970794677735 0.752608150906033 0.04057254791259766 0.1873204549153646
0 0.27782217264175413 0.5491887834337023 0.028287005424499512 0.1292645772298177
0 0.8335587501525878 0.6612900627983941 0.03593521118164063 0.14725613064236112
1 0.5503382563591004 0.34226914511786566 0.05011770725250244 0.0841909408569336
0 0.708440101146698 0.36187575658162435 0.020814061164855957 0.08221111297607422
0 0.3178022146224976 0.9267147488064236 0.06079821586608887 0.14389478895399305
0 0.6273931980133056 0.41329725053575306 0.018727272748947144 0.08485527038574218
0 0.7048656463623046 0.6821131388346354 0.03987579345703125 0.15854216681586372
0 0.3096290469169617 0.3134349611070421 0.020976614952087403 0.07390793694390191
0 0.025778842344880103 0.4990849600897895 0.03169690892100334 0.10500933329264323
0 0.32630444765090943 0.5156606091393365 0.02686889171600342 0.10847578048706055
2 0.219569593667984 0.37327891770336363 0.13566077947616578 0.1579161051246855
0 0.3357881784439087 0.7410345289442274 0.03867735862731934 0.1785159640842014
0 0.6137288618832827 0.37765771018134225 0.017773761600255965 0.08192306094699436
0 0.08665162324905396 0.3617345915900336 0.047031521797180176 0.07706623077392578
0 0.8602270007133483 0.5850201500786676 0.03187320232391357 0.12095608181423612
0 0.5943567514419555 0.353129333919949 0.017850446701049804 0.07661986880832249
0 0.8615051507949829 0.42749671936035155 0.040877246856689455 0.07508773803710937
0 0.5018507599830627 0.30066471099853515 0.028046679496765137 0.07540952894422744
0 0.40151831805706023 0.29128886328803166 0.01751123070716858 0.07248704698350694
0 0.6065443992614746 0.22370877795749242 0.01465764045715332 0.05544223785400391
0 0.37859300523996353 0.2976068496704102 0.01675640046596527 0.07458233303493923
0 0.4095967382192612 0.23597296608818902 0.013496989011764526 0.057389386494954425
1 0.5690776348114014 0.21089642842610676 0.03360691070556641 0.06515282524956598
0 0.38740155696868894 0.20716751946343315 0.01265873908996582 0.04807824028862847
0 0.044457358121871945 0.7387813991970487 0.08403575420379639 0.12972513834635416
0 0.6782023429870605 0.44935315450032554 0.0499053955078125 0.09385994805230034
0 0.683777904510498 0.6341228485107422 0.036474418640136716 0.14304512871636285
0 0.11638883352279664 0.7076753404405381 0.07317502498626709 0.10781152513292101
0 0.37747982144355774 0.2418199963039822 0.013871192932128906 0.054981825086805554
0 0.6276788592338562 0.24951950709025064 0.01542370319366455 0.05360503726535373
0 0.3421542406082153 0.2962565739949544 0.020658159255981447 0.0736901601155599
3 0.2184882342815399 0.32287028630574544 0.14036608934402467 0.24762694040934244
0 0.5682336568832398 0.2941238827175564 0.016091537475585938 0.06090588039822049
0 0.6817171573638916 0.32496749030219185 0.0175015926361084 0.06914842393663194
0 0.03837342262268066 0.6368147956000434 0.06513921022415162 0.12002682156032986
0 0.36030552387237547 0.2951745669047038 0.019299077987670898 0.07406194474962023
0 0.8135039925575256 0.43417330847846136 0.02646782398223877 0.08041436937120226
0 0.08702024817466736 0.6435843997531467 0.058104312419891356 0.12770945231119793
3 0.9657848000526428 0.5790959888034397 0.06682159900665283 0.24107237921820746
1 0.6233198842499406 0.3038846333821615 0.044958879332989456 0.06052665710449219
0 0.2934742093086243 0.4879109064737956 0.025310444831848144 0.08967679341634115
0 0.24520424604415894 0.4717569139268663 0.029722762107849122 0.08069449530707465
0 0.009088906197575852 0.7799609502156576 0.01796504050726071 0.1173548804389106
0 0.43306009769439696 0.16767117182413738 0.009542274475097656 0.037775611877441405
0 0.38947784900665283 0.6863883548312717 0.020970678329467772 0.049417877197265626
3 0.4533118665218353 0.3023759669727749 0.03827255964279175 0.02673340638478597
0 0.7044244050979614 0.30349019871921173 0.031135034561157227 0.028995646898531253
0 0.17909794449806213 0.6828243043687608 0.04961193799972534 0.05657361348470052
0 0.011908523738384247 0.3438575744628906 0.023817047476768494 0.08661632537841797
0 0.5537418246269226 0.15351214938693578 0.01001136302947998 0.03823235829671224
0 0.8877952575683594 0.5133149888780382 0.07174911499023437 0.10959421793619792
1 0.6692300796508789 0.38665618896484377 0.051114654541015624 0.08803185356987847
0 0.23656574487686158 0.5335601594712999 0.030909037590026854 0.10479443868001302
0 0.42782312631607056 0.20163271162245008 0.010961675643920898 0.04483782450358073
0 0.7890363693237304 0.4225679185655382 0.03910675048828125 0.08984747992621528
2 0.163305401802063 0.5290480083889432 0.1379927158355713 0.1420617421468099
1 0.14331360459327697 0.42352492014567056 0.05243450403213501 0.07676618364122179
1 0.10306375771760941 0.6527214262220594 0.117189821600914 0.1167793697781033
