0 0.6746186465024948 0.33044777976142037 0.033217376470565795 0.07752395206027561
0 0.26506630182266233 0.5605817370944552 0.04574921131134033 0.15391752454969618
0 0.1040144681930542 0.7957934909396701 0.09221799373626709 0.26105312771267364
0 0.29448124170303347 0.3672696789105733 0.03679993152618408 0.09259691503312853
0 0.30932419300079345 0.4330200566185845 0.028679895401000976 0.06506526735093858
0 0.3457649707794189 0.31230174170600045 0.02754511833190918 0.09189135233561198
1 0.103789684176445 0.7977836185031467 0.09392889142036438 0.26232689751519095
0 0.30895538330078126 0.4128694322374132 0.030809688568115234 0.106927490234375
0 0.7119664013385772 0.24249966939290366 0.013755953311920166 0.039452446831597224
0 0.07695989608764649 0.39702585008409286 0.055871105194091795 0.06735610961914062
3 0.10235120952129365 0.7987344106038411 0.09246986508369445 0.2578306410047743
