3 0.389146 0.756052 0.147983 0.467622
3 0.894643 0.810575 0.207943 0.378765
0 0.701105 0.344344 0.023992 0.089177
0 0.653485 0.404773 0.023766 0.101690
1 0.448804 0.457571 0.057955 0.130929
0 0.626437 0.302105 0.017917 0.078504
0 0.660114 0.285608 0.019073 0.080442
0 0.546387 0.896489 0.058320 0.183294
0 0.135038 0.939669 0.068173 0.119101
0 0.409756 0.353180 0.021332 0.094034
1 0.386892 0.302534 0.036894 0.082380
0 0.421972 0.273233 0.017162 0.070978
0 0.116518 0.388308 0.051008 0.083456
1 0.554228 0.627695 0.101901 0.176701
0 0.575862 0.523095 0.034459 0.107560
0 0.083017 0.362099 0.046668 0.079043
3 0.295893 0.422505 0.139082 0.288770
0 0.680475 0.882842 0.064890 0.181819
0 0.602008 0.802455 0.042555 0.159337
0 0.548431 0.737321 0.047155 0.154888
0 0.624957 0.903494 0.068691 0.157813
0 0.606198 0.260786 0.014918 0.065624
0 0.560999 0.238495 0.016130 0.065609
0 0.864478 0.428002 0.047313 0.091460
0 0.344362 0.250206 0.018678 0.059221
0 0.383875 0.220188 0.014795 0.059321
0 0.576513 0.230087 0.014449 0.061531
0 0.413234 0.204765 0.013153 0.054366
0 0.620593 0.235441 0.015527 0.058695
0 0.435443 0.169355 0.012118 0.047490
0 0.810225 0.422995 0.032387 0.095648
0 0.011673 0.340658 0.023345 0.074074
0 0.500419 0.289875 0.018464 0.075131
0 0.526678 0.205853 0.014390 0.057673
1 0.512568 0.163580 0.025197 0.056557
