0 0.181178 0.793108 0.068039 0.207164
1 0.588054 0.433274 0.080379 0.136195
0 0.082210 0.739666 0.073666 0.209515
0 0.796726 0.661720 0.065565 0.128662
0 0.217238 0.564793 0.042907 0.120571
0 0.729335 0.371651 0.030799 0.101683
3 0.378632 0.645049 0.227041 0.707892
0 0.254559 0.387367 0.031184 0.095658
0 0.080376 0.398551 0.064956 0.074291
0 0.617914 0.282171 0.024500 0.060568
0 0.348508 0.314157 0.019985 0.077704
0 0.296661 0.341438 0.022885 0.085443
0 0.852974 0.649810 0.049487 0.160283
0 0.152391 0.569947 0.042862 0.130435
