1 0.602632 0.781257 0.135588 0.248263
1 0.772725 0.721115 0.160934 0.258625
0 0.169891 0.573655 0.031282 0.137301
3 0.560523 0.313727 0.054116 0.125180
0 0.325922 0.427480 0.022310 0.110875
0 0.351211 0.663731 0.031758 0.158000
0 0.374204 0.909391 0.049486 0.179194
0 0.651695 0.336626 0.020071 0.085536
0 0.629048 0.352231 0.019531 0.086277
0 0.363748 0.439452 0.020850 0.110011
0 0.297862 0.574082 0.030868 0.145587
0 0.890474 0.911288 0.057689 0.170787
0 0.743233 0.525414 0.031105 0.117698
1 0.435075 0.578793 0.075389 0.176556
3 0.403665 0.198008 0.039733 0.101252
0 0.780907 0.522940 0.028456 0.112430
0 0.508885 0.387762 0.039496 0.086960
0 0.958777 0.789217 0.054165 0.148749
0 0.197742 0.447133 0.041310 0.098789
1 0.441379 0.414722 0.057385 0.137978
0 0.864682 0.454542 0.061727 0.094232
0 0.363069 0.361409 0.019206 0.090936
0 0.724418 0.395457 0.024577 0.088968
0 0.347577 0.329276 0.019388 0.082636
1 0.659771 0.472546 0.074250 0.136615
0 0.725298 0.465689 0.026085 0.100322
0 0.414535 0.336797 0.020215 0.084146
0 0.500030 0.318274 0.020718 0.080421
0 0.393857 0.312155 0.018403 0.082552
3 0.461080 0.218706 0.037513 0.112362
0 0.293826 0.374656 0.017521 0.090885
0 0.102937 0.939937 0.063932 0.116317
0 0.302799 0.334056 0.020708 0.084661
0 0.086518 0.363420 0.053292 0.079652
0 0.353830 0.275061 0.017325 0.068061
0 0.685334 0.344930 0.020680 0.085818
0 0.623119 0.281225 0.016616 0.067778
0 0.760599 0.456924 0.024183 0.090699
0 0.679620 0.390391 0.023598 0.085174
0 0.600177 0.305930 0.016925 0.069179
0 0.975710 0.929740 0.048501 0.133527
0 0.267637 0.355058 0.026097 0.087834
0 0.386106 0.274997 0.016420 0.069280
0 0.547120 0.234691 0.015603 0.051598
0 0.810397 0.413881 0.028747 0.092056
0 0.279546 0.521828 0.023386 0.123280
0 0.011658 0.341230 0.023316 0.072173
0 0.370949 0.217847 0.014536 0.058706
