0 0.806208735704422 0.5361116621229384 0.048641097545623777 0.11954659356011285
1 0.6191894054412842 0.5546490987141927 0.11457223892211914 0.18481360541449654
0 0.08282784819602966 0.40510474310980904 0.06637994050979615 0.08638153076171876
0 0.6430448293685913 0.2890734566582574 0.017988967895507812 0.06316926744249132
0 0.4352449655532837 0.2688261244032118 0.027604293823242188 0.05117513868543837
1 0.5690484642982483 0.30053793589274086 0.05626823902130127 0.085247802734375
1 0.574723768234253 0.3869418250189887 0.0664637565612793 0.09981664021809895
0 0.6994014024734497 0.32158102459377713 0.023557281494140624 0.0809375974867079
0 0.676264762878418 0.29628123177422416 0.016205453872680665 0.07084356943766276
3 0.5692351818084717 0.31617296112494336 0.05739588737487793 0.0535248841262526
0 0.3746481239795685 0.19480028682284886 0.013139927387237548 0.058600330352783205
3 0.639768585562706 0.45881896548801 0.07953717112541199 0.3973235660129123
0 0.6579967975616455 0.2706162770589193 0.01596240997314453 0.06967493693033854
3 0.0841783344745636 0.4047501378589206 0.06580396890640258 0.08322795761956109
2 0.6042615911370376 0.39392203754848903 0.00842723429086618 0.10376013649834527
