3 0.39459867477416993 0.4711340692308214 0.14857234954833984 0.466137335035536
0 0.6565903678536416 0.32604682710435656 0.028314003348350526 0.07631253136528862
0 0.24747781753540038 0.48643341064453127 0.03133306503295898 0.10525733100043402
0 0.3103077054023743 0.4128812207116021 0.02799270153045654 0.0638493537902832
0 0.3293894635164179 0.27870253456963434 0.017743467981927098 0.060916964213053384
0 0.3011020183563232 0.34010550181070964 0.03333611488342285 0.07871360778808593
0 0.15711658000946044 0.6903823004828559 0.05421757698059082 0.18932732476128472
0 0.6029163208600948 0.1804733647240533 0.00576185047684703 0.036095311906602645
0 0.3233762074261904 0.19538211822509766 0.006127414852380752 0.04699100918240017
0 0.39413180351257326 0.19371778700086806 0.016105079650878908 0.052149327596028645
