0 0.186909 0.610647 0.033617 0.141865
3 0.716694 0.772228 0.283905 0.455544
0 0.289456 0.408341 0.024992 0.103508
0 0.228306 0.654040 0.031399 0.150347
0 0.296737 0.579409 0.028417 0.134801
3 0.455189 0.306815 0.051299 0.137319
0 0.650266 0.375731 0.019041 0.093390
1 0.364531 0.334146 0.053516 0.083749
0 0.741236 0.458415 0.025539 0.108237
1 0.434960 0.420880 0.053622 0.129783
0 0.348383 0.455663 0.022873 0.110103
0 0.326690 0.497633 0.022106 0.117410
0 0.639963 0.289396 0.018356 0.074206
0 0.633314 0.403552 0.020457 0.098087
0 0.875145 0.809007 0.048639 0.163229
0 0.704060 0.410768 0.021719 0.098526
0 0.678444 0.466888 0.025762 0.100730
0 0.859737 0.713389 0.043487 0.127897
0 0.249592 0.524398 0.030723 0.133115
0 0.040865 0.874855 0.062955 0.206905
0 0.713197 0.528057 0.028542 0.101982
0 0.968067 0.864370 0.059574 0.171680
0 0.767563 0.557928 0.031861 0.116086
1 0.579827 0.370722 0.056896 0.097604
1 0.381632 0.268882 0.038582 0.067078
1 0.409941 0.225916 0.029091 0.063882
0 0.577583 0.229947 0.013948 0.060239
0 0.678711 0.380825 0.019549 0.097343
0 0.593625 0.209372 0.014884 0.058049
0 0.848135 0.554862 0.036319 0.113649
0 0.778715 0.522552 0.028350 0.113422
0 0.333948 0.296088 0.022788 0.077292
0 0.732011 0.642689 0.049087 0.114791
0 0.673582 0.338339 0.019554 0.075808
0 0.825297 0.612155 0.053091 0.116628
0 0.282489 0.307620 0.021303 0.075654
0 0.991379 0.751857 0.017186 0.145511
0 0.820375 0.624955 0.050697 0.118882
0 0.073490 0.957578 0.056283 0.081375
0 0.835544 0.600493 0.036663 0.123406
0 0.560523 0.171128 0.011869 0.046638
0 0.345167 0.239239 0.015934 0.057979
0 0.811514 0.633919 0.036886 0.118798
0 0.010519 0.334361 0.021038 0.081177
1 0.537422 0.168948 0.022967 0.045323
0 0.810255 0.430283 0.031460 0.097996
0 0.864738 0.428364 0.046593 0.086382
0 0.340799 0.292251 0.022415 0.070753
