0 0.366611 0.570564 0.028739 0.137551
0 0.149694 0.537569 0.028795 0.132054
0 0.640969 0.544041 0.029094 0.125547
0 0.698460 0.605669 0.033398 0.136263
0 0.201527 0.502731 0.030911 0.126794
0 0.305913 0.508266 0.024441 0.123242
0 0.569499 0.376128 0.044618 0.083922
0 0.261644 0.608402 0.028892 0.140801
0 0.397262 0.395790 0.021420 0.099835
0 0.632012 0.428075 0.024155 0.101508
0 0.363007 0.447489 0.022408 0.108384
0 0.391849 0.500522 0.023097 0.115369
0 0.368714 0.338392 0.019151 0.087083
0 0.601959 0.441056 0.023053 0.103929
1 0.454915 0.335762 0.042739 0.091392
0 0.914883 0.783934 0.058545 0.150691
0 0.762828 0.427200 0.048613 0.093258
0 0.270534 0.418103 0.023208 0.095629
3 0.759174 0.879844 0.269836 0.230166
0 0.868535 0.685945 0.043196 0.133948
0 0.686048 0.510631 0.025508 0.116869
0 0.319720 0.901552 0.055685 0.188044
0 0.616958 0.374968 0.022624 0.084602
0 0.274692 0.487748 0.023338 0.118295
0 0.336361 0.397920 0.022673 0.101218
0 0.789044 0.598748 0.031649 0.122083
0 0.722328 0.477783 0.025636 0.106994
0 0.695402 0.375942 0.026454 0.084580
0 0.970947 0.903388 0.058106 0.185294
0 0.746418 0.609432 0.034395 0.132362
0 0.154062 0.375851 0.048365 0.085462
0 0.305233 0.389646 0.020890 0.096136
0 0.636773 0.254024 0.018528 0.067803
0 0.412616 0.320306 0.018618 0.080568
0 0.926139 0.664278 0.050811 0.128136
0 0.732774 0.711683 0.041355 0.127075
0 0.816101 0.697425 0.042154 0.144268
0 0.086563 0.363892 0.053350 0.076836
0 0.736740 0.355548 0.024047 0.085038
0 0.864532 0.428570 0.046191 0.090092
0 0.681856 0.423711 0.023768 0.091582
0 0.848208 0.614989 0.049602 0.113403
0 0.342061 0.319630 0.017552 0.070934
3 0.460790 0.172803 0.028994 0.078886
0 0.808946 0.412934 0.028117 0.085058
0 0.979719 0.906725 0.040562 0.178128
0 0.296103 0.355343 0.019305 0.075959
0 0.386568 0.312131 0.015873 0.067359
0 0.012321 0.341295 0.024427 0.074490
1 0.452189 0.224445 0.032731 0.063565
0 0.793005 0.511157 0.047237 0.091784
0 0.699962 0.440406 0.026949 0.092426
0 0.807722 0.553877 0.028428 0.109655
0 0.696470 0.431623 0.031651 0.089392
1 0.454332 0.272046 0.033974 0.069843
0 0.552085 0.152840 0.012763 0.046313
0 0.010130 0.331394 0.020260 0.078057
