3 0.2714633643627167 0.6404808335834079 0.2433963894844055 0.5320855299631755
3 0.27357807755470276 0.5285852750142416 0.2524730086326599 0.36505167219373913
1 0.4276741236448288 0.3536828782823351 0.055805927515029906 0.11026924981011285
0 0.7093177258968353 0.31938852734035916 0.025918543338775635 0.07627006106906467
0 0.5401535153388977 0.28153945075141057 0.027286839485168458 0.07773857116699219
1 0.4551277756690979 0.25022641287909614 0.04008922576904297 0.07878030141194661
0 0.6798586368560791 0.2657776090833876 0.01691741943359375 0.059136115180121525
2 0.27062084078788756 0.6545808209313286 0.24111152887344361 0.5813964737786187
0 0.07411437034606934 0.3876595391167535 0.05829334259033203 0.07579023573133681
0 0.23593415021896363 0.3656328148312039 0.028737568855285646 0.062418757544623484
0 0.3980923295021057 0.2671684053209093 0.020546472072601317 0.05799594455295139
0 0.35324358493089675 0.2826060718960232 0.022957572340965272 0.06976337432861328
0 0.3832696169614792 0.3077948994106717 0.030310994386672972 0.060506587558322486
0 0.288808012008667 0.35499228636423746 0.024306821823120116 0.040003930197821724
0 0.30855355262756345 0.2820025232103136 0.02357306480407715 0.04647396935356988
0 0.33082551017869266 0.27408203548855253 0.020349583914503457 0.06328442891438803
0 0.3826085031032562 0.24949294196234809 0.015596437454223632 0.06018439398871528
0 0.28850932121276857 0.37220264010959203 0.02473316192626953 0.06968112521701389
3 0.3768311679363251 0.5229877365960015 0.11135505437850952 0.373726929558648
0 0.5399818778038025 0.3051003016427987 0.025094485282897948 0.03184669599350956
0 0.39409977197647095 0.26778240203857423 0.011800456047058105 0.05807868109809028
0 0.3474599480628967 0.33279493517345854 0.020004582405090333 0.03535956541697184
0 0.35166397169232366 0.30302672969280847 0.022163765132427217 0.02801001760073834
2 0.4276045024394989 0.35337940653165184 0.05588458776473999 0.10955885118908353
0 0.1948780298233032 0.46533855862087675 0.03143906593322754 0.11157345241970486
0 0.31256656646728515 0.3204734166463216 0.02017364501953125 0.07464417351616753
3 0.39518595933914186 0.7473621050516764 0.14501554965972902 0.48421925438774954
0 0.2555468440055847 0.41633666886223686 0.027334427833557128 0.0592309210035536
