0 0.12037756443023681 0.685530259874132 0.07102928757667541 0.17434620327419706
0 0.2280186176300049 0.40647313859727646 0.036760711669921876 0.08996569315592448
0 0.8005656242370606 0.5600362565782335 0.05962581634521484 0.1458425733778212
0 0.6128915190696717 0.33796282874213324 0.03604152202606201 0.09197205437554254
0 0.27650429010391236 0.43427280849880645 0.041843962669372556 0.10074827406141493
0 0.07452008128166199 0.3939367506239149 0.05031644105911255 0.08878885904947917
0 0.6198035478591919 0.22944824430677627 0.02381300926208496 0.06766249338785807
1 0.12008174955844879 0.6863635275099013 0.06882862448692321 0.17120223575168186
1 0.799883496761322 0.5592445055643718 0.06134154796600342 0.14410839080810547
3 0.3921003425028175 0.23024187088012696 0.14139323951676488 0.11444899241129557
3 0.36045792102813723 0.22834210395812987 0.07908415794372559 0.12572092480129665
3 0.07380431294441223 0.39559145238664417 0.04641777276992798 0.08917816480000813
3 0.3119436502456665 0.32148568630218505 0.06145753860473633 0.06457569864061144
2 0.3833752155303955 0.22734345330132377 0.10041227340698242 0.1214268578423394
2 0.36088764667510986 0.2280323346455892 0.07822470664978028 0.12233439551459419
0 0.17435344457626342 0.29776441786024305 0.04082884788513184 0.07208565606011284
0 0.2840734601020813 0.3336334970262316 0.01744887828826904 0.05205012427435981
