0 0.5509824752807617 0.36303094228108723 0.026031112670898436 0.0799782223171658
0 0.6871905624866486 0.3719663659731547 0.021357405185699462 0.08540720674726698
0 0.9411287307739258 0.6826283772786458 0.05269432067871094 0.15122324625651043
1 0.5875945568084717 0.2979214562310113 0.04015436172485352 0.07129542032877605
0 0.40452146530151367 0.46422822740342884 0.06432857513427734 0.09570142957899305
0 0.49962029457092283 0.4612398783365885 0.05593271255493164 0.1038877699110243
0 0.31258684396743774 0.30674214892917206 0.01902439594268799 0.078133667839898
0 0.5563828229904175 0.2550530539618598 0.01404571533203125 0.06052174038357205
3 0.5280729293823242 0.2177353752983941 0.03750829696655274 0.08391630384657119
0 0.3691186383366585 0.3118530988693237 0.01428529918193817 0.04592841996086968
1 0.4439194679260254 0.26977865431043835 0.03364429473876953 0.07311583624945747
0 0.46817359924316404 0.31630045572916665 0.01851787567138672 0.05482313368055555
0 0.33148468462750313 0.29716980192396375 0.018376451171934604 0.07197055816650391
1 0.42506999969482423 0.3780323452419705 0.1339484214782715 0.09187333848741319
0 0.7556305408477784 0.3769657135009766 0.02541837692260742 0.08874257405598958
0 0.5287651181221008 0.29556070963541664 0.015265727043151855 0.06659711201985677
0 0.5517576575279236 0.19079283608330622 0.011366581916809082 0.046470790439181855
0 0.5408893585205078 0.323591865433587 0.016919326782226563 0.06940595308939616
0 0.391362464427948 0.2934703403049045 0.016286540031433105 0.06695526970757379
0 0.8619924783706665 0.4303205066257053 0.043775320053100586 0.08258026970757379
0 0.40919897258281707 0.29155334896511503 0.01643795371055603 0.06513760884602865
0 0.4238903850317001 0.22320318222045898 0.012258988618850709 0.04944930606418186
0 0.35361350178718565 0.29476948844061956 0.015579909086227417 0.06591485341389974
3 0.4594120979309082 0.2169107649061415 0.038100910186767575 0.09109285142686632
1 0.4210199475288391 0.18456495602925618 0.02539520263671875 0.052401256561279294
0 0.008286646753549575 0.9502655029296875 0.01657329350709915 0.099468994140625
0 0.7025824069976807 0.28953278859456383 0.03372206687927246 0.05915188259548611
1 0.5084916710853576 0.16130832036336262 0.02073523998260498 0.04283182356092665
0 0.5014880359172821 0.3063806321885851 0.018565142154693605 0.07473699781629774
0 0.6732910215854645 0.26699622472127277 0.01998976469039917 0.054891480339898005
3 0.966808021068573 0.5621115366617838 0.06560804843902587 0.2520070393880208
1 0.398689278960228 0.24239671495225695 0.03046562075614929 0.07099359300401475
0 0.6038285969945718 0.31348525947994654 0.00763149127305951 0.04919274118211534
3 0.46484482288360596 0.15837278895907933 0.02697746753692627 0.053023582034640845
0 0.4134290635585785 0.33809910482830474 0.03794935941696167 0.05314587222205268
0 0.4372578263282776 0.4401466793484158 0.024795794486999513 0.09516533745659722
3 0.3783759355545044 0.3794115198983086 0.04324812889099121 0.10613905058966742
