1 0.5517618656158447 0.6197874704996745 0.10547337532043458 0.1645184834798177
1 0.38981826305389405 0.7043626573350694 0.10860810279846192 0.2735019259982639
0 0.6380593083798886 0.5426099353366428 0.027740700542926787 0.11901868184407552
0 0.1439698100090027 0.679584248860677 0.03982045650482178 0.16120825873480904
3 0.5970316410064698 0.41614083184136286 0.05874080657958984 0.13938835991753473
0 0.7418672382831574 0.6119043138292101 0.0353929877281189 0.1241132100423177
0 0.6037762641906739 0.8160815768771701 0.04567241668701172 0.18333536783854168
0 0.6736790180206299 0.6355362786187067 0.03425416946411133 0.14936184353298612
0 0.09526267051696777 0.8928746541341146 0.05607900619506836 0.19951748318142362
0 0.2154913902282715 0.48122575547960067 0.027942705154418945 0.11732076009114584
3 0.46027437448501585 0.31471175087822806 0.05745844841003418 0.17817986806233724
1 0.34039361476898194 0.4734093772040473 0.05976028442382812 0.1291129642062717
0 0.5469336748123169 0.4672614203559028 0.03117856979370117 0.1113525390625
0 0.770969295501709 0.6901920742458767 0.03617439270019531 0.15297461615668403
0 0.143501615524292 0.3975496504041884 0.050650596618652344 0.09015842013888889
0 0.40592293739318847 0.3508639441596137 0.022058582305908202 0.09548721313476563
0 0.24988646507263185 0.6535001966688369 0.031557464599609376 0.15976138644748264
0 0.8019561767578125 0.8132497151692708 0.04637470245361328 0.1790042453342014
0 0.1961956024169922 0.7762964884440104 0.04953632354736328 0.16027425130208334
0 0.22263638973236083 0.5883273230658637 0.03006715774536133 0.1400911119249132
0 0.8443768501281739 0.5976804945203993 0.03745822906494141 0.12910376654730904
0 0.9222200393676758 0.6738908131917317 0.05150737762451172 0.13819062974717883
1 0.5601787090301513 0.3123443391587999 0.0451207160949707 0.08789549933539496
0 0.906589126586914 0.891998291015625 0.0646047592163086 0.18033379448784723
0 0.6784121036529541 0.878555891248915 0.07544870376586914 0.17387915717230903
0 0.626558218151331 0.3585565249125163 0.017240165174007414 0.07828608618842231
0 0.5971321344375611 0.29490960439046227 0.01679520606994629 0.0684135013156467
0 0.7261458396911621 0.5334836112128364 0.030331921577453614 0.10037040710449219
0 0.6521279215812683 0.36125502056545683 0.020703577995300294 0.08187024858262804
0 0.7097234725952148 0.44086115095350475 0.021178054809570312 0.09249212476942274
0 0.38485303819179534 0.3233994589911567 0.017320138216018677 0.0741813235812717
0 0.015989838540554045 0.38310603035820856 0.03197967708110809 0.08100261688232421
0 0.6847020238637924 0.5428793165418837 0.025630205869674683 0.10433578491210938
1 0.40955608487129214 0.23779715432061088 0.033702099323272706 0.07222741444905599
0 0.668001937866211 0.4825335820515951 0.026690673828125 0.10019857618543837
0 0.5367464065551758 0.22488115098741318 0.012693166732788086 0.05517239040798611
0 0.5489876747131348 0.8385022481282552 0.048538589477539064 0.18606177435980903
0 0.612262511253357 0.27298839357164173 0.01532745361328125 0.06584635840521919
0 0.7528470993041992 0.5076813167995877 0.033382225036621097 0.10697292751736111
0 0.2519145727157593 0.5221115112304687 0.02850370407104492 0.13167588975694444
0 0.08762920796871185 0.3654352135128445 0.0483345091342926 0.06931231816609701
0 0.6777879357337951 0.3235931290520562 0.01806166172027588 0.07992148929172092
0 0.5870309829711914 0.945965576171875 0.0676259994506836 0.10656975640190972
3 0.9658201694488525 0.5671952989366319 0.06725311279296875 0.26565848456488717
0 0.3594861805438995 0.26039747662014434 0.014279985427856445 0.06031373341878255
0 0.5097908198833465 0.31678637398613824 0.02063640356063843 0.07844100528293185
0 0.7292834281921386 0.4094810485839844 0.024815940856933595 0.08712073432074653
0 0.5486794948577881 0.7342859056260851 0.044452571868896486 0.1351320054796007
3 0.3666032075881958 0.7026302125718858 0.0667233943939209 0.27823787265353733
3 0.458741170167923 0.19313871595594617 0.03085387945175171 0.06760508219401042
3 0.29288468360900877 0.33981295691596136 0.05216484069824219 0.10184813605414497
0 0.6066299729049206 0.656605699327257 0.013259945809841156 0.10901082356770833
0 0.5893778324127197 0.7110260009765625 0.0457275390625 0.13475201924641927
0 0.6969734191894531 0.40437547895643444 0.021788406372070312 0.08245616488986546
0 0.7710343897342682 0.4507037268744575 0.024029695987701417 0.08630269368489583
0 0.049107123911380765 0.37418877283732094 0.028224465250968934 0.06561357710096571
0 0.521944659948349 0.19050974316067165 0.013268816471099853 0.04862202538384332
0 0.33320226669311526 0.33824412027994794 0.028433799743652344 0.07870271470811632
0 0.7990450859069824 0.4445271809895833 0.04067516326904297 0.09076453314887153
1 0.29501221179962156 0.3392756144205729 0.05748248100280762 0.10269908905029297
2 0.4611566126346588 0.34745946990119086 0.054353082180023195 0.11714116202460395
0 0.6126635074615479 0.2962859443854541 0.01158890724182129 0.014471279508951638
0 0.38473671972751616 0.26957419713338215 0.014853173494338989 0.05787262386745877
0 0.684883463382721 0.46089036729600696 0.016869425773620605 0.07449484931098091
2 0.41532168388366697 0.17025087144639756 0.03619241714477539 0.07179798550075955
0 0.5819639921188354 0.2516649034288194 0.014663505554199218 0.05530374315049913
0 0.7032083868980408 0.29044905768500434 0.03167273998260498 0.06482103135850695
1 0.46150782108306887 0.34822031127081976 0.054079437255859376 0.11866284476386177
0 0.532272344827652 0.6808396763271756 0.032829129695892335 0.09316997528076172
1 0.6778431415557862 0.883549075656467 0.07707686424255371 0.18019705878363715
0 0.66575927734375 0.4202863693237305 0.023149871826171876 0.08164541456434461
