2 0.32211252450942995 0.8383931477864583 0.15577495098114014 0.32321370442708336
0 0.19050243496894836 0.5692644755045573 0.035339200496673585 0.15165379842122395
0 0.14414601325988768 0.7296513875325521 0.065281343460083 0.1202813466389974
1 0.43679916560649873 0.3661739243401421 0.05653064846992493 0.09563193851047092
1 0.32609028816223146 0.8418381585015191 0.167578125 0.3159366183810764
1 0.37871201038360597 0.2998862796359592 0.04255590438842773 0.11958626641167534
0 0.27361092567443845 0.4432527754041884 0.0299530029296875 0.11255857679578993
0 0.07455256581306458 0.39690077039930555 0.06365712881088256 0.07720082600911458
0 0.30129849910736084 0.35150722927517364 0.023786020278930665 0.08990985022650824
0 0.3364673972129822 0.30424635145399304 0.012918543815612794 0.06487609015570747
0 0.3752730369567871 0.2134963565402561 0.015087890625 0.052305179172092015
3 0.37906776666641234 0.3245018021307058 0.04086821079254151 0.07018090035352442
