0 0.7153530716896057 0.32127821180555555 0.027983856201171876 0.09859983656141492
0 0.600237774848938 0.2940342585245768 0.022907018661499023 0.0786298116048177
0 0.6024481058120728 0.3110755027685728 0.024283885955810547 0.04372832350846794
0 0.6229481101036072 0.2839862187703451 0.01916186809539795 0.07550235324435764
0 0.7975872993469239 0.5920114305284289 0.036753082275390626 0.1324378119574653
0 0.623901116847992 0.30520312388737997 0.018438839912414552 0.03262846999698215
0 0.6055520307272673 0.2932822651333279 0.01076536402106285 0.07939493391248915
0 0.7110768914222717 0.3280827495786879 0.01847121715545654 0.07838772137959799
0 0.7111645936965942 0.3404303656684028 0.017339229583740234 0.1396416558159722
0 0.6069154348981101 0.3065298578598433 0.013600433466490359 0.03456006153590149
0 0.3466699242591858 0.22406413820054796 0.018767237663269043 0.04792486826578776
