0 0.23136563301086427 0.6846427917480469 0.0912964940071106 0.13550771077473958
0 0.12145788669586181 0.4394755946265327 0.05780479907989502 0.07760220633612738
0 0.2290036678314209 0.4179944541719225 0.056511449813842776 0.08240522278679742
0 0.2663723826408386 0.36027575069003637 0.044784712791442874 0.06683361265394423
0 0.7336999893188476 0.4285363515218099 0.04486160278320313 0.09193971421983507
0 0.6813541412353515 0.38374943203396267 0.020569705963134767 0.09614054361979167
0 0.8171751976013184 0.46775614420572914 0.058942413330078124 0.09720662434895834
1 0.5332840919494629 0.28037952846950953 0.039778518676757815 0.08066143459743924
0 0.6066654205322266 0.44341803656684026 0.05731954574584961 0.09107242160373263
0 0.30324158668518064 0.31974368625217015 0.02111368179321289 0.07827707926432291
1 0.45674800872802734 0.275697570376926 0.03323080539703369 0.0702207989162869
0 0.8230598509311676 0.7715258280436198 0.05094321966171265 0.17920803493923612
0 0.3851239085197449 0.43526647355821396 0.028516983985900878 0.1037056393093533
0 0.34341152757406235 0.7128810882568359 0.046198055148124695 0.10663655598958334
0 0.7042692303657532 0.34967177708943686 0.02177436351776123 0.08180785708957249
0 0.08555183708667755 0.3738081932067871 0.05314986109733581 0.07727824317084418
0 0.07307418584823608 0.5317207760281033 0.07485451698303222 0.11137296888563368
3 0.5513797044754029 0.19834249814351398 0.03286733627319336 0.07592797809176975
0 0.618367052078247 0.33354584376017254 0.016600275039672853 0.07696119944254558
0 0.5820515513420105 0.3301517566045125 0.017145657539367677 0.08252573543124729
1 0.02496851086616516 0.6746573554144966 0.04993702173233032 0.18265736897786458
0 0.40624886453151704 0.2887369261847602 0.01640598177909851 0.06954669952392578
1 0.45961673855781554 0.19089197052849663 0.02383826971054077 0.047374884287516274
0 0.3360271453857422 0.28641569349500867 0.019478607177734374 0.07008794148763021
0 0.9151689529418945 0.489372550116645 0.06427383422851562 0.0951509263780382
0 0.8549745559692383 0.5924542744954427 0.04392738342285156 0.11849738226996528
0 0.3810127109289169 0.2934536827935113 0.017729634046554567 0.07037794325086806
0 0.3580931141972542 0.2866151385837131 0.01779873073101044 0.07378281487358941
0 0.030796048045158387 0.4359839545355903 0.057636338472366336 0.09329647488064235
0 0.590435528755188 0.255612055460612 0.013639259338378906 0.060871251424153644
0 0.617752692848444 0.28028727637396916 0.015716199576854707 0.060801654391818574
0 0.40155345797538755 0.21195048226250543 0.013152778148651123 0.0491122563680013
0 0.6354411005973816 0.3239015234841241 0.017757630348205565 0.07002526919047038
0 0.41414898037910464 0.22787294387817383 0.012363970279693604 0.055358738369411895
0 0.40982785224914553 0.5520760006374783 0.062198734283447264 0.11247736612955729
0 0.39645651280879973 0.38071540196736653 0.03316361308097839 0.07180216047498915
0 0.038357707858085635 0.5839556164211697 0.04788545966148376 0.08547986348470052
3 0.9671757578849792 0.5736122767130534 0.06466047763824463 0.23214463127983942
0 0.6361494779586792 0.2553373442755805 0.014942455291748046 0.05826121436225044
0 0.5695605516433716 0.2679324362013075 0.014859390258789063 0.061175600687662764
0 0.6437267780303955 0.4318973117404514 0.03997893333435058 0.09353366427951389
0 0.3766066074371338 0.5723942756652832 0.040814208984375 0.08040180206298828
0 0.7405458092689514 0.36373928917778864 0.020937490463256835 0.07543890211317274
0 0.39890695810317994 0.609275574154324 0.03962520360946655 0.09002496931287977
0 0.3941056489944458 0.5405054834153917 0.011700296401977539 0.10830932193332249
0 0.7028496503829956 0.3036026981141832 0.030722808837890626 0.02942761845058865
1 0.4595170795917511 0.12532426516215006 0.017132651805877686 0.037257014380560984
0 0.6742680668830872 0.26728187137179904 0.021440255641937255 0.053219180636935766
0 0.48266479969024656 0.26580675972832574 0.014335370063781739 0.06001661088731554
0 0.7834090709686279 0.4352661556667752 0.032885169982910155 0.09169226752387152
0 0.3495714181684889 0.6370191468132866 0.0581988227320835 0.11254185570610895
0 0.6128879189491272 0.2429086791144477 0.015894770622253418 0.05202104780409071
3 0.45701069235801695 0.2995703579340544 0.03374255895614624 0.020803737371332117
0 0.8301360011100769 0.6933363172743056 0.030327153205871583 0.03554958767361111
0 0.32813374534016476 0.21029331419203018 0.01501193076837808 0.04958943261040582
0 0.43181312680244444 0.16217900382147896 0.010043013095855712 0.03907731374104818
0 0.011601009219884873 0.3407525380452474 0.023202018439769746 0.08088709513346354
0 0.025267797708511352 0.6454783121744792 0.050535595417022704 0.1312655978732639
0 0.1600085735321045 0.9638802422417535 0.04895377159118652 0.07178141276041666
