0 0.7449335396289826 0.4223004341125488 0.04205652475357056 0.10161465538872613
0 0.6462236762046814 0.3663392596774631 0.0336653470993042 0.09948081970214843
1 0.560525918006897 0.41769205729166664 0.06474308967590332 0.11792899237738716
0 0.6338780999183655 0.2929649141099718 0.03211410045623779 0.06978691948784722
0 0.07435458302497863 0.39502594206068253 0.04400657415390015 0.08407633039686414
0 0.3065774917602539 0.5162074195014106 0.03404083251953125 0.12981796264648438
0 0.3837236016988754 0.277902528974745 0.02229272723197937 0.06620265112982857
0 0.3075116634368896 0.30969325171576606 0.03160152435302734 0.07655546400282118
0 0.15062310695648193 0.47648930019802516 0.04836132526397705 0.10996602376302084
2 0.5445729255676269 0.2545294655693902 0.05517635345458984 0.1049462636311849
0 0.21315245628356932 0.2833759095933702 0.0385970950126648 0.05762477450900608
0 0.3135282754898071 0.38946042590671115 0.023229122161865234 0.10106080373128255
0 0.7678553223609924 0.40638882319132485 0.012778711318969727 0.035405943128797746
0 0.3904992341995239 0.21555844412909614 0.014730072021484375 0.0578547371758355
0 0.7913041591644288 0.4240719265407986 0.03563737869262695 0.10811343722873264
0 0.41396105885505674 0.2274361186557346 0.020849740505218504 0.05131473541259766
