1 0.382596 0.570204 0.094096 0.217520
0 0.161034 0.677084 0.054963 0.186277
0 0.246549 0.483132 0.038897 0.112636
0 0.769633 0.380916 0.045361 0.115408
0 0.303530 0.386196 0.031660 0.093287
0 0.266746 0.589304 0.047196 0.115701
1 0.430485 0.328739 0.057456 0.113956
0 0.164523 0.543938 0.044264 0.108721
0 0.336963 0.336497 0.020928 0.079223
0 0.294515 0.514767 0.035204 0.124409
0 0.079924 0.392790 0.051795 0.072382
0 0.215413 0.440955 0.024520 0.088091
0 0.314368 0.306797 0.026127 0.068480
0 0.233920 0.366446 0.021988 0.084579
0 0.382268 0.298630 0.020569 0.072679
0 0.690918 0.265567 0.015761 0.064997
0 0.369302 0.251433 0.018452 0.059156
0 0.404545 0.244858 0.017965 0.059369
2 0.447084 0.240161 0.049850 0.107772
