0 0.2833756923675537 0.4215648651123047 0.038511037826538086 0.10305820041232638
0 0.3076979160308838 0.32718102137247723 0.033035802841186526 0.0821878433227539
3 0.5501706004142761 0.23024217817518447 0.07821743488311768 0.18289048936631944
0 0.21235646009445192 0.2830687099032932 0.03191826343536377 0.05670837826199002
0 0.9778430938720704 0.6435625288221571 0.04215736389160156 0.11517257690429687
1 0.7121145248413085 0.8773096720377604 0.16226978302001954 0.2448330349392361
0 0.6140007829293609 0.2959403885735406 0.02029973454773426 0.06513610415988498
0 0.3525654494762421 0.23935557471381294 0.02406354546546936 0.05804091559516059
0 0.6546741485595703 0.2563173505995009 0.024556827545166016 0.07596138848198784
0 0.07306846976280212 0.39298833211263023 0.05023856163024902 0.08717922634548611
0 0.60443035364151 0.21651801003350152 0.024266982078552247 0.06850083669026692
0 0.6820589423179626 0.28402975930107965 0.023668360710144044 0.0645763185289171
0 0.6149486184120179 0.3087197603243921 0.020028281211853027 0.03876019422378805
0 0.6325116753578186 0.2531929228040907 0.018788599967956544 0.06321275499131944
0 0.866016972064972 0.49299026595221623 0.03160889148712158 0.11294334199693468
1 0.6747933268547058 0.8781129625108507 0.08946526050567627 0.24377407497829862
0 0.4369720101356506 0.26935689714219835 0.023966646194458006 0.06877500745985243
0 0.38589683175086975 0.2503151575724284 0.024534451961517333 0.0529541015625
3 0.5427302598953248 0.30607781675126816 0.06856369972229004 0.03437785572475857
0 0.712523090839386 0.24220015207926432 0.012650179862976074 0.036865022447374135
0 0.6080970101058483 0.21126374138726128 0.016194020211696625 0.05992435879177517
0 0.6791145712137222 0.3022039598888821 0.01787483096122742 0.026630141999986437
1 0.5439506053924561 0.27891646491156685 0.06891422271728516 0.0813033209906684
2 0.7103322610259056 0.8788572523328994 0.1641523391008377 0.24228549533420138
0 0.3224826679383114 0.32080507278442383 0.004314468651136849 0.0730380376180013
