0 0.8184451103210449 0.5425410800509982 0.06583538055419921 0.10698021782769097
0 0.4651220619678497 0.3734691513909234 0.03364969491958618 0.07937513987223307
0 0.3551652431488037 0.3989442613389757 0.049724149703979495 0.09292407565646701
0 0.5247868001461029 0.34549252192179364 0.02560669183731079 0.08172274695502388
0 0.08563456833362579 0.3629281044006348 0.04693464636802673 0.07613006167941623
0 0.5706504106521606 0.2890414873758952 0.015180873870849609 0.0678972668117947
0 0.2968455910682678 0.35228557255533005 0.019161438941955565 0.08313063118192884
3 0.45200119018554685 0.2509282006157769 0.04538297653198242 0.11923658582899306
1 0.5362653076648712 0.25238363477918835 0.037323272228240965 0.0725407494439019
0 0.9727685928344727 0.7105556911892361 0.05157451629638672 0.13905169169108073
1 0.5194614887237549 0.17938984235127767 0.02243828773498535 0.04652537239922418
0 0.3217633843421936 0.31930593384636774 0.016966414451599122 0.06083408991495768
0 0.3213376045227051 0.31244981553819445 0.02173614501953125 0.08099221123589409
0 0.5751896381378174 0.1925925572713216 0.011618947982788086 0.05060780843098958
0 0.5894582390785217 0.24858484268188477 0.013230395317077637 0.06378180185953776
0 0.5709273099899292 0.3046266616710151 0.018075942993164062 0.031361541219262615
0 0.4852228403091431 0.29955404069688585 0.01665065288543701 0.07169460720486111
0 0.5499729990959168 0.19500785403781468 0.011548686027526855 0.04531288146972656
0 0.03031076192855835 0.9249307420518663 0.06047821044921875 0.1441801283094618
0 0.4851930558681488 0.31251478460099963 0.015105521678924561 0.047251791424221465
0 0.3251026463508424 0.32266324427392745 0.009575811624563358 0.053577644295162624
0 0.41274723410606384 0.2674743864271376 0.014684486389160156 0.06618152194552951
0 0.3429971493780613 0.29427596198187933 0.017891202867031098 0.07311888800726997
0 0.4009931206703186 0.2941774898105197 0.015008008480072022 0.06605786217583551
0 0.8624284625053406 0.4340863545735677 0.04176175594329834 0.07436328464084202
0 0.7034366607666016 0.30416359768973456 0.03312773704528808 0.030549417601691352
0 0.7029152035713195 0.29272854063245984 0.03421051502227783 0.05609065161810981
0 0.9514945983886719 0.6939928584628635 0.024259042739868165 0.11308053334554037
0 0.5411216855049134 0.1556726137797038 0.009620976448059083 0.038917160034179686
0 0.4258968949317932 0.21165544721815321 0.010938525199890137 0.04596400790744358
0 0.3579196214675903 0.2982454193962945 0.018934345245361327 0.06970085567898221
0 0.39183342456817627 0.29075246387057835 0.01521162986755371 0.07083373599582249
0 0.37811267375946045 0.2968898031446669 0.016810929775238036 0.06791854434543186
3 0.967985987663269 0.5785720613267686 0.0631988525390625 0.20595868428548178
0 0.34094796180725095 0.3100491205851237 0.016042327880859374 0.042320463392469615
0 0.6568832516670227 0.25022786458333335 0.020885920524597167 0.049714448716905384
1 0.42827991843223573 0.10949258274502224 0.015504729747772217 0.0321192741394043
0 0.8121635437011718 0.4312898423936632 0.030417680740356445 0.09094204372829862
0 0.40578393936157225 0.28869785732693143 0.01896822452545166 0.06973876953125
1 0.2458803653717041 0.9625025431315104 0.1269416928291321 0.06814812554253472
0 0.675434684753418 0.26805529064602324 0.02558159828186035 0.049260054694281685
0 0.3953437924385071 0.17462073432074654 0.009779131412506104 0.036845355563693574
0 0.9500262498855591 0.6746794594658746 0.024521017074584962 0.0728633032904731
0 0.011987101286649704 0.3429695129394531 0.023974202573299408 0.09072996775309244
0 0.012347903102636337 0.34819911585913765 0.024695806205272675 0.04255643950568305
