1 0.6199060440063476 0.5318749533759223 0.10965003967285156 0.16540328131781684
1 0.5672900199890136 0.3046509848700629 0.0585235595703125 0.0929573482937283
0 0.6649445414543151 0.3967614624235365 0.029166579246520996 0.07144711282518175
0 0.7461063444614411 0.45499776204427084 0.02602142095565796 0.11181259155273438
0 0.16789625883102416 0.4812810050116645 0.03953227996826172 0.11047537061903212
0 0.6029406785964966 0.2649060249328613 0.015407657623291016 0.05547724829779731
1 0.5765933871269227 0.38595923847622343 0.06041796207427978 0.09716179105970595
0 0.0746274709701538 0.3977197011311849 0.054903411865234376 0.06804614596896702
0 0.6833033293485642 0.32442214753892684 0.016200751066207886 0.07659600575764974
0 0.7004528045654297 0.31584911346435546 0.02001361846923828 0.07599983215332032
0 0.6417465209960938 0.292542478773329 0.021304512023925783 0.06045642428927951
0 0.6612850189208984 0.2811640845404731 0.018816757202148437 0.06392076280381945
3 0.5666074752807617 0.3206460152649217 0.060365915298461914 0.061251916901932824
3 0.6374543279409408 0.5275981691148546 0.07490865588188171 0.16274515787760416
