0 0.29787532091140745 0.31521678500705297 0.0225297212600708 0.08237482706705729
0 0.3510646507143974 0.27661064995659723 0.020212015509605406 0.07110108269585504
0 0.6019010543823242 0.2778849283854167 0.0188232421875 0.06453463236490885
0 0.7059304118156433 0.31371233198377824 0.02192108631134033 0.06783854166666667
0 0.34991744756698606 0.30018118779278463 0.020334553718566895 0.021695756374133957
0 0.6252002954483032 0.26723193062676326 0.021158504486083984 0.055055130852593316
0 0.6034636735916138 0.2997000050627523 0.016823291778564453 0.020834993239906098
0 0.604955001475173 0.27866670820448136 0.009763118025148287 0.06360783047146268
0 0.6627867698669434 0.27256673177083335 0.02086811065673828 0.06203130086263021
0 0.7031217783689498 0.3680675294664171 0.019239574670791626 0.04635596805148655
0 0.6123961448669434 0.23323758443196616 0.017697715759277345 0.055190785725911455
0 0.41000795364379883 0.27111127641465926 0.026245474815368652 0.07359191046820747
