1 0.8055154800415039 0.7259058634440104 0.1446326732635498 0.30019832187228734
0 0.23014206290245057 0.6722566816541884 0.06500159502029419 0.15708118014865452
0 0.7683151841163636 0.43681379424201117 0.042891073226928714 0.10627031326293945
0 0.18242191672325134 0.4911824968126085 0.040764915943145755 0.10345255533854167
2 0.6249002575874328 0.2713485505845812 0.057189106941223145 0.11024356418185764
0 0.5295783638954162 0.2668680508931478 0.017555546760559083 0.07935907575819227
0 0.675486221909523 0.28102519777086044 0.022870200872421264 0.056718338860405816
0 0.07435806393623352 0.3939504835340712 0.0516133189201355 0.08974388970269097
0 0.8257717251777649 0.5120532989501954 0.046979451179504396 0.12946116129557292
3 0.6254683822393418 0.3117836591942857 0.05093676447868347 0.04570270961978369
3 0.8066321432590484 0.7257623354593913 0.14475926160812377 0.30472710927327473
0 0.6118615150451661 0.19268095228407117 0.017349767684936523 0.04849781460232205
