0 0.27802889347076415 0.42986994849310983 0.04128308296203613 0.12125231424967448
0 0.7871241748332978 0.5796443091498481 0.040888512134552 0.13754391140407987
0 0.19292749166488649 0.7286585489908854 0.07160313129425049 0.1736484103732639
0 0.0632481336593628 0.7173088921440972 0.07255663871765136 0.17033216688368055
0 0.6929363995790482 0.3395327779981825 0.028389519453048705 0.08372368282741971
0 0.3148991227149963 0.5798200183444553 0.03941762447357178 0.11695586310492621
0 0.3405948758125305 0.43543048434787324 0.035541224479675296 0.10064977010091146
0 0.08258904218673706 0.4057464599609375 0.07019050121307373 0.07701195610894097
0 0.37397925555706024 0.33727180692884656 0.02266663908958435 0.0944660398695204
0 0.3530880808830261 0.2641108618842231 0.015705418586730958 0.03465283711751302
1 0.19239633679389953 0.7295144293043349 0.07125133275985718 0.17029785580105253
1 0.0635189101099968 0.719295597076416 0.07261275351047516 0.17164491017659506
0 0.3693088129162788 0.2322156270345052 0.01801268756389618 0.0362947252061632
0 0.316702663898468 0.30965874989827474 0.014829564094543456 0.06724489000108506
0 0.33530689477920533 0.34556879467434354 0.018832087516784668 0.06075467003716363
0 0.06025358736515045 0.6712984297010633 0.06929327845573426 0.0787946065266927
0 0.31630008220672606 0.3064302232530382 0.022106456756591796 0.07528160942925347
0 0.33280651569366454 0.2567463450961643 0.025738239288330078 0.045479435390896265
0 0.6119844652712345 0.2207304424709744 0.01541534811258316 0.0495467291937934
0 0.3547232151031494 0.2624332851833767 0.01775984764099121 0.0547273423936632
3 0.08274725526571274 0.40622533427344426 0.07011554539203643 0.07496047019958496
1 0.060536767542362216 0.6717881944444445 0.07015331685543061 0.07864583333333333
0 0.08218623995780945 0.5891448762681749 0.04194267988204956 0.09159783257378472
0 0.3227454464882612 0.31781785753038194 0.0048658929765224455 0.06293118794759114
0 0.38694904148578646 0.19960585170321996 0.012391060590744019 0.04676459630330403
0 0.3276103626209078 0.5735342661539714 0.014461345371091738 0.10298042297363282
1 0.1979626178741455 0.6761966705322265 0.06808838844299317 0.0698288811577691
