0 0.803990364074707 0.6288439326816135 0.0390744686126709 0.1671264860365126
0 0.20610069036483764 0.4313216951158312 0.03531615734100342 0.10786365932888455
0 0.17177003026008605 0.5893430497911242 0.047432315349578855 0.15493231879340277
0 0.6881236165761948 0.3166942066616482 0.02451685070991516 0.09108015696207682
0 0.365772920101881 0.5489564471774631 0.047986413538455966 0.1605998992919922
0 0.8420798897743225 0.5762682596842448 0.04191310405731201 0.12188746134440104
0 0.36059608608484267 0.25984663433498806 0.01834529936313629 0.05748013390435113
0 0.31848238706588744 0.41400229136149086 0.031134915351867676 0.12423557705349392
0 0.2500509977340698 0.4844663831922743 0.03250255584716797 0.14652379353841147
0 0.29765244722366335 0.36396287282307943 0.032486796379089355 0.11498832702636719
0 0.35773342549800874 0.308041850461935 0.0212418794631958 0.03800546910820736
0 0.3629008293151855 0.3580153677198622 0.022638463973999025 0.06490586598714193
0 0.28664579391479494 0.5142047458224827 0.04196920394897461 0.12858717176649306
0 0.7433818817138672 0.42790069580078127 0.05684051513671875 0.11194288465711806
0 0.6064750857651233 0.18727251158820257 0.012877430021762847 0.048292848798963756
1 0.3276564501225948 0.41453941928015814 0.014687900245189667 0.12235192722744412
0 0.34608452320098876 0.2218990961710612 0.01644477844238281 0.0440781487358941
