2 0.3199679970741272 0.8195082664489746 0.1600640058517456 0.36098346710205076
3 0.3682545483112335 0.39409669240315753 0.09588409662246704 0.3785677168104384
1 0.3224896669387817 0.8194879319932725 0.16318936347961427 0.3598052978515625
1 0.45072917342185975 0.26345752080281576 0.041044437885284425 0.07046837276882595
0 0.6829081267118454 0.29742998547024196 0.026578181982040407 0.06881593068440756
0 0.9672930717468262 0.6843036227756076 0.06290874481201172 0.15724385579427083
0 0.07521870732307434 0.4026930914984809 0.06748231649398803 0.07947981092664931
0 0.7970580577850341 0.49401522742377385 0.033236360549926756 0.09472643534342448
1 0.35793828070163725 0.6750773747762044 0.07525156140327453 0.07128554450141059
3 0.45957550406455994 0.17601973745557997 0.052770698070526124 0.12644516626993815
1 0.9691614389419556 0.6590184317694769 0.06167712211608887 0.10341690911187065
0 0.3232263868674636 0.18594713211059571 0.005827773734927178 0.03782422807481554
0 0.3342466473579407 0.1745452880859375 0.015880656242370606 0.03649325900607639
2 0.35827951431274413 0.6755877176920573 0.07593402862548829 0.07071016099717882
