0 0.7374778866767884 0.5187997817993164 0.04530069828033447 0.11612603929307726
0 0.103094482421875 0.7551240709092882 0.07723085880279541 0.18793440924750435
0 0.32261837720870973 0.3530382050408257 0.031180500984191895 0.08235327402750652
0 0.2877019166946411 0.5198492685953776 0.04411172866821289 0.12282647026909722
0 0.2128322958946228 0.282633293999566 0.03523223400115967 0.06379483540852865
0 0.3612406671047211 0.28154191970825193 0.027824020385742186 0.06621990203857422
1 0.5495405972003937 0.28298113081190324 0.06377447843551635 0.1094024658203125
0 0.19190052151679993 0.4629163212246365 0.039711034297943114 0.09081346723768446
0 0.6746432542800903 0.27210493087768556 0.02518324851989746 0.06351256900363499
0 0.283104145526886 0.39317139519585503 0.029397130012512207 0.10839343600802952
0 0.4250643938779831 0.28171278635660807 0.02560001015663147 0.06702067057291666
0 0.07267433404922485 0.3915682898627387 0.0482589989900589 0.09048249986436632
1 0.10230530202388763 0.7563732359144423 0.07481265664100648 0.1853777143690321
0 0.2534370422363281 0.47405548095703126 0.03821430206298828 0.12543589274088543
0 0.3940020740032196 0.29013180202907984 0.02339515686035156 0.055495071411132815
0 0.31414085626602173 0.2855843014187283 0.02407028675079346 0.06276219685872396
0 0.38879032135009767 0.2286604987250434 0.015525341033935547 0.05638088650173611
3 0.5478523254394532 0.3138465330315133 0.06540145874023437 0.04944846259637011
0 0.34468170404434206 0.21930160522460937 0.014451909065246581 0.040496148003472225
0 0.42635024189949033 0.1770426803165012 0.01218818426132202 0.045237361060248484
0 0.40504253208637236 0.18386688232421874 0.010154801607131957 0.03487447102864583
0 0.32929353713989257 0.2780021243625217 0.013897418975830078 0.060013665093315974
