3 0.6057981729507447 0.45396565331353084 0.0951207160949707 0.20402844746907553
0 0.327529764175415 0.42903001573350696 0.02554769515991211 0.11292860243055555
0 0.31880528926849366 0.6220602247450087 0.03202676773071289 0.15879262288411458
0 0.7317357301712036 0.4530865510304769 0.023295783996582033 0.09033500883314345
0 0.410289940237999 0.3634359359741211 0.020979076623916626 0.09003240797254775
0 0.6976377338171005 0.49135005209181043 0.025118833780288695 0.10127943886650934
0 0.683497965335846 0.39127746158175997 0.023996138572692872 0.09353582594129774
0 0.33507568053901193 0.3153778500027127 0.01992162540555 0.08642205132378472
0 0.36912408024072646 0.3510825792948405 0.019674274325370788 0.08866591983371311
0 0.15656740665435792 0.784310065375434 0.05272512435913086 0.18481733534071182
1 0.4499804019927979 0.2908771514892578 0.036149120330810545 0.0787687513563368
0 0.23580174446105956 0.8102339002821181 0.04536876678466797 0.20108473036024305
0 0.8352437973022461 0.6276174757215712 0.039695358276367186 0.14128943549262152
0 0.5143231213092804 0.4729772779676649 0.026233756542205812 0.1233080546061198
0 0.42017674446105957 0.8310390048556857 0.05475301742553711 0.18672027587890624
0 0.17603400945663453 0.6590148078070747 0.042705202102661134 0.14278208414713542
0 0.2571434497833252 0.4010155995686849 0.020785713195800783 0.08235727945963542
0 0.7086040854454041 0.5844215604994032 0.023416829109191895 0.12520451015896267
1 0.5691191554069519 0.33268987867567273 0.05096824169158935 0.0747817145453559
1 0.4599043846130371 0.21161919699774848 0.029276204109191895 0.06282511817084419
1 0.589182186126709 0.2661370171440972 0.04193544387817383 0.06757719251844618
0 0.4030312538146973 0.27470389472113715 0.01697254180908203 0.07244597540961371
0 0.6726972907781601 0.31942699485354953 0.018883198499679565 0.06107621192932129
0 0.3819503903388977 0.23566233317057292 0.013843607902526856 0.0610709720187717
0 0.3116018056869507 0.33215721978081597 0.0204134464263916 0.08432490030924479
0 0.7471335053443908 0.5747677909003364 0.029250073432922363 0.12706625196668836
0 0.7557292938232422 0.7131126403808594 0.03932762145996094 0.16106414794921875
0 0.4262645751237869 0.23261098861694335 0.012810677289962769 0.05688313378228082
0 0.3410812221467495 0.24336727990044488 0.01666734367609024 0.05770000881618924
0 0.3658405303955078 0.20617957644992405 0.011662280559539795 0.049852244059244794
0 0.8953264117240906 0.8500504599677192 0.045663762092590335 0.15375404357910155
0 0.9819196701049805 0.804203372531467 0.03525199890136719 0.13948754204644098
0 0.39789022505283356 0.20590523613823786 0.012549608945846558 0.05057746039496528
0 0.8623895645141602 0.43404276106092665 0.04176063537597656 0.07402059766981336
0 0.6406449913978577 0.340439944797092 0.02022421360015869 0.07754016452365452
0 0.5590523958206177 0.17895186212327746 0.011029720306396484 0.05165819591946072
3 0.9665387034416199 0.568558226691352 0.06606733798980713 0.2730444590250651
0 0.9351948976516724 0.7976106007893881 0.047044897079467775 0.16617804633246527
3 0.45693945288658144 0.15119646390279134 0.02371283769607544 0.058606751759847
1 0.5302118360996246 0.14748375680711534 0.020634686946868895 0.04155456754896376
0 0.0763397604227066 0.3648099263509115 0.05081791281700134 0.07188220553927951
0 0.9853428840637207 0.7158258226182725 0.02885894775390625 0.1157594468858507
0 0.7504035413265229 0.4933452818128798 0.02682396173477173 0.08555929395887586
1 0.153855162858963 0.9584008746676975 0.13740304708480836 0.08319825066460504
0 0.6561236619949341 0.40279371473524306 0.019083118438720702 0.08793809678819445
0 0.811900669336319 0.42794793446858725 0.026117169857025148 0.07744856940375434
0 0.41735994517803193 0.20180407100253636 0.012850528955459595 0.04815823237101237
0 0.7826038360595703 0.41585752699110246 0.02652568817138672 0.08761028713650174
0 0.4993237316608429 0.2880249129401313 0.017332160472869874 0.0756816652086046
0 0.39632118940353395 0.8148561689588759 0.0073576211929321286 0.11513561672634548
0 0.5410665154457093 0.16175998051961263 0.009249424934387207 0.041301027933756514
0 0.43418107032775877 0.1579418977101644 0.008828282356262207 0.03809516694810655
0 0.7040739893913269 0.30400518894247297 0.03079354763031006 0.03011278470253779
