3 0.7770117968320847 0.5639815224541558 0.2194632112979889 0.4433788299560547
1 0.607321810722351 0.5822741826375325 0.09214420318603515 0.15387467278374567
1 0.4494354248046875 0.34773957994249133 0.049272346496582034 0.12118852403428819
0 0.4197824478149414 0.500945176018609 0.027979087829589844 0.1181542714436849
0 0.4524673104286194 0.5855213589138455 0.02950606346130371 0.13719134860568577
0 0.39260385036468504 0.5618228488498264 0.024430131912231444 0.12695193820529513
0 0.24509060382843018 0.46254560682508683 0.02838892936706543 0.11623162163628473
0 0.6912430703639985 0.6421472125583225 0.03643432855606079 0.13792779710557726
0 0.13101141452789306 0.7878267076280382 0.042374181747436526 0.19226786295572917
0 0.3684147834777832 0.8880842420789931 0.04887943267822266 0.21204020182291666
0 0.35546962842345237 0.5468387815687391 0.02792932540178299 0.12881211174858942
0 0.619169982150197 0.2955574671427409 0.014845534414052963 0.06447495354546441
0 0.20936958789825438 0.3758924378289117 0.0437166690826416 0.07160616980658638
0 0.36761864423751833 0.6557188563876681 0.03109724521636963 0.13210264841715494
0 0.42739167213439944 0.7977655198838975 0.041661834716796874 0.20202145046657985
2 0.5693791747093201 0.38786920971340605 0.07029011249542236 0.15226781633165148
0 0.1185430645942688 0.6462404463026259 0.040642499923706055 0.16543638441297742
0 0.9689682006835938 0.9217045254177517 0.06138172149658203 0.15659094916449653
0 0.2471095085144043 0.7683761596679688 0.03924484252929687 0.18905029296875
1 0.41066324412822724 0.2427859942118327 0.031636792421340945 0.06712233225504557
0 0.6331587672233582 0.3374474002255334 0.01809647083282471 0.07505362696117825
0 0.38171226978302003 0.3992582321166992 0.021238946914672853 0.0974920908610026
1 0.45494064688682556 0.2630308151245117 0.0369254469871521 0.0654568142361111
0 0.3193302869796753 0.4894566853841146 0.0258636474609375 0.11831910875108508
0 0.4156818389892578 0.30792338053385415 0.018292999267578124 0.07477459377712674
0 0.2570655345916748 0.9222250196668836 0.0651810646057129 0.15140414767795138
0 0.7578898906707764 0.8262006971571181 0.058954048156738284 0.17409396701388888
0 0.2941866397857666 0.4682237042321099 0.0234283447265625 0.10195095274183485
0 0.9095465660095214 0.7414119296603733 0.043631362915039065 0.15531260172526043
0 0.33008906289469453 0.3955368465847439 0.01842534155584872 0.09371109008789062
0 0.9064478278160095 0.5876906712849935 0.025987887382507326 0.0884404076470269
2 0.6873359680175781 0.41472184658050537 0.06540770530700683 0.142254728741116
3 0.9659523844718934 0.5716916402180989 0.0678396463394165 0.27375217013888886
0 0.3611207246780396 0.3702039917310079 0.016590118408203125 0.07814100318484836
0 0.5557323575019837 0.20509156121148003 0.011883997917175293 0.05171169704861111
0 0.6463156461715698 0.3194296095106337 0.017015838623046876 0.06108144124348958
0 0.5572405576705932 0.30264559268964353 0.013918304443359375 0.027490447362005295
2 0.7717020988464356 0.5625267028808594 0.23775634765625 0.43840179443359373
0 0.1095353603363037 0.3523535304599338 0.04929521083831787 0.07263211144341362
1 0.513633918762207 0.1918817202250163 0.02462592124938965 0.051462279425726995
0 0.6038303576409817 0.24518603218926324 0.007660715281963349 0.05789597829182943
0 0.9653993606567383 0.8232052273220486 0.06658210754394531 0.1300021701388889
0 0.31487847566604615 0.37789731555514866 0.01793715953826904 0.0784349865383572
0 0.5995884299278259 0.3178445259730021 0.017152905464172363 0.05791127416822645
0 0.578300940990448 0.2495782216389974 0.013605284690856933 0.05644272698296441
0 0.7030075907707214 0.2912041664123535 0.03227751255035401 0.06250650617811415
0 0.8135250210762024 0.4258556577894423 0.026673007011413574 0.07763642205132379
1 0.43872331976890566 0.15530507299635146 0.020127999782562255 0.045153946346706816
0 0.2983131408691406 0.3488362630208333 0.021631622314453126 0.07520811292860242
0 0.38374397456645964 0.2895927323235406 0.015013569593429565 0.06654644012451172
0 0.5695716500282287 0.17750005722045897 0.012068486213684082 0.04329001108805339
0 0.2481556534767151 0.6921512179904514 0.03640811443328858 0.03791978624131945
0 0.9817118644714355 0.7487011379665799 0.036576271057128906 0.11882154676649305
0 0.29173620939254763 0.41147760550181073 0.022165989875793456 0.07145801650153266
0 0.3418822526931763 0.3550474060906304 0.017972564697265624 0.0746402104695638
1 0.5710965156555176 0.3882661607530382 0.06902561187744141 0.15491578843858506
0 0.3271145008504391 0.3274434407552083 0.013402740657329559 0.06875025431315104
0 0.5669134974479675 0.2631344265407986 0.012844252586364745 0.058125135633680554
0 0.6563810110092163 0.28918688032362194 0.0205902099609375 0.06507309807671441
0 0.3640419006347656 0.32590515348646376 0.018471527099609374 0.05999295976426866
0 0.8618049621582031 0.43172249264187285 0.04361214637756348 0.07717433505588107
1 0.46511900424957275 0.20976477728949652 0.02730216979980469 0.0594390869140625
0 0.3642374470829964 0.2682382901509603 0.015166613459587096 0.05388529035780165
0 0.37619842290878297 0.31136690775553383 0.01573173999786377 0.04495603773328993
0 0.5492852210998536 0.17327341503567165 0.011765289306640624 0.043271276685926646
