1 0.4000747048761696 0.6648186471727159 0.1574471545405686 0.21262438032362196
0 0.6870225548744202 0.4899824990166558 0.024998021125793458 0.10985662672254774
0 0.3859620332717896 0.42964935302734375 0.021892786026000977 0.10241631401909722
0 0.742497730255127 0.52306031121148 0.02941303253173828 0.12604420979817707
0 0.3641467571258545 0.9174274020724826 0.06883535385131836 0.15878499348958333
0 0.18764103651046754 0.6385926564534505 0.03210785388946533 0.14122755262586806
0 0.6020521640777587 0.4858757866753472 0.03935184478759766 0.11970197889539931
0 0.27690365314483645 0.7078958299424913 0.045046424865722655 0.14854855007595485
1 0.3562614321708679 0.6359894646538629 0.08747713565826416 0.1499660915798611
0 0.6716725111007691 0.41657839351230197 0.02279510498046875 0.09260587692260742
0 0.7769956588745117 0.6347554524739584 0.03291301727294922 0.14216817220052083
0 0.8072039127349854 0.5675296359592014 0.026839685440063477 0.12027545505099826
0 0.40653200149536134 0.37099024454752605 0.021776413917541503 0.09466459486219618
0 0.5561962127685547 0.705488755967882 0.043482398986816405 0.17733387417263455
0 0.2502593517303467 0.611872312757704 0.03409357070922851 0.12696473863389757
0 0.8846244812011719 0.9225107828776041 0.06154327392578125 0.15449591742621527
0 0.860048508644104 0.6760719511244032 0.04534153938293457 0.14845602247450088
0 0.7085360765457154 0.606530655754937 0.03041651248931885 0.1282337188720703
0 0.12936997413635254 0.7649130927191841 0.04302968978881836 0.18190748426649306
0 0.19257137775421143 0.912691413031684 0.05383453369140625 0.16730516221788194
0 0.7116753995418549 0.43660767873128253 0.02118793725967407 0.09071625603569879
0 0.6104112695160439 0.48791158464219836 0.02077371567429509 0.11265085008409288
0 0.695200514793396 0.3815007951524523 0.02307891845703125 0.08256802029079861
0 0.2818707346916199 0.35384584003024633 0.02424004077911377 0.08196642133924696
0 0.5716456294059753 0.29289446936713326 0.015984463691711425 0.06622348361545138
0 0.5571138978004455 0.6609478844536676 0.042264342308044434 0.10018607245551216
1 0.3168939113616943 0.3889493730333116 0.04581584930419922 0.11182590060763889
0 0.3971924692392349 0.2814449734157986 0.013745540380477905 0.06481831868489583
0 0.625955319404602 0.3201569159825643 0.01569681167602539 0.06253605418735081
0 0.6418344497680664 0.34418525695800783 0.01889066696166992 0.08255047268337673
0 0.606621503829956 0.3261577606201172 0.019443511962890625 0.08021664089626736
3 0.3172954559326172 0.37736157112651403 0.04576630592346191 0.13385671377182007
0 0.6713153123855591 0.3259039454989963 0.01778383255004883 0.07298348744710287
0 0.25919785499572756 0.5045539008246528 0.0663681983947754 0.11091461181640624
0 0.07350908517837525 0.951226806640625 0.07254602909088134 0.09654914008246528
0 0.3800243854522705 0.27865479787190756 0.01573638916015625 0.06679098341200086
0 0.8627042770385742 0.4380364523993598 0.04308323860168457 0.06419868469238281
0 0.4121034234762192 0.26325050989786786 0.013840180635452271 0.05876928965250651
1 0.5229856908321381 0.2025654633839925 0.025279629230499267 0.0559881952073839
1 0.4269562989473343 0.3085472642133633 0.026042288541793822 0.03820998825960689
0 0.3540999464690685 0.34963577058580186 0.023897601664066313 0.0878183364868164
3 0.9676042199134827 0.5691849602593316 0.06293785572052002 0.25016903347439234
0 0.55705486536026 0.2593786663479275 0.014762568473815917 0.06168810526529948
0 0.5921048045158386 0.28469594319661456 0.014615797996520996 0.06294080946180555
0 0.2302008628845215 0.43487845526801217 0.048013734817504886 0.09356519911024305
0 0.27450833320617674 0.6707592858208551 0.04543380737304688 0.08037516276041666
0 0.23198429346084595 0.42657610575358074 0.02844674587249756 0.07423841688368056
0 0.3810542583465576 0.2995916942755381 0.013448190689086915 0.021405610773298476
1 0.3313992850482464 0.38242194387647843 0.02217357009649277 0.13163563410441081
0 0.60752837525215 0.24844899707370335 0.01377679076977074 0.05611803266737196
0 0.553568160533905 0.3289578543768989 0.028055024147033692 0.0801365746392144
1 0.4307995796203613 0.28012905120849607 0.028203272819519044 0.08993208143446181
0 0.580873990058899 0.2316864013671875 0.012495946884155274 0.051676644219292536
0 0.19510391354560852 0.9418189154730903 0.04901198148727417 0.11636216905381945
0 0.39625918567180635 0.3004487289322747 0.014914172887802123 0.023119680086771646
0 0.5519047260284424 0.21261285146077474 0.015031194686889649 0.05013372633192274
0 0.5716461300849914 0.30774214930004545 0.016474604606628418 0.03737379444970025
0 0.24343521595001222 0.5184866375393338 0.03763060569763184 0.08704066806369358
0 0.23127758502960205 0.4700294706556532 0.02851133346557617 0.07210409376356337
0 0.4425362229347229 0.1812311808268229 0.01024003028869629 0.04274643792046441
0 0.4064167618751526 0.2209173944261339 0.012179529666900635 0.047261153327094185
0 0.2863142371177673 0.5041252824995253 0.023218607902526854 0.08565693961249457
0 0.13191093802452086 0.6885716120402018 0.03949536085128784 0.04507899814181858
3 0.48687171936035156 0.3037088606092665 0.10468492507934571 0.13311581081814236
0 0.36744108200073244 0.34457177056206595 0.018468141555786133 0.08414647844102648
0 0.7032157182693481 0.29137050840589734 0.03180694580078125 0.061411137051052514
0 0.3767103984951973 0.2367730776468913 0.015965577960014344 0.05820068783230252
0 0.8017368316650391 0.4272885216606988 0.05102882385253906 0.09617911444769965
0 0.26464935541152956 0.5163751178317599 0.035036683082580566 0.09667595757378472
0 0.6688562035560608 0.3660064803229438 0.018120121955871583 0.0694841808742947
0 0.3463628597557545 0.30349999533759225 0.01851551979780197 0.06449769337972006
0 0.6484405875205994 0.3176496081882053 0.013609004020690919 0.05135769314236111
0 0.21613972187042235 0.448158253563775 0.022831487655639648 0.0709390640258789
0 0.5905474066734314 0.3023333854145474 0.013344120979309083 0.026888993051317003
0 0.8134175539016724 0.4451482507917616 0.024903392791748045 0.06813287734985352
0 0.3953034281730652 0.29984278347757126 0.009316849708557128 0.021907789177364773
0 0.36815974712371824 0.33263968957795037 0.014241409301757813 0.056754344039493136
0 0.39424561262130736 0.21351274914211696 0.011186814308166504 0.049087036980523004
0 0.27095215320587157 0.4665324052174886 0.022286748886108397 0.07338914871215821
0 0.3066200852394104 0.23679562674628363 0.012925839424133301 0.05139480166965061
0 0.7024162411689758 0.3039727785831524 0.030626749992370604 0.029694087244570254
3 0.4298719882965088 0.27904815673828126 0.026885032653808594 0.09543787638346354
0 0.43130128383636473 0.17974120775858562 0.010342669486999512 0.04081508848402235
0 0.6717938303947448 0.28119308683607314 0.01845595836639404 0.05475338829888238
1 0.3286088326596655 0.3455493185255263 0.016335056419484316 0.0771974139743381
0 0.259922468662262 0.4933563126458062 0.03254425525665283 0.07493907080756293
