1 0.2923035383224487 0.7991115570068359 0.08460617065429688 0.1576412624782986
1 0.5612824320793152 0.6223125669691297 0.06279518604278564 0.08253406948513455
1 0.37291755676269533 0.6012135717603896 0.05371551513671875 0.09813802507188585
0 0.3756694793701172 0.5989331563313802 0.05944547653198242 0.10246344672309028
0 0.5615451812744141 0.6220573001437717 0.061907958984375 0.0858229743109809
1 0.5463604032993317 0.4711980183919271 0.053553330898284915 0.04791069030761719
0 0.6617108821868897 0.5132758246527778 0.05691738128662109 0.08509589301215278
1 0.66280677318573 0.5123510784573025 0.05701904296875 0.08700404696994357
1 0.5015508711338044 0.44032090504964194 0.04228943586349487 0.042618009779188365
0 0.38303298950195314 0.52432861328125 0.05332231521606445 0.06604537963867188
1 0.45901442766189576 0.44850358963012693 0.03716177940368652 0.03867227766248915
1 0.38390734493732454 0.522390545739068 0.05308874249458313 0.06374200185139973
0 0.26543598175048827 0.536075931125217 0.05225181579589844 0.08253868950737847
0 0.38008263111114504 0.4400703854031033 0.028111886978149415 0.04692620171440972
1 0.9096767425537109 0.5930797153049046 0.07589931488037109 0.06871541341145833
0 0.9101984024047851 0.5941089206271701 0.07644214630126953 0.06957448323567708
0 0.28492447137832644 0.414938931994968 0.02918365001678467 0.03363267050849067
1 0.26564736366271974 0.5338424470689561 0.05105857849121094 0.08498263888888889
1 0.3800566554069519 0.43949982325236003 0.028075337409973145 0.04809163411458333
1 0.3539601922035217 0.41797153155008954 0.03838379383087158 0.032582696278889975
0 0.5466045379638672 0.4720404730902778 0.05108642578125 0.046080695258246526
1 0.28473262786865233 0.4133306238386366 0.029870367050170897 0.032016192542182076
0 0.4588563024997711 0.4476489596896701 0.036734163761138916 0.03934665256076389
3 0.30552695989608764 0.5564329147338867 0.13138625621795655 0.30935639275444876
1 0.3273968301713467 0.791101688808865 0.014168660342693328 0.172547361585829
