3 0.7469668626785279 0.5991627679930793 0.29393372535705564 0.5523268620173136
1 0.4092170000076294 0.14253360430399578 0.034409523010253906 0.052615621354844835
0 0.35768373012542726 0.6653128306070963 0.07965607643127441 0.16283798217773438
1 0.28319329023361206 0.16180999014112685 0.03718512058258057 0.06459137598673502
2 0.7560983896255493 0.4581038051181369 0.3121967792510986 0.3903552797105577
1 0.2795691013336182 0.46040373908148874 0.10584278106689453 0.14750934176974825
3 0.17183377742767333 0.5642069922553168 0.21916003227233888 0.2783602396647135
3 0.23031845688819885 0.03125776979658339 0.12402414083480835 0.06251553959316677
1 0.17151637077331544 0.5709109836154513 0.22049760818481445 0.2855139838324653
1 0.16913967132568358 0.23576910230848525 0.06313600540161132 0.11428604125976563
1 0.4218220144510269 0.05715744495391846 0.0244790256023407 0.034815104802449544
3 0.27988203763961794 0.45957126087612576 0.1000532865524292 0.1364135848151313
0 0.8806433320045471 0.965905147128635 0.03353440761566162 0.06747559441460503
0 0.32554555907845495 0.48003520965576174 0.010466118156909943 0.11624938117133246
