1 0.5468534886837005 0.5905266337924533 0.06546379327774048 0.08332131703694662
1 0.5877952337265014 0.502774625354343 0.07231559753417968 0.09067771699693468
1 0.8553711175918579 0.6880805863274468 0.09869799613952637 0.13041316138373482
1 0.2928733229637146 0.7051142904493544 0.06895458698272705 0.13057062360975477
0 0.24497065544128419 0.5114103953043619 0.04568824768066406 0.07656504313151041
3 0.4309807181358337 0.7381759537590875 0.2213364362716675 0.5236480924818251
1 0.29893808364868163 0.4703995810614692 0.04253673553466797 0.046685791015625
1 0.6808845520019531 0.4723091549343533 0.06015000343322754 0.07056647406684027
0 0.6121688973915298 0.5092119640774198 0.02415144204860553 0.08037868075900607
0 0.5471162796020508 0.5904676225450304 0.06631679534912109 0.08555552164713541
1 0.48068420886993407 0.44282938639322916 0.060534214973449706 0.10835719638400608
1 0.24387452602386475 0.5110769483778211 0.04655303955078125 0.07374454074435764
0 0.6810637950897217 0.47222968207465277 0.060262870788574216 0.0688874986436632
1 0.5655359506607056 0.7687021255493164 0.0857008934020996 0.1668815188937717
1 0.2908050060272217 0.6738868501451281 0.0671468734741211 0.07444852193196615
0 0.2926527500152588 0.4706876966688368 0.054938459396362306 0.05071495903862847
1 0.3825404405593872 0.42338990105523006 0.034496212005615236 0.03919313218858507
0 0.3821547329425812 0.4241974565717909 0.03340978622436523 0.03906433317396376
0 0.5653079986572266 0.736617194281684 0.0860870361328125 0.22221539815266927
0 0.8545839309692382 0.6894663492838542 0.09896583557128906 0.12870720757378473
2 0.31938824653625486 0.575796021355523 0.15270028114318848 0.16525527106391058
1 0.9243120670318603 0.6723703384399414 0.04761099815368652 0.05293439229329427
1 0.32246758937835696 0.5989456600613065 0.15506482124328613 0.2189340379503038
0 0.9245022654533386 0.6723521126641168 0.047638773918151855 0.0526938968234592
3 0.2935632526874542 0.732336155573527 0.21287349462509156 0.535327688852946
