1 0.5859581470489502 0.8327198664347331 0.10246453285217286 0.18201077779134114
1 0.6314231276512146 0.6561530431111654 0.09921047687530518 0.10893881056043837
1 0.35619118213653567 0.5815812852647569 0.05231490135192871 0.07435552808973524
0 0.49456100463867186 0.6413461049397786 0.059654521942138675 0.10098681979709201
1 0.2533396542072296 0.9091743893093533 0.11247671842575073 0.18124457465277777
1 0.8411686897277832 0.9034595913357205 0.1550882339477539 0.19308081732855903
0 0.35634336471557615 0.5813357883029514 0.049664306640625 0.07517327202690972
1 0.41799006462097166 0.7420889112684462 0.08304052352905274 0.1628911336263021
1 0.4471303582191467 0.46341673533121747 0.040460515022277835 0.04771253797743055
0 0.4476369857788086 0.46219236585828993 0.04149150848388672 0.04751807318793403
0 0.2636433124542236 0.5516427781846788 0.0494807243347168 0.06011064317491319
1 0.38779534101486207 0.7358907911512587 0.02440931797027588 0.16516359117296006
0 0.2839430570602417 0.6741771697998047 0.07249579429626465 0.14155315823025175
1 0.49508798122406006 0.6396648936801487 0.0601654052734375 0.10300545162624783
1 0.2615739941596985 0.5520924674140082 0.054338383674621585 0.06594662136501736
0 0.6105093002319336 0.543034659491645 0.05347499847412109 0.059143744574652775
1 0.5458488464355469 0.45226387447781036 0.040992212295532224 0.049905946519639754
0 0.5451176643371582 0.4534222920735677 0.04079742431640625 0.05422634548611111
0 0.2543442964553833 0.9082945081922743 0.11326203346252442 0.17975938585069445
0 0.5359239220619202 0.5050130632188585 0.036866259574890134 0.04853685167100694
0 0.8073692321777344 0.5803225199381511 0.06014957427978516 0.11417965359157986
1 0.8062372624874115 0.605271742078993 0.05843764543533325 0.06291775173611111
1 0.5358977019786835 0.5049596150716146 0.03654094934463501 0.0492423587375217
0 0.58718843460083 0.832024892171224 0.09954414367675782 0.17184058295355903
1 0.6111102819442749 0.5444745911492241 0.05382537841796875 0.06416585710313585
0 0.8060966491699219 0.6034985012478299 0.05737919807434082 0.06365593804253472
1 0.4234604060649872 0.5650983598497179 0.09644006490707398 0.1999267578125
1 0.6189182206988335 0.823897573682997 0.03748982846736908 0.17330445183648002
2 0.6181728407740593 0.8242827733357747 0.03634568154811859 0.17286949157714843
0 0.8408129692077637 0.9034042358398438 0.1556934356689453 0.1925777859157986
1 0.37996009588241575 0.5182172563340929 0.03935897350311279 0.05542538960774739
1 0.8140918970108032 0.5473731676737468 0.0577547550201416 0.05515668657090929
0 0.630546760559082 0.6717007531060113 0.09841766357421874 0.13888744778103299
