1 0.237495 0.738995 0.093751 0.145164
1 0.358525 0.806709 0.103897 0.167037
1 0.139460 0.922390 0.142247 0.155221
1 0.245076 0.554849 0.060670 0.098879
0 0.704193 0.466326 0.022062 0.072751
1 0.654409 0.515744 0.052248 0.094363
0 0.744555 0.477873 0.025677 0.075887
0 0.770263 0.696395 0.034372 0.110491
1 0.418021 0.608747 0.062833 0.115492
0 0.407804 0.474153 0.024883 0.078607
1 0.360424 0.489922 0.046347 0.067075
0 0.661275 0.417903 0.021117 0.059612
2 0.116272 0.556281 0.149064 0.264819
3 0.925307 0.700357 0.141496 0.542019
1 0.592606 0.352783 0.032594 0.046354
1 0.667616 0.776107 0.097662 0.164344
0 0.021624 0.515037 0.029217 0.094454
0 0.623348 0.379253 0.019653 0.049921
3 0.091315 0.579922 0.092929 0.216764
1 0.571993 0.407378 0.038617 0.063369
0 0.212039 0.377982 0.019253 0.058693
1 0.335044 0.541438 0.058589 0.105740
0 0.338365 0.379373 0.021301 0.064448
