1 0.5655780017375946 0.8883638593885633 0.13141356706619262 0.1637052747938368
1 0.5442766189575196 0.6666613154941134 0.044598627090454104 0.061884498596191405
1 0.19660482406616211 0.9036539713541667 0.18745431900024415 0.184759521484375
0 0.020146238803863525 0.8781085544162326 0.03864799737930298 0.10292561848958333
0 0.5445345878601074 0.6676407708062067 0.04486274719238281 0.060891215006510416
1 0.4672870934009552 0.8383499569363064 0.07404345273971558 0.09252946641710069
3 0.22076475620269775 0.9061548656887478 0.13666996955871583 0.18749334547254776
2 0.687884920835495 0.6640829934014214 0.17576984167099 0.08829994201660156
0 0.615645692346152 0.8784440146552192 0.030845384602434932 0.15835261874728732
1 0.6152250713115791 0.8777859157986111 0.03036286711576395 0.1599853515625
3 0.2218410849571228 0.9428492652045356 0.13652184009552001 0.1132936265733507
3 0.3562867760658264 0.43021734025743275 0.08742644786834716 0.28265690273708766
0 0.129696261882782 0.9153188705444336 0.058484458923339845 0.16519109937879775
