1 0.6680814675986767 0.7261336008707683 0.09959761053323746 0.11276126437717014
1 0.6380206227302552 0.5017767588297526 0.0665175199508667 0.09246080186631944
1 0.8065862357616425 0.6706132147047255 0.07941018342971802 0.09626763661702474
1 0.3923640787601471 0.6159376356336805 0.05318871736526489 0.08619808620876736
1 0.5918971419334411 0.8333342658148871 0.09876353740692138 0.18218307495117186
1 0.4441565364599228 0.9292884826660156 0.11143806576728821 0.14029405381944443
1 0.3107125997543335 0.5140141805013021 0.045703887939453125 0.054838604397243924
0 0.39117233753204345 0.615720452202691 0.05406785011291504 0.08883819580078126
0 0.28428802490234373 0.6311119927300347 0.054944515228271484 0.10225626627604166
0 0.2810889482498169 0.7838670518663194 0.08759465217590331 0.1590387980143229
0 0.8068328857421875 0.6706715477837457 0.07921161651611328 0.09674928453233507
1 0.789081484079361 0.5439333173963758 0.06976083517074586 0.07782372368706597
1 0.47944909930229185 0.5919222619798449 0.06569465398788452 0.10503270890977648
0 0.3113610506057739 0.5172999911838108 0.046548891067504886 0.05901455349392361
1 0.2843777179718018 0.6326128641764323 0.05469555854797363 0.09867460462782118
1 0.2817708969116211 0.7921761830647787 0.08671073913574219 0.1449374728732639
0 0.7888037204742432 0.5436508178710937 0.06820173263549804 0.07477569580078125
0 0.591243839263916 0.8345374213324652 0.09746627807617188 0.18030158148871528
0 0.42438373565673826 0.5648036532931857 0.04587764739990234 0.07317555745442708
0 0.668110466003418 0.7272245619032118 0.09855060577392578 0.11402180989583334
1 0.2539887189865112 0.5471197446187337 0.047220611572265626 0.0811687257554796
0 0.47969741821289064 0.5938338385687933 0.06898345947265624 0.100555419921875
1 0.42426716089248656 0.5647961298624674 0.047751426696777344 0.07039722866482205
0 0.6378041267395019 0.5020559522840712 0.06551074981689453 0.08919118245442709
0 0.5334630846977234 0.44804552925957575 0.04177777767181397 0.05548869238959418
1 0.3793565034866333 0.49252823723687067 0.0412869930267334 0.10166998969184028
1 0.5339784622192383 0.4470020294189453 0.04212379455566406 0.0541731940375434
