1 0.816489 0.708363 0.093479 0.160023
1 0.671412 0.609331 0.060814 0.115840
1 0.430597 0.791958 0.096872 0.178052
1 0.725256 0.794999 0.090440 0.152169
1 0.216958 0.919115 0.119511 0.158607
1 0.829565 0.571144 0.061081 0.095885
3 0.697524 0.464905 0.044075 0.095867
1 0.366155 0.603010 0.072296 0.121177
1 0.773668 0.477242 0.042555 0.075886
1 0.742710 0.545700 0.057642 0.128574
1 0.021598 0.824270 0.042249 0.158167
0 0.990474 0.531340 0.018770 0.101499
0 0.931800 0.658804 0.029996 0.090815
1 0.408217 0.529653 0.051474 0.080788
1 0.381807 0.446829 0.042596 0.069149
