1 0.754809 0.861573 0.110064 0.232147
1 0.813929 0.690325 0.078728 0.128112
1 0.867603 0.821470 0.102557 0.162391
1 0.959127 0.774478 0.081747 0.183316
1 0.759402 0.579640 0.063427 0.103959
1 0.686186 0.676865 0.068523 0.121262
1 0.884920 0.666016 0.073522 0.110274
0 0.300177 0.760881 0.034976 0.126079
1 0.664033 0.573188 0.055383 0.086880
2 0.838386 0.571794 0.068740 0.127999
0 0.273855 0.708495 0.032453 0.114530
1 0.053954 0.925737 0.107430 0.148526
0 0.261157 0.636719 0.031570 0.097918
1 0.646854 0.501011 0.050439 0.086202
0 0.447377 0.405153 0.020553 0.058915
1 0.722895 0.527799 0.043133 0.078080
