1 0.5917568325996398 0.835916625128852 0.11107933521270752 0.19929957919650607
1 0.6701442003250122 0.7262058893839518 0.09865226745605468 0.12562217712402343
1 0.2540254592895508 0.5492142783270941 0.0490875244140625 0.0766845703125
1 0.6378113269805908 0.5014802720811632 0.06624412536621094 0.08833389282226563
0 0.8069948196411133 0.668628438313802 0.0795738697052002 0.09699808756510417
1 0.3812971949577332 0.61306275261773 0.03736388683319092 0.10458628336588542
1 0.8064286112785339 0.6717872407701281 0.08005368709564209 0.09837218390570747
1 0.478780996799469 0.594780519273546 0.06525299549102784 0.10817879570855035
1 0.4441927820444107 0.9327544954088 0.10832781195640565 0.13449100918240017
0 0.39241366386413573 0.6193464491102431 0.05455179214477539 0.094366455078125
0 0.4786661624908447 0.5946902804904514 0.06311988830566406 0.10117679172092015
1 0.2842216730117798 0.6308012538486056 0.05438494682312012 0.09575926462809245
0 0.7894491195678711 0.5435384114583334 0.06730613708496094 0.06785312228732639
1 0.7892935037612915 0.5442178302341037 0.06821441650390625 0.06644032796223959
1 0.4222246378660202 0.5642038345336914 0.048868709802627565 0.06623115539550781
0 0.6701920509338379 0.7268312242296007 0.09587268829345703 0.12772144741482205
1 0.28168842792510984 0.7954467137654623 0.0867833137512207 0.14382921854654948
0 0.28150057792663574 0.6284570905897352 0.05823407173156738 0.10377561781141494
0 0.25386867523193357 0.5469810485839843 0.04869832992553711 0.08009880913628473
0 0.423277473449707 0.5635837131076389 0.05313682556152344 0.06636420355902778
0 0.6382325172424317 0.501717037624783 0.0649078369140625 0.08543226453993055
0 0.5906382083892823 0.831925794813368 0.10933713912963867 0.1947601318359375
1 0.3117774248123169 0.5153546545240614 0.04642343521118164 0.053364668952094185
0 0.2812012195587158 0.7819334242078994 0.08543710708618164 0.1592135959201389
1 0.3789437174797058 0.49143049452039933 0.04194152355194092 0.1096085442437066
0 0.395018470287323 0.9171080271402995 0.009441971778869629 0.1071489969889323
0 0.30950336456298827 0.5215098910861545 0.051914119720458986 0.06626976860894097
