1 0.7692674934864044 0.8488247765435113 0.12884453535079957 0.1897918701171875
1 0.2324507236480713 0.50419127146403 0.04539856910705566 0.07164349026150174
1 0.7546737551689148 0.6232824007670085 0.07516365051269532 0.08099282582600911
1 0.3019734263420105 0.6501709620157877 0.05527327060699463 0.10717964172363281
1 0.8600671768188477 0.6341067843967014 0.08977866172790527 0.09141260782877604
1 0.37426941394805907 0.5153137101067438 0.04913344383239746 0.07015098995632596
1 0.6796619027853013 0.7306008656819661 0.09639163613319397 0.13823267618815105
0 0.30253446102142334 0.6485751681857639 0.05575008392333984 0.10615217420789931
1 0.6554738521575928 0.5188794983757867 0.06206698417663574 0.07929905785454644
0 0.2315244197845459 0.5044865078396268 0.04486079216003418 0.0707320319281684
0 0.37027478218078613 0.5172922770182292 0.058012962341308594 0.06929100884331597
0 0.6567155361175537 0.5180633544921875 0.06239137649536133 0.07791358100043402
0 0.7006237030029296 0.47390077379014756 0.04023046493530273 0.05660671657986111
0 0.7545871734619141 0.6240521325005426 0.07500457763671875 0.08127619425455729
0 0.5665988922119141 0.4814175499810113 0.04847908020019531 0.04682659573025173
0 0.46537132263183595 0.5142155117458768 0.05864782333374023 0.0883882310655382
1 0.3773357391357422 0.5852086808946397 0.0446840763092041 0.0967259301079644
0 0.6800933837890625 0.7287078857421875 0.0980184555053711 0.1395840115017361
0 0.379072380065918 0.5861916012234158 0.0467646598815918 0.0956313239203559
1 0.324051296710968 0.5332715776231554 0.03411400318145752 0.05704994201660156
0 0.4261614799499512 0.5660685221354167 0.05115566253662109 0.07115817599826389
1 0.5667647600173951 0.4816135883331299 0.0492091178894043 0.04677148395114475
1 0.9474265813827515 0.6239967346191406 0.09726638793945312 0.07701594034830729
0 0.4713472843170166 0.46443396674262155 0.04624490737915039 0.04982757568359375
0 0.6170702934265136 0.462520260281033 0.05439453125 0.0678009033203125
1 0.6959968209266663 0.4741514417860243 0.04811265468597412 0.0594069586859809
1 0.9103939056396484 0.6235245174831814 0.17390823364257812 0.08517142401801216
1 0.3309787848615088 0.5336005104912652 0.0208742719842121 0.058588663736979164
0 0.3259596824645996 0.5317586263020834 0.036894941329956056 0.06424594455295139
1 0.4258006513118744 0.5671460681491428 0.05020195245742798 0.07314961751302083
1 0.44226584732532503 0.7616215176052518 0.07335168719291688 0.12553685506184895
1 0.46576895117759703 0.5192218886481391 0.05743499994277954 0.08056583404541015
1 0.36500877141952515 0.6235780080159505 0.06863677501678467 0.17061826917860243
0 0.3709425926208496 0.434588623046875 0.032373237609863284 0.03564046223958333
1 0.37389198541641233 0.4353185229831272 0.0411203145980835 0.03783959282769097
