0 0.35466048717498777 0.5560028923882379 0.06024465560913086 0.097998046875
1 0.35450645685195925 0.5545934147304958 0.06254441738128662 0.09815938737657336
0 0.8822734832763672 0.6290615505642361 0.053064727783203126 0.07360365125868056
1 0.696333321928978 0.5845322714911567 0.0664358913898468 0.07264188130696615
0 0.24777653217315673 0.4995054668850369 0.04275531768798828 0.08802808125813802
0 0.44478163719177244 0.5786119249131945 0.052736091613769534 0.07333941989474826
0 0.6713857650756836 0.5150136311848958 0.08284511566162109 0.07882080078125
0 0.6972156524658203 0.5847701178656683 0.06889686584472657 0.07340206570095487
1 0.5200923562049866 0.49322823418511286 0.0567436933517456 0.05412258572048611
0 0.46562752723693845 0.41402917438083225 0.028402876853942872 0.037617323133680554
0 0.27173967361450196 0.572697999742296 0.044073867797851565 0.08368877834743924
0 0.5200518608093262 0.49374525282118054 0.05521392822265625 0.05122833251953125
1 0.381995701789856 0.44130011664496527 0.03541474342346192 0.04028411441379123
1 0.8832928538322449 0.6277468363444011 0.056291747093200686 0.07214092678493923
1 0.753963565826416 0.5113429599338107 0.08612594604492188 0.09868282741970485
0 0.39492985010147097 0.8617792553371854 0.009836649894714356 0.07455160352918837
1 0.43427780270576477 0.8290064281887478 0.08747330904006959 0.14937511020236546
1 0.24804943799972534 0.499578317006429 0.042667937278747556 0.0870431900024414
1 0.4650572776794434 0.4139611032274034 0.028427767753601074 0.03775507609049479
1 0.6752288103103637 0.5159021377563476 0.08676729202270508 0.07954394022623698
