1 0.6715719357132912 0.5325377941131592 0.09730448424816132 0.13956227832370335
1 0.6691494464874268 0.8699657864040798 0.2762299537658691 0.2409847683376736
1 0.6074911594390869 0.42541297276814777 0.10388221740722656 0.16705472734239366
1 0.021965843439102174 0.14996261596679689 0.035987138748168945 0.06147660149468316
1 0.7529197692871094 0.503277587890625 0.08958005905151367 0.13032794528537325
1 0.4535261631011963 0.20501099162631564 0.045836138725280764 0.07581798765394422
1 0.4898899495601654 0.1836721791161431 0.040416252613067624 0.065238708919949
1 0.6733341544866562 0.39466994603474936 0.06932485699653626 0.10314913855658638
1 0.43216400444507597 0.15763865047030978 0.0330549418926239 0.05054051081339518
1 0.5797662019729615 0.21265222761366104 0.04731473922729492 0.06922064887152778
0 0.9296844482421875 0.6481024848090278 0.04302825927734375 0.15106370713975695
3 0.23574988842010497 0.10861168172624376 0.032244110107421876 0.06691768964131674
0 0.8232170104980469 0.6103018866644965 0.039186859130859376 0.14755910237630207
1 0.43655568957328794 0.12010640568203396 0.03221801519393921 0.045050356123182506
3 0.19838237762451172 0.051751032802793716 0.03719520568847656 0.0736866275469462
0 0.8522853136062623 0.5946104897393121 0.02903013229370117 0.11560325622558594
2 0.6073688268661499 0.4256576935450236 0.10138359069824218 0.1732282903459337
0 0.7140708208084107 0.4981028980678982 0.012483358383178711 0.08472961849636501
1 0.019474813342094423 0.22424295213487414 0.038949626684188846 0.0999585469563802
3 0.26255403757095336 0.03241016388249894 0.10650422573089599 0.06456831189700299
3 0.70493586063385 0.7253805902269151 0.2098717212677002 0.5316981633504232
1 0.394132137298584 0.07580179108513727 0.02638200521469116 0.03765620125664605
1 0.640096678212285 0.331793393029107 0.055514725297689436 0.08404013315836588
3 0.6454551756381989 0.23225166002909342 0.09091035127639771 0.2115965419345432
0 0.9917423129081726 0.5549904505411783 0.016515374183654785 0.0838798099093967
1 0.4979140281677246 0.690413326687283 0.2463245391845703 0.19990675184461806
1 0.3886148571968079 0.6887016084459093 0.02268936634063721 0.1308540768093533
3 0.49132020995020864 0.5319030549791124 0.29711383730173113 0.48602833218044705
0 0.9105236411094666 0.6136685689290364 0.027970051765441893 0.0840924580891927
1 0.6627831518650055 0.3030860628104872 0.04193068742752075 0.02691830156577958
1 0.7131441593170166 0.37391003105375503 0.014313507080078124 0.08607411649492051
