3 0.6764091491699219 0.575773349404335 0.15281829833984376 0.5608814153406355
2 0.7624123215675354 0.4753455268012153 0.3248246431350708 0.46584904988606773
1 0.4511919736862183 0.20703460905287002 0.043114662170410156 0.06620455847846138
0 0.07278678119182587 0.5337999873691135 0.037540167570114136 0.09970582326253255
1 0.18611544370651245 0.3228868378533257 0.06798813343048096 0.1066852781507704
1 0.27467570304870603 0.09675571388668484 0.028554201126098633 0.049423964818318684
1 0.0545387864112854 0.4245436350504557 0.1090775728225708 0.21809378729926215
3 0.18613432049751283 0.3324152178234524 0.06944111585617066 0.08705265786912707
1 0.17917885780334472 0.1607715818617079 0.04948525428771973 0.08836224873860678
0 0.4215218275785446 0.10080228646596273 0.010609585046768188 0.04160032802157932
3 0.2338397204875946 0.03262113465203179 0.13052154779434205 0.06524226930406359
0 0.8948845863342285 0.6954054938422309 0.056394767761230466 0.1241878933376736
0 0.3927631348371506 0.07687720457712809 0.0104861319065094 0.03818901379903158
0 0.45179095268249514 0.10625727441575793 0.013334274291992188 0.04033867518107096
3 0.17937092185020448 0.12715728547837998 0.04457789659500122 0.1527978473239475
1 0.45456506609916686 0.08653515709771051 0.027943193912506104 0.039796002705891925
3 0.8672547578811646 0.6312781307432387 0.26210670471191405 0.533741193347507
3 0.7901409149169922 0.877537112765842 0.3620170593261719 0.24492577446831598
3 0.052318304777145386 0.42115559975306194 0.10412734746932983 0.2097411076227824
