0 0.7656310975551606 0.689295588599311 0.025365841388702393 0.11011231740315755
0 0.7879702389240265 0.4910656134287516 0.018955695629119872 0.06773547066582573
0 0.7258183121681213 0.5933530171712239 0.020410585403442382 0.08267220391167535
3 0.46113420724868776 0.7240552425384521 0.2816434144973755 0.535249466366238
3 0.32071709632873535 0.7503216213650173 0.15071921348571776 0.49270731608072915
0 0.794269073009491 0.7268236796061198 0.028717589378356934 0.09739515516493055
0 0.4212154418230057 0.40349706013997394 0.015574759244918824 0.05311660766601563
3 0.7607269644737243 0.7493724611070421 0.32145392894744873 0.5006643931070963
2 0.6943185508251191 0.3375666088528103 0.036161935329437254 0.06670706007215711
1 0.7395085096359253 0.42989292674594454 0.036925983428955075 0.06734223895602756
1 0.6456669449806214 0.5041452937655979 0.04578619003295899 0.08164331648084852
1 0.2618794560432434 0.6240972942776151 0.05471107959747314 0.1093436770968967
1 0.6631667390465736 0.3764520380232069 0.027961286902427673 0.04809397591484917
0 0.7269753515720367 0.38648317125108506 0.014195477962493897 0.04652269151475694
1 0.4434984028339386 0.46602911949157716 0.0383992075920105 0.06388156678941515
