1 0.23635833263397216 0.9382168240017361 0.14477038383483887 0.11997205946180556
1 0.5355506896972656 0.9079715304904514 0.12392520904541016 0.14979587131076388
1 0.37048022747039794 0.7476834403143988 0.058515167236328124 0.08250923156738281
1 0.5798332691192627 0.7022751490275065 0.04730033874511719 0.06385180155436197
1 0.5260765135288239 0.6850961261325412 0.04678119421005249 0.05202996995713976
0 0.37279257774353025 0.7488376193576389 0.06312313079833984 0.08329298231336806
3 0.3563054323196411 0.4216808319091797 0.08579673767089843 0.2655838860405816
1 0.5845077157020568 0.6490256733364529 0.027621912956237792 0.043663046095106336
1 0.6503110885620117 0.628987979888916 0.0326810359954834 0.045573997497558597
3 0.6764113306999207 0.5363594055175781 0.1528226613998413 0.2983147515190972
