1 0.38439084887504577 0.7731861750284831 0.08118480443954468 0.134532716539171
2 0.811817079782486 0.5639600382910834 0.10347603559494019 0.1997513982984755
1 0.5779400706291199 0.4092047373453776 0.03257620334625244 0.051059786478678384
0 0.3795167848467827 0.6275257110595703 0.025910702347755433 0.09171388414171007
1 0.5867396235466004 0.46137151718139646 0.038596510887145996 0.0605479982164171
1 0.6349461436271667 0.4453613599141439 0.03780677318572998 0.06122459835476345
1 0.21644204258918762 0.5093170589870877 0.05505722761154175 0.08498060438368056
1 0.5937959790229798 0.35662424829271105 0.02698814868927002 0.04065724478827582
3 0.41359102427959443 0.4375395589404636 0.056894499063491824 0.145726834403144
1 0.19780532717704774 0.4333938810560438 0.0382611870765686 0.05574499766031901
1 0.6784057140350341 0.7907284206814236 0.09957714080810547 0.16526353624131945
1 0.6202419137582182 0.3936130444208781 0.03161206729710102 0.051526085535685225
1 0.3378409132361412 0.5770731608072917 0.03505682647228241 0.09103380839029948
1 0.23163968324661255 0.3524120979838901 0.02942802906036377 0.03974200089772542
1 0.40366179049015044 0.5497849464416504 0.05180553793907165 0.08882999420166016
3 0.04911595284938812 0.10352659225463867 0.09823190569877624 0.20705318450927734
0 0.566841721534729 0.3508124563429091 0.012060546875 0.040247662862141924
1 0.39003490209579467 0.34217638704511855 0.019790959358215333 0.03988394737243652
1 0.46834722757339475 0.32770478129386904 0.025232362747192382 0.036088526248931885
1 0.11069713830947876 0.7942226833767361 0.10879876613616943 0.15308024088541666
0 0.38802715539932253 0.557159317864312 0.02301042079925537 0.09799380832248264
1 0.6318100094795227 0.31649624473518795 0.02519409656524658 0.039980030722088285
1 0.2914310574531555 0.4159565183851454 0.034998965263366696 0.05567540062798394
3 0.8137451171875 0.523934088812934 0.11784133911132813 0.2807157728407118
2 0.4370552599430084 0.3392476081848145 0.02533477544784546 0.04536285400390625
1 0.14908289909362793 0.4929280175103082 0.05259685516357422 0.07945259941948785
1 0.4365720391273499 0.34005562729305694 0.023961400985717772 0.04271487659878201
2 0.4124444961547852 0.4390302022298177 0.06403694152832032 0.1545594957139757
0 0.6033012336492902 0.3564268112182617 0.0065964090823399605 0.041363822089301214
