1 0.8224309921264649 0.6474405076768663 0.09125728607177734 0.09734107123480903
1 0.2665185570716858 0.553536139594184 0.052617573738098146 0.09079772101508246
0 0.701759147644043 0.546558698018392 0.0370424747467041 0.08456950717502171
1 0.2840603232383728 0.8031918419731988 0.08771293163299561 0.1560333251953125
1 0.7155877500772476 0.5418385823567708 0.06566185355186463 0.09112019009060329
0 0.5842669486999512 0.4674986097547743 0.04891986846923828 0.05607147216796875
0 0.2665811061859131 0.5525750901963976 0.05462779998779297 0.09097086588541667
0 0.2835188388824463 0.7816170586480035 0.09066638946533204 0.19507242838541666
1 0.5842852830886841 0.46707886589898 0.04895029067993164 0.05579037136501736
1 0.3408036231994629 0.49027184910244415 0.04739089012145996 0.05646301905314128
1 0.25218127965927123 0.48098459773593477 0.03799774646759033 0.05188150405883789
0 0.4452530384063721 0.5828973558213976 0.05257959365844726 0.09675835503472222
0 0.2848033905029297 0.6530713399251302 0.07128405570983887 0.1286799112955729
3 0.44717754125595094 0.7401755862765842 0.2537300825119019 0.5036131117078994
1 0.38330363035202025 0.6467436366611057 0.03339273929595947 0.09866521623399523
0 0.25190114974975586 0.48184229532877604 0.03727264404296875 0.05297817654079861
0 0.38325583934783936 0.6476471794976129 0.03311996459960938 0.10025524563259548
0 0.6042292814701795 0.46192601521809895 0.00819784626364708 0.05562108357747396
3 0.37706505656242373 0.6002034293280707 0.11208308935165405 0.19938180711534287
1 0.4439572930335999 0.5892475022210015 0.051156234741210935 0.08068773481580946
