0 0.6281246781349182 0.7532682418823242 0.031386160850524904 0.07903183831108941
1 0.24789540767669677 0.932108137342665 0.16695170402526854 0.131121826171875
3 0.5652033269405365 0.787627198961046 0.09934226274490357 0.19534581502278645
1 0.33649911880493166 0.83272705078125 0.09660921096801758 0.09596625434027778
1 0.5664397239685058 0.8286808437771267 0.09670791625976563 0.10962948269314236
0 0.020156532526016235 0.8837106492784288 0.03933359980583191 0.09133961995442709
0 0.3910734534263611 0.7465941958957248 0.017669367790222167 0.06629299587673611
1 0.4132922202348709 0.7386029773288303 0.06244475245475769 0.07632552252875434
0 0.6217157125473023 0.6843597624037001 0.0448028564453125 0.06090142991807726
3 0.2554402768611908 0.9371466742621528 0.15015383958816528 0.12400283813476562
3 0.35630584955215455 0.42116966247558596 0.0862051248550415 0.2645615471733941
0 0.5632780075073243 0.6660797966851129 0.03255958557128906 0.043074883355034725
1 0.19734081625938416 0.8579611460367839 0.1011193871498108 0.10273386637369791
1 0.6222627520561218 0.6821862114800348 0.04380099773406983 0.05778579711914063
