1 0.4993850767612457 0.2789559258355035 0.05425714254379273 0.08425170050726996
1 0.14069591760635375 0.24687042236328124 0.05320305824279785 0.08564669291178385
3 0.7576089859008789 0.47445037629869247 0.3152179718017578 0.39196864234076606
2 0.7585255980491639 0.4636742379930284 0.31705119609832766 0.37518923017713757
3 0.6618089199066162 0.5797409905327691 0.647590160369873 0.8226716783311632
1 0.48685112595558167 0.11888978216383192 0.032614052295684814 0.04803647994995117
0 0.41451318860054015 0.10863581498463949 0.01139538288116455 0.04365919431050618
1 0.03171625137329102 0.3371625264485677 0.06343250274658203 0.18739886813693576
1 0.19213720560073852 0.12029522789849176 0.04272916316986084 0.07199982537163628
1 0.269166624546051 0.06146918137868245 0.02476069927215576 0.04055102136400011
0 0.45168771743774416 0.1357111824883355 0.013179898262023926 0.048061900668674044
0 0.4942734181880951 0.1476795514424642 0.015469896793365478 0.050467597113715276
3 0.03125750422477722 0.3578207948555549 0.06251500844955445 0.13704938251111243
2 0.8458612233400344 0.49852126439412436 0.30575351119041444 0.2876328150431315
1 0.3615685373544693 0.5204139073689779 0.08233726620674134 0.12948824564615885
3 0.23235016465187072 0.03275433911217584 0.1251867651939392 0.06550867822435168
2 0.6663890361785889 0.541786151462131 0.6501955986022949 0.8945510016547309
3 0.19055505990982055 0.12004179954528808 0.03779017925262451 0.07092449400160047
3 0.5335815861821175 0.5353728188408746 0.330174645781517 0.49296785990397135
0 0.44454407691955566 0.11313561333550347 0.01366117000579834 0.048191261291503903
3 0.5523785799741745 0.6692757235633002 0.3344318449497223 0.5148882230122884
1 0.49777469635009763 0.304373285246806 0.055977487564086915 0.030500640326903927
3 0.4944079782813787 0.4360621452331543 0.327788657695055 0.5198337343004015
3 0.3122340440750122 0.6536502838134766 0.23873915672302246 0.3761856926812066
3 0.8412247836589813 0.6098680681652493 0.31636725664138793 0.5165130668216281
0 0.41915797293186186 0.07391503387027316 0.011607855558395386 0.035712077882554795
3 0.6979412734508514 0.5596803199085925 0.19588254690170287 0.5374256218473117
1 0.24080341458320617 0.6233740594651964 0.09610184431076049 0.19297220442030166
1 0.33739490509033204 0.5704634136623806 0.12016143798828124 0.22291925218370226
