0 0.6898434638977051 0.7782705518934462 0.10774269104003906 0.1447996351453993
1 0.6895305380225182 0.7790899488661024 0.10735915005207061 0.14917204115125868
1 0.81813924908638 0.5129900402492947 0.07014988660812378 0.06296602884928386
1 0.26914889812469484 0.9136157565646701 0.10096211433410644 0.171307373046875
0 0.5749725818634033 0.5163074493408203 0.049253082275390624 0.06808581882052951
0 0.4725040435791016 0.6101459079318576 0.05900154113769531 0.11066318088107639
1 0.47220354676246645 0.6072247293260362 0.05828899145126343 0.11541368696424696
0 0.45647518038749696 0.44658285246955026 0.035453641414642335 0.04543797175089518
0 0.42682609558105467 0.7784932454427084 0.07551252841949463 0.1275244818793403
0 0.4576066493988037 0.522219467163086 0.052728271484375 0.05958607991536458
1 0.6896161675453186 0.5882689052157932 0.05973021984100342 0.06687272389729818
1 0.5759900808334351 0.5170890384250217 0.048096084594726564 0.06820691426595052
1 0.4256692349910736 0.7779773076375326 0.07979847192764282 0.13398060268825954
1 0.2983940005302429 0.5028587977091471 0.04111649990081787 0.06640811496310764
1 0.6894319176673889 0.5287389119466146 0.06124045848846436 0.06190503438313802
0 0.2996715545654297 0.4996803707546658 0.04170083999633789 0.0745759752061632
1 0.45781434178352354 0.5224641270107693 0.05371824502944946 0.0626426484849718
0 0.8183303833007812 0.5136002858479818 0.07002372741699218 0.0634173075358073
1 0.617555084527703 0.4537961959838867 0.03476705610519275 0.03874812655978733
0 0.6960431098937988 0.5577285342746311 0.07358503341674805 0.12351099650065105
1 0.4563925743103027 0.4470354292127821 0.03564612865447998 0.04478471544053819
3 0.3115201950073242 0.734784189860026 0.16515960693359374 0.4964220682779948
