0 0.973534 0.737749 0.037063 0.124180
1 0.695508 0.686797 0.077907 0.142696
0 0.866364 0.794368 0.044414 0.131954
0 0.779451 0.766787 0.032471 0.118767
0 0.800986 0.488494 0.024377 0.073241
1 0.359725 0.639700 0.066564 0.112383
0 0.830155 0.807468 0.042236 0.134721
3 0.116003 0.737567 0.216973 0.463228
1 0.435025 0.805447 0.127524 0.149867
1 0.825084 0.562089 0.058988 0.102970
1 0.708252 0.471782 0.044143 0.077401
1 0.668630 0.385595 0.034538 0.051529
2 0.752999 0.419137 0.061458 0.080478
1 0.423049 0.460986 0.048429 0.074871
