1 0.866636 0.808720 0.103951 0.171839
1 0.786022 0.640565 0.071101 0.124001
2 0.875625 0.627229 0.085077 0.159618
1 0.948559 0.770897 0.095061 0.135121
1 0.110741 0.660546 0.086855 0.124846
1 0.728781 0.860761 0.098331 0.182573
1 0.737568 0.559187 0.052957 0.086335
1 0.675275 0.637458 0.065881 0.107988
1 0.265602 0.859199 0.106534 0.170810
0 0.337485 0.498657 0.024799 0.076061
1 0.236668 0.668959 0.084863 0.120826
0 0.404178 0.542904 0.026037 0.083548
0 0.363504 0.532528 0.023546 0.077700
0 0.355937 0.770745 0.036508 0.120521
1 0.650952 0.529945 0.051480 0.104768
1 0.425271 0.736794 0.097475 0.198301
1 0.812765 0.541703 0.058542 0.094105
1 0.712111 0.487675 0.044954 0.072332
