1 0.49629864692687986 0.6511420567830404 0.0722428798675537 0.11651802062988281
1 0.24610458612442015 0.9135171254475911 0.13306610584259032 0.1729657491048177
1 0.6863364592194557 0.768828476799859 0.1301916092634201 0.1948083241780599
0 0.3750021457672119 0.6022120157877604 0.06121053695678711 0.10578621758355035
0 0.44163713455200193 0.8534790886773004 0.08235797882080079 0.15758463541666667
3 0.7578808218240738 0.561874262491862 0.19649917483329774 0.26589881049262154
1 0.9560569405555726 0.6915236473083496 0.08736555576324463 0.10851374732123481
0 0.4964850425720215 0.6501751369900174 0.07212018966674805 0.11734805636935763
0 0.3030851364135742 0.5231201383802626 0.03818931579589844 0.059325917561848955
3 0.6900351762771606 0.5284814622667101 0.05970687866210937 0.20569907294379342
3 0.8140142440795899 0.5825038697984484 0.08861007690429687 0.29078644646538626
1 0.37145293951034547 0.6050507545471191 0.057093358039855956 0.1135454601711697
0 0.9560578346252442 0.6923204210069445 0.08534488677978516 0.10910525851779514
1 0.4421472638845444 0.8559540006849501 0.08334501385688782 0.1552952660454644
0 0.512994384765625 0.558937496609158 0.04975452423095703 0.07570088704427083
0 0.6856238365173339 0.7709546407063802 0.12628936767578125 0.1906316121419271
1 0.7046863779425621 0.6676394356621637 0.14045672714710236 0.08694335089789497
0 0.528445053100586 0.4927113850911458 0.044789886474609374 0.05176968044704861
1 0.5287385642528534 0.49341044425964353 0.04451638460159302 0.05483958986070421
1 0.5124064981937408 0.5585035747951932 0.05033782720565796 0.07259254455566407
1 0.814166259765625 0.6684266408284505 0.08922648429870605 0.11536263359917534
1 0.6771493911743164 0.6647349039713542 0.08581733703613281 0.09275241427951389
