1 0.282425 0.652391 0.082597 0.123322
1 0.794455 0.814768 0.106668 0.195675
1 0.630557 0.626204 0.073551 0.134294
0 0.782218 0.593024 0.028405 0.094237
0 0.722049 0.515139 0.024609 0.078188
1 0.322668 0.443604 0.045180 0.068841
1 0.320707 0.555958 0.059667 0.091092
1 0.354180 0.711901 0.075171 0.129545
1 0.405482 0.605146 0.063549 0.106865
1 0.438996 0.501095 0.047907 0.079523
1 0.375527 0.455807 0.043615 0.073586
0 0.659052 0.441573 0.022876 0.064023
0 0.813286 0.562822 0.032978 0.099205
0 0.427533 0.396499 0.017110 0.054906
1 0.136479 0.707482 0.094642 0.138372
3 0.894116 0.696540 0.208704 0.560531
1 0.608886 0.391891 0.037897 0.057804
