1 0.9226565599441529 0.9094972822401258 0.13868589401245118 0.17638465033637152
1 0.25584872961044314 0.8566714816623264 0.10328567028045654 0.14771075778537326
1 0.8028373301029206 0.7087032106187608 0.07439826726913452 0.12656966315375434
1 0.6353341765701771 0.47752699322170683 0.037737606465816496 0.06814683278401693
1 0.7312431931495667 0.5352312088012695 0.05159392356872559 0.0953648461235894
1 0.4285916447639465 0.7211115943060981 0.0720526933670044 0.1279017130533854
1 0.6991876125335693 0.7809744940863715 0.08732843399047852 0.17185906304253473
1 0.6576435208320618 0.5420450528462728 0.048840785026550294 0.0831460952758789
1 0.41868247985839846 0.4355335712432861 0.039658212661743165 0.05402015050252278
0 0.24348407983779907 0.6025983386569553 0.02364218235015869 0.08457154168023004
1 0.7082218378782272 0.4697879791259766 0.04466872811317444 0.0929091559516059
1 0.7676949322223663 0.48329757584465877 0.04126197099685669 0.06645822525024414
1 0.2706313610076904 0.4538920349544949 0.04339785575866699 0.06478092405531141
1 0.21651446223258972 0.6813647058275011 0.08253227472305298 0.11232407887776692
0 0.8086565017700196 0.8205869886610243 0.03914942741394043 0.12781507703993056
0 0.47439138889312743 0.3731525553597344 0.01513969898223877 0.045926109949747725
0 0.43938382267951964 0.3807801458570692 0.015901386737823486 0.05107313791910807
0 0.2453518033027649 0.41462921566433375 0.01475379467010498 0.050212987263997394
1 0.8087009310722351 0.5322237862481012 0.0507920503616333 0.08423063490125868
1 0.9017786026000977 0.6689918518066407 0.08656768798828125 0.14583587646484375
2 0.6802048146724701 0.42516979111565484 0.03613780736923218 0.07836580276489258
1 0.6196664959192276 0.39181834326850046 0.03094533085823059 0.05301246643066406
1 0.7294384956359863 0.41915875011020237 0.033096599578857425 0.062249618106418186
1 0.7492221474647522 0.4498093075222439 0.030427980422973632 0.056737984551323783
1 0.026436668634414674 0.6845345391167534 0.0505024790763855 0.12128668891059027
2 0.703402864933014 0.47020848592122394 0.03378660678863525 0.0938602023654514
1 0.49767109751701355 0.45485223134358727 0.04384955167770386 0.09029163784450955
1 0.37473139762878416 0.5876277499728733 0.09373159408569336 0.1326171875
1 0.6213041678071022 0.43731394873725044 0.03162879049777985 0.050426292419433597
2 0.9035376906394958 0.6563404401143392 0.08306553363800048 0.17092185550265843
0 0.03301920518279076 0.6847542444864909 0.032779188454151155 0.05271373324924045
2 0.4970641016960144 0.4553758462270101 0.043769454956054686 0.09007452858818901
0 0.694517982006073 0.35120713975694445 0.01078193187713623 0.03775388929578993
1 0.6385336175560952 0.33185838063557943 0.02291211187839508 0.03654716279771593
0 0.7110185623168945 0.404221683078342 0.014855432510375976 0.048797861735026045
1 0.6589142426848411 0.3798503266440498 0.029964450001716613 0.04813897344801161
3 0.6791467428207397 0.4256223625606961 0.0387603759765625 0.07751798629760742
0 0.24500044584274291 0.679829110039605 0.02926623821258545 0.06256400214301215
0 0.7129050135612488 0.5362366570366753 0.014814972877502441 0.09671630859375
3 0.7090013504028321 0.4682447221544054 0.0453343391418457 0.08887930976019966
0 0.8205130815505981 0.4944923241933187 0.020297527313232422 0.05643207761976454
0 0.009402599185705185 0.880778079562717 0.01880519837141037 0.1634124755859375
1 0.008834367245435714 0.8926219940185547 0.01766873449087143 0.1445949978298611
0 0.39529072046279906 0.7291278839111328 0.009418559074401856 0.1138687981499566
