0 0.495501 0.625125 0.067352 0.102472
0 0.595205 0.823148 0.104906 0.148208
1 0.860907 0.908599 0.159954 0.180838
0 0.441561 0.497608 0.054110 0.066343
0 0.632403 0.532521 0.061339 0.097238
0 0.710135 0.503516 0.060059 0.056669
1 0.924929 0.657248 0.098907 0.103436
0 0.664002 0.691732 0.102480 0.130967
1 0.773594 0.637325 0.080442 0.085025
0 0.652763 0.564851 0.050285 0.055606
0 0.399547 0.667297 0.061502 0.103372
0 0.307004 0.522490 0.041688 0.059570
0 0.631976 0.515144 0.061348 0.062715
0 0.529595 0.582725 0.053222 0.069445
0 0.548246 0.480913 0.045300 0.076755
0 0.548015 0.497309 0.046836 0.063951
0 0.377252 0.472457 0.046982 0.049852
0 0.370323 0.583699 0.050166 0.085899
0 0.548384 0.467028 0.043458 0.049678
