0 0.8628338813781739 0.5743621190388998 0.024091196060180665 0.08109376695421007
1 0.6382826209068299 0.4592231644524468 0.03849494457244873 0.06143851810031467
1 0.42446497082710266 0.5686772028605144 0.05744832754135132 0.08681886461046007
1 0.6885924577713013 0.4356120904286703 0.0343113899230957 0.0569043583340115
1 0.6619360506534576 0.38923417992062037 0.030195248126983643 0.048173083199395075
1 0.4340960204601288 0.4893017239040799 0.042772424221038816 0.06562767028808594
1 0.6230711579322815 0.40390911102294924 0.030526900291442872 0.05211609734429253
0 0.7857871651649475 0.7981424967447917 0.03224170207977295 0.12302678426106771
2 0.12839796543121337 0.5796199798583984 0.13428940773010253 0.29532360500759547
1 0.7464453756809235 0.5685174942016602 0.055197489261627194 0.09134080674913195
0 0.8290667057037353 0.8095357259114583 0.031313848495483396 0.13985146416558158
1 0.706203842163086 0.7385607401529948 0.08634777069091797 0.15691019694010416
0 0.8663908004760742 0.7933558146158854 0.04202842712402344 0.13363172743055557
1 0.6929069519042969 0.737873437669542 0.054631948471069336 0.14838591681586372
1 0.11549276411533356 0.8523386849297417 0.11913508772850037 0.15078341166178386
1 0.6518989756703377 0.35890403853522407 0.02487734258174896 0.03783082962036133
1 0.612994599645026 0.3544166750378079 0.025521975150331853 0.0407045841217041
2 0.6399465888738632 0.3210513008965386 0.023096913099288942 0.044397226969401044
1 0.4750592827796936 0.3705469952689277 0.029007220268249513 0.04677826033698188
1 0.8996833443641663 0.6772717475891114 0.07665526866912842 0.133450804816352
2 0.7900206267833709 0.4614623387654622 0.06629067659378052 0.12265722486707899
1 0.4711874008178711 0.8575553046332465 0.17424638271331788 0.1601799858940972
1 0.692072182893753 0.35612297587924535 0.02520209550857544 0.04139503902859158
3 0.6915126919746399 0.34791697396172416 0.024319767951965332 0.056059837341308594
1 0.6712665557861328 0.3340612000889248 0.019924163818359375 0.029358532693650987
3 0.596677589416504 0.3818447960747613 0.08062858581542968 0.10053109063042534
1 0.6113613019930199 0.32010897795359294 0.021429974725469945 0.03172055880228678
