0 0.5920397758483886 0.8680363125271268 0.0989236831665039 0.17472703721788194
1 0.5924341082572937 0.8677312639024523 0.09865000247955322 0.1761728074815538
1 0.8639517664909363 0.7123045603434245 0.09869740009307862 0.11690919664171007
1 0.7735623359680176 0.5423670026991102 0.10526866912841797 0.13898340861002603
0 0.20219574570655824 0.44611186981201173 0.02719072103500366 0.03989084031846788
0 0.6201298236846924 0.5026846355862088 0.045197916030883786 0.05543505350748698
1 0.23082576990127562 0.49955535994635686 0.04158189296722412 0.07143167919582791
0 0.29693691730499266 0.6310142729017469 0.0464876651763916 0.07698783874511719
1 0.2735649824142456 0.7860896004570855 0.08616428375244141 0.13909322950575087
0 0.3655052185058594 0.44202401902940536 0.04420251846313476 0.05048870510525173
0 0.23050743341445923 0.4983499526977539 0.04085509777069092 0.0721703847249349
1 0.8607640743255616 0.5340344323052301 0.07501754760742188 0.07242724100748697
1 0.6213531142449937 0.5039544847276476 0.04192765832412988 0.05602484809027778
3 0.7725429475307465 0.5412055333455403 0.10456238985061646 0.14651349385579426
0 0.2730108737945557 0.7648596869574653 0.08624153137207032 0.18466657002766926
0 0.31444170475006106 0.406913693745931 0.030086183547973634 0.046554946899414064
3 0.4410650756210089 0.7057305283016628 0.21816000416874887 0.5693912823994954
3 0.35746173858642577 0.5654470867580838 0.08391966819763183 0.2744750552707248
1 0.30270975828170776 0.44518359502156574 0.036689352989196775 0.039101325141059025
1 0.5273560762405396 0.42863494555155435 0.051605224609375 0.0382730589972602
1 0.2970521569252014 0.6310164451599121 0.04595077037811279 0.07743396759033203
1 0.36506680250167844 0.4372787157694499 0.04552934169769287 0.04025895860460069
1 0.44617767333984376 0.7609334309895833 0.08611907958984374 0.12786102294921875
1 0.5451106190681457 0.4509045706854926 0.03548686504364014 0.04227511088053385
