1 0.309893 0.868536 0.111032 0.187337
2 0.400620 0.586436 0.109207 0.259130
1 0.761934 0.716115 0.086977 0.133639
1 0.098394 0.571644 0.068373 0.098013
1 0.336392 0.544431 0.051322 0.086480
1 0.350402 0.399012 0.038876 0.056624
1 0.409542 0.400096 0.037545 0.059805
1 0.605866 0.379770 0.034364 0.049403
1 0.244095 0.436178 0.042183 0.066478
1 0.212749 0.547394 0.059394 0.093174
3 0.535531 0.367061 0.076899 0.087448
3 0.636378 0.682249 0.202245 0.456302
1 0.454038 0.382934 0.034858 0.049613
1 0.579588 0.435789 0.044775 0.066722
1 0.133028 0.959222 0.116947 0.077633
