1 0.705052 0.581839 0.108593 0.160688
1 0.777537 0.511420 0.101018 0.134716
1 0.929455 0.700602 0.134696 0.185846
0 0.210500 0.673466 0.041827 0.163456
0 0.236691 0.461594 0.033651 0.126685
0 0.347560 0.693803 0.040099 0.160907
1 0.686678 0.387620 0.068089 0.111980
1 0.483205 0.243662 0.049402 0.075503
1 0.535160 0.323548 0.061633 0.107658
1 0.433421 0.188715 0.040300 0.065531
1 0.106291 0.381236 0.076475 0.119103
1 0.458949 0.148929 0.039685 0.057433
1 0.575054 0.280308 0.058417 0.087104
1 0.062597 0.439885 0.109307 0.161780
1 0.504862 0.194421 0.043506 0.066638
1 0.618246 0.441471 0.097295 0.165465
1 0.412344 0.149251 0.036408 0.051532
1 0.665581 0.290495 0.058643 0.081566
1 0.743147 0.355453 0.075996 0.097683
1 0.010902 0.125923 0.021804 0.073726
3 0.597105 0.786202 0.573355 0.422089
