0 0.5582304954528808 0.7329059176974826 0.07443208694458008 0.12063602871365017
1 0.7224537849426269 0.6099038653903537 0.07107465267181397 0.08749266730414497
1 0.47720795273780825 0.6306673367818196 0.06325515508651733 0.10449708302815755
1 0.6721364736557007 0.7086985376146104 0.0932159423828125 0.13821519215901693
1 0.8494843304157257 0.7105977164374457 0.10431898832321167 0.11236635843912761
0 0.47703399658203127 0.6308287726508246 0.062438011169433594 0.10449998643663194
1 0.5572966396808624 0.7336718029446072 0.0744940161705017 0.11943075391981336
0 0.5456384658813477 0.5000821431477864 0.050108718872070315 0.05532701280381944
1 0.28847442865371703 0.6001283857557509 0.05786616802215576 0.10018310546875
0 0.7035158514976502 0.6044928656684028 0.03325531482696533 0.0792376200358073
1 0.23324787616729736 0.4967399173312717 0.03724527359008789 0.06633525424533421
1 0.6882072448730469 0.5069174554612902 0.05920815467834473 0.05036919911702474
1 0.5449606001377105 0.5000875896877712 0.051165854930877684 0.055627738104926217
0 0.6717199802398681 0.7110834757486979 0.09273347854614258 0.145392820570204
0 0.3287885932601057 0.5464220258924696 0.016510764067061246 0.059335751003689235
0 0.6243149757385253 0.5092946370442708 0.0442840576171875 0.049664476182725695
0 0.4306431770324707 0.7828959147135417 0.07648828029632568 0.12557101779513888
1 0.624285746505484 0.5085333612230089 0.04619688214734197 0.05033880869547526
1 0.31633743047714236 0.5459280437893338 0.041893839836120605 0.061832427978515625
0 0.6882536888122559 0.5074014027913412 0.05841665267944336 0.050583140055338545
1 0.26351475715637207 0.472729131910536 0.04130425453186035 0.06904063754611545
0 0.434203577041626 0.5729732937282986 0.045749664306640625 0.0751800537109375
0 0.8503814697265625 0.7093338860405816 0.10308589935302734 0.1119476318359375
1 0.4305931657552719 0.7840296215481228 0.0782600224018097 0.12666570875379773
0 0.2337512493133545 0.49062177870008683 0.03983793258666992 0.0819490220811632
0 0.2892693042755127 0.5946050008138021 0.05594711303710938 0.11449347601996528
0 0.372107720375061 0.5090366787380642 0.04146113395690918 0.06272803412543403
1 0.7664706468582153 0.5802209430270725 0.05932884216308594 0.07400856018066407
2 0.35216211080551146 0.6202050103081598 0.09542739391326904 0.18181220160590278
1 0.43440442979335786 0.5731562190585666 0.0484807550907135 0.08032902611626519
0 0.4965641021728516 0.4680729760064019 0.05577278137207031 0.0712784661187066
1 0.381902015209198 0.6198162926567925 0.03579437732696533 0.17311011420355904
