1 0.725096 0.498394 0.160011 0.157211
0 0.287847 0.639083 0.050891 0.082836
0 0.383154 0.611610 0.055250 0.094204
0 0.469856 0.472933 0.035489 0.045327
1 0.923987 0.516091 0.152026 0.123931
1 0.567520 0.769224 0.101190 0.154988
0 0.892375 0.634070 0.107676 0.134943
0 0.396587 0.539522 0.054486 0.065324
1 0.420586 0.725387 0.082896 0.161184
0 0.279826 0.768857 0.093741 0.177485
0 0.530195 0.494165 0.040204 0.049286
0 0.521351 0.453809 0.048664 0.053585
0 0.284730 0.457757 0.035748 0.054345
0 0.240801 0.507397 0.040780 0.073597
