1 0.27096771001815795 0.663868957095676 0.0757441759109497 0.11379464467366536
1 0.683992886543274 0.5797211541069879 0.05914773941040039 0.10984658135308159
1 0.2973725438117981 0.890702650282118 0.09532825946807862 0.1556100633409288
1 0.20033875107765198 0.8217443890041776 0.10908159017562866 0.1574088626437717
1 0.2748793840408325 0.5114853964911567 0.050985097885131836 0.07822324964735243
0 0.7219679474830627 0.5033510526021322 0.020199513435363768 0.06494138505723741
1 0.3824805296957493 0.723655743069119 0.08217398375272751 0.12956704033745658
1 0.426145938038826 0.5692897160847982 0.05596508383750916 0.09362352159288194
0 0.4034625470638275 0.4300696161058214 0.015082204341888427 0.05608838399251302
1 0.5830430269241333 0.4555324501461453 0.04145817756652832 0.07588730918036567
0 0.6745846629142761 0.4467890050676134 0.01632735729217529 0.056000169118245444
3 0.14993712306022644 0.5158848232693143 0.07238763570785522 0.18180677625868055
1 0.5950910925865174 0.36592543654971654 0.028108096122741698 0.04200251367357042
0 0.633059811592102 0.3951473342047797 0.014935016632080078 0.04745576646592882
1 0.37285022586584093 0.4653114530775282 0.03774246275424957 0.05806566874186198
0 0.4175071150064468 0.4476939254336887 0.015808528661727904 0.05957651138305664
1 0.1959644377231598 0.3500763800409105 0.02904266119003296 0.03863394790225559
1 0.42638731002807617 0.35853197044796414 0.028670883178710936 0.0421920829349094
1 0.4477508544921875 0.4192710240681966 0.03312122821807861 0.0541547351413303
1 0.19000633358955382 0.41634930504692924 0.03232368230819702 0.049919743008083765
1 0.35253412909805776 0.5116190274556478 0.04546464309096336 0.07811705271402995
0 0.33539791107177735 0.4701720820532905 0.019085454940795898 0.057324759165445965
0 0.7643519639968872 0.5039921124776204 0.021685171127319335 0.06797046661376953
1 0.2706152081489563 0.41221937603420683 0.03438160419464111 0.05597301059299045
0 0.8564007759094239 0.8662645975748698 0.043784141540527344 0.14541863335503472
1 0.37982345521450045 0.3733263678020901 0.027835386991500854 0.04391722679138184
0 0.21392524242401123 0.361815431382921 0.012676620483398437 0.04292373657226563
2 0.6142508387565613 0.3143618795606825 0.03151090145111084 0.050945981343587236
1 0.38409373313188555 0.6861569510565864 0.07623258531093598 0.04829724629720052
0 0.7163644790649414 0.5028104782104492 0.007896041870117188 0.071685791015625
1 0.7154269695281983 0.943397945827908 0.1139460563659668 0.10800815158420139
3 0.04820488095283508 0.10360784530639648 0.09640976190567016 0.20721569061279296
1 0.02721644937992096 0.9123518202039931 0.05368325114250183 0.1752963595920139
1 0.33218639165133934 0.9019812054104275 0.023668408990488388 0.16411510043674046
1 0.5524363398551941 0.34475054608450995 0.02303459644317627 0.04067086378733317
0 0.34568376988172533 0.3736081600189209 0.014048728346824645 0.04997284147474501
0 0.42075952887535095 0.3286694433954027 0.012071692943572998 0.03457258807288276
