1 0.27607648372650145 0.9146796332465278 0.11478042602539062 0.1702017042371962
1 0.5251296281814575 0.5785485479566786 0.06386451721191407 0.0983324474758572
0 0.5241710662841796 0.5785820855034722 0.06389293670654297 0.09893442789713541
0 0.29003214836120605 0.5995809766981337 0.04790277481079101 0.08709920247395833
0 0.4310150623321533 0.5700326707628038 0.05254020690917969 0.07132619222005208
1 0.23470112085342407 0.503146309322781 0.036174559593200685 0.05988148583306207
1 0.33978947401046755 0.5199090109931098 0.07370049953460693 0.09880519443088108
0 0.23491275310516357 0.5028554916381835 0.03617877960205078 0.05999768575032552
1 0.2896597146987915 0.6000176747639974 0.047497129440307616 0.08380656772189671
0 0.27655739784240724 0.9137096828884549 0.11491289138793945 0.17059122721354167
1 0.397454597055912 0.5523388332790798 0.12468816936016083 0.09687296549479167
2 0.36376869678497314 0.6058283487955729 0.07068357467651368 0.2093825446234809
1 0.43170157372951506 0.569875356886122 0.05160794854164123 0.0733202616373698
1 0.3926091230474412 0.6009219063652886 0.14005533922463656 0.1982262929280599
3 0.34419476985931396 0.5203647613525391 0.0826995849609375 0.10139859517415364
