1 0.6076568245887757 0.4251251326666938 0.1044548749923706 0.1693560070461697
1 0.6714659593999386 0.532545084423489 0.09710065871477128 0.14027638965182834
1 0.5013344585895538 0.19794823858473037 0.04261072874069214 0.06902695761786568
1 0.3296696901321411 0.6302681393093533 0.1406336784362793 0.15403620402018228
1 0.46448972821235657 0.22139741049872505 0.04709182977676392 0.08388563791910807
1 0.43778036236763 0.16784254709879556 0.03574527502059936 0.05222494337293837
1 0.016968119743978605 0.13160669538709852 0.03359950660960749 0.05570494333902995
1 0.6853348657488822 0.4064923922220866 0.07390712797641755 0.1057732688056098
0 0.9322367668151855 0.6452160729302301 0.043688201904296876 0.15553393893771703
1 0.7602294445037842 0.5136954413519965 0.0923457145690918 0.12981380886501737
1 0.6098388485610485 0.22697484758165148 0.019677697122097014 0.07113791571723091
1 0.7962602615356446 0.8407151963975694 0.18075389862060548 0.20135498046875
2 0.6077080249786377 0.4253010802798801 0.10267243385314942 0.17572429445054796
3 0.2356342077255249 0.09512649907006157 0.02936859130859375 0.0630966027577718
1 0.44557592272758484 0.130269808239407 0.032913362979888915 0.046990426381429036
0 0.8352823257446289 0.6200997246636285 0.039551734924316406 0.14766133626302083
3 0.48134617805480956 0.44997257656521267 0.3130672454833984 0.5137933519151475
1 0.3993336260318756 0.1336443689134386 0.029655086994171142 0.05152590009901259
1 0.017030058801174162 0.19926158057318794 0.034060117602348325 0.08928667704264323
0 0.864504051208496 0.5990511576334635 0.03473358154296875 0.13717244466145834
1 0.40168751776218414 0.0851430442598131 0.027975481748580933 0.041656117969089086
1 0.9343069076538086 0.8915487501356337 0.12933521270751952 0.17611304389105903
3 0.20026813745498656 0.042991579903496634 0.034214138984680176 0.0685933960808648
3 0.2632410883903503 0.031186434429966742 0.10215094089508056 0.0618648698553443
1 0.6502142898738384 0.3472632196214464 0.057440663874149325 0.09339054955376519
1 0.4193888187408447 0.7939615885416667 0.2407618522644043 0.2205169677734375
1 0.6951902389526368 0.2907420688205295 0.09845428466796875 0.08184009128146702
0 0.9924352645874024 0.5552837795681423 0.015129470825195312 0.09163038465711805
2 0.767226642370224 0.3828436467382643 0.09686681032180786 0.13095068666670057
1 0.9224493026733398 0.5203868442111546 0.13032455444335939 0.13083173963758682
