1 0.5438462436199188 0.5848244878980848 0.07301079034805298 0.0940595202975803
0 0.5438590526580811 0.5840570237901476 0.07193880081176758 0.09576992458767361
1 0.2766700029373169 0.7285516526963975 0.06594276428222656 0.11157268948025173
1 0.3808515191078186 0.6483995225694444 0.038296961784362794 0.10134955512152778
0 0.7510997772216796 0.5007382710774739 0.051491737365722656 0.055147213406032985
0 0.38756227493286133 0.6394599914550781 0.051026344299316406 0.09156884087456597
1 0.32662789821624755 0.5343148761325412 0.04548611640930176 0.06319681803385417
0 0.6343810081481933 0.48701112535264757 0.0671926498413086 0.1124454074435764
1 0.6219522714614868 0.4532026555803087 0.053391313552856444 0.05653388765123155
1 0.21814963817596436 0.5007763756646051 0.03105316162109375 0.05436490376790364
0 0.2759120941162109 0.7241323682996962 0.06474361419677735 0.11177249484592014
0 0.5776409149169922 0.4980086432562934 0.055858802795410153 0.0833248562282986
1 0.28826340436935427 0.6433021015591092 0.05265471935272217 0.07523797353108724
0 0.32709968090057373 0.5358308580186631 0.04355201721191406 0.06540951199001736
0 0.39998879432678225 0.5649918450249566 0.0549285888671875 0.06767086452907986
1 0.25430104732513426 0.4471134450700548 0.033962249755859375 0.03151536517673069
0 0.26812090873718264 0.482619137234158 0.04054274559020996 0.05691494411892361
1 0.3860388159751892 0.5618665059407552 0.02772476673126221 0.06626578436957466
0 0.28847906589508054 0.6464148627387153 0.05180015563964844 0.0839019775390625
1 0.4700950086116791 0.4373330858018663 0.03909255266189575 0.034569401211208765
1 0.6360352570191026 0.5091908348931207 0.06373105160892009 0.0676303439670139
1 0.26855714321136476 0.48728480339050295 0.04024505615234375 0.04825232823689778
3 0.4405872941017151 0.7586461914910211 0.24054958820343017 0.46462213728162977
1 0.5776475667953491 0.4969825744628906 0.057367706298828126 0.08255115085177951
0 0.4600013196468353 0.6105226622687445 0.048672711849212645 0.04798013899061415
0 0.2179694414138794 0.5065700742933485 0.03095846176147461 0.0677422841389974
1 0.5111783266067504 0.4279585944281684 0.037786102294921874 0.03133061726888021
3 0.40006052553653715 0.5628721555074055 0.05589508414268494 0.0665048599243164
