0 0.2878271102905273 0.6485872904459635 0.07255325317382813 0.10693155924479167
0 0.5469478130340576 0.7145160251193576 0.07388343811035156 0.10897725423177083
1 0.2879443407058716 0.6462267557779948 0.07308340072631836 0.11107423570421007
0 0.3881282448768616 0.4456189685397678 0.023743510246276855 0.04295772976345486
0 0.6242309093475342 0.5177859412299262 0.04841670989990234 0.05194447835286458
0 0.4173236846923828 0.5566104888916016 0.055752921104431155 0.09848810831705729
1 0.7547627508640289 0.6394346872965495 0.07714306116104126 0.08625869750976563
0 0.2923006057739258 0.45103424919976126 0.040556144714355466 0.06597137451171875
1 0.753381323814392 0.5556791093614366 0.07302770614624024 0.094879150390625
1 0.8406853258609772 0.6088144302368164 0.09480327367782593 0.08048261006673177
0 0.26574316024780276 0.7759412977430555 0.08334355354309082 0.1626866658528646
1 0.29352966547012327 0.45222452481587727 0.040081334114074704 0.06449723773532444
1 0.6244144466530998 0.5173815409342448 0.04845283090835437 0.056386566162109374
3 0.4374897098168731 0.7246349652608236 0.22730234153568746 0.5367834515041775
1 0.26578569412231445 0.779007805718316 0.08203663825988769 0.15857755872938367
1 0.5469304323196411 0.7161304473876953 0.07663674354553222 0.11108508639865451
1 0.417292520403862 0.5589007377624512 0.05531652569770813 0.09589663611518012
0 0.392394483089447 0.492107629776001 0.015211033821105956 0.052992322709825304
0 0.4834854960441589 0.4222231758965386 0.03269591331481934 0.05032454596625434
1 0.3387973424803931 0.4094353993733724 0.036833233234938235 0.06446482340494791
0 0.7526959419250489 0.5567823621961806 0.06963520050048828 0.09007915920681424
1 0.7541709899902344 0.5965392218695746 0.075384521484375 0.17302992078993057
0 0.4082945853471756 0.489712757534451 0.047061961889266965 0.051981480916341145
1 0.5443258345127105 0.683766958448622 0.07563141584396363 0.05423257615831163
0 0.39518635272979735 0.5634904437594943 0.009444189071655274 0.1040830824110243
1 0.39496253728866576 0.5537128448486328 0.009693598747253418 0.109698486328125
0 0.4256247252225876 0.4351419660780165 0.03427219986915588 0.045447455512152776
0 0.4014267921447754 0.4566075642903646 0.048885130882263185 0.06486502753363715
