0 0.714231 0.346421 0.027003 0.091858
1 0.629207 0.471669 0.086896 0.138140
0 0.593876 0.205330 0.020992 0.067734
3 0.024010 0.140931 0.047097 0.188535
0 0.523313 0.235345 0.019888 0.073613
0 0.543369 0.191733 0.017432 0.065921
1 0.449003 0.160781 0.067117 0.071387
0 0.572346 0.245232 0.022973 0.074795
0 0.520235 0.164720 0.018452 0.058749
1 0.639172 0.267678 0.054022 0.087742
1 0.935152 0.877302 0.129696 0.223435
3 0.618340 0.655821 0.693038 0.675088
1 0.384865 0.729620 0.231203 0.199469
3 0.625951 0.737072 0.544783 0.516792
0 0.577684 0.259703 0.021974 0.089295
3 0.493762 0.423760 0.218187 0.425551
3 0.035751 0.144134 0.071502 0.182117
0 0.574305 0.254731 0.023762 0.087714
3 0.474007 0.228785 0.050750 0.102774
3 0.022784 0.167000 0.045569 0.132863
1 0.059847 0.116664 0.042254 0.064106
0 0.580414 0.268363 0.019719 0.077741
