2 0.3925664842128754 0.6089806450737847 0.10705546140670777 0.26737645467122395
1 0.29125629663467406 0.9157228045993381 0.11573050022125245 0.15557017856174046
1 0.3329685628414154 0.5701204617818196 0.02531212568283081 0.07990483178032769
1 0.4509604096412659 0.3891786283916897 0.030767297744750975 0.05103619363572862
1 0.2379293441772461 0.45228682623969185 0.036780691146850585 0.058394834730360244
1 0.6017225384712219 0.3740744219885932 0.029164576530456544 0.046266418033176
1 0.2591285347938538 0.4002636247211032 0.030774617195129396 0.04934777683681912
1 0.3441653933376074 0.41059352027045354 0.034410304576158526 0.05281297895643446
1 0.1970082104206085 0.5716558562384711 0.05954169034957886 0.08818467458089192
2 0.6924732208251954 0.41128221087985567 0.05567855834960937 0.12097593943277994
1 0.5710787057876587 0.42090917163425023 0.032025623321533206 0.05885454813639323
1 0.36300482228398323 0.4885838031768799 0.0382932648062706 0.0631874402364095
1 0.07873729467391968 0.5953448825412326 0.07430398464202881 0.1046097649468316
1 0.4644339561462402 0.35370565255482994 0.024715232849121093 0.0387734572092692
1 0.7364433765411377 0.6691229926215277 0.07851839065551758 0.11866014268663194
2 0.7725278079509735 0.3977357864379883 0.0671857476234436 0.06506171756320529
1 0.43878479599952697 0.3287290996975369 0.02209094762802124 0.03407923380533854
1 0.3938817024230957 0.403508284356859 0.012236595153808594 0.07853878339131673
1 0.5895525932312011 0.335374919573466 0.02325139045715332 0.035933362113104925
3 0.3685627818107605 0.6110437075297038 0.06256134510040283 0.26810194651285807
1 0.4178226500749588 0.3438045594427321 0.022420352697372435 0.03222900231679281
1 0.40996463894844054 0.36774242983924016 0.027366220951080322 0.03483223915100098
2 0.4051779568195343 0.4050210025575426 0.03256157636642456 0.07318703863355848
3 0.5347262382507324 0.3654634687635634 0.07612724304199218 0.08721813625759549
1 0.41010463833808897 0.31873300936486987 0.02044616937637329 0.03308984835942586
1 0.5618114113807678 0.35904741287231445 0.026529717445373534 0.050107510884602864
3 0.6984950631856919 0.410128739145067 0.06734550595283509 0.12256148126390246
2 0.08495197743177414 0.5398461977640788 0.09903041422367095 0.20496434105767145
