1 0.5171710848808289 0.9278472264607748 0.12035462856292725 0.13352021111382378
1 0.6192180275917053 0.8077494727240668 0.08750479221343994 0.10180613199869791
3 0.639025699510239 0.7786355124579536 0.07700153705663978 0.14514486524793838
0 0.5799322605133057 0.6586078008015951 0.032933807373046874 0.048170174492730033
1 0.4928399443626404 0.6889278199937608 0.045714378356933594 0.0430305904812283
1 0.5799951553344727 0.6581690258449978 0.032950210571289065 0.04959000481499566
0 0.6206889152526855 0.7869764539930556 0.08822097778320312 0.1388302273220486
1 0.7060388565063477 0.7011879179212782 0.02776780128479004 0.06462084452311198
3 0.356205141544342 0.4190634197658963 0.08625810146331787 0.26034906175401473
1 0.6405232310295105 0.7453713734944661 0.07796194553375244 0.06907848782009549
0 0.6522821426391602 0.7437530517578125 0.058246421813964847 0.0815093994140625
