1 0.2950871348381042 0.23825789557562935 0.049418187141418456 0.08136800130208334
2 0.7558159351348877 0.45322439405653214 0.3116318702697754 0.3999587164984809
3 0.15089990496635436 0.34750620524088544 0.06801220178604125 0.11723463270399305
3 0.7553175330162049 0.4700004789564345 0.31063506603240965 0.36222318013509114
3 0.46032307147979734 0.5439926783243815 0.28002114295959474 0.5102075788709852
3 0.7472375154495239 0.596872682041592 0.29447503089904786 0.5544401115841335
3 0.27502732276916503 0.03204094519217809 0.07636466026306152 0.0600331316391627
1 0.1508246421813965 0.3355379740397135 0.07393503189086914 0.15633665720621745
1 0.3326335668563843 0.6655964533487956 0.13473286628723144 0.2397785186767578
1 0.2332060694694519 0.04698051346672906 0.021846938133239745 0.03624259101019965
2 0.8441390603780746 0.4918501853942871 0.3117218792438507 0.298232544793023
3 0.4365288734436035 0.6741636488172743 0.34213411808013916 0.3541785346137153
1 0.3633018130203709 0.6202816433376737 0.08496662494726478 0.17269354926215277
3 0.19840774536132813 0.04007225036621094 0.056195831298828124 0.040602789984809026
0 0.8808556437492371 0.965693367852105 0.03416240215301514 0.06779836018880209
1 0.4648063570261002 0.6713418324788412 0.12127153277397155 0.07868949042426215
