1 0.08870980590581894 0.7317029529147678 0.08596639931201935 0.11716253492567275
1 0.42263747155666354 0.5315111372205946 0.050022941827774045 0.08274603949652778
1 0.35717596039175986 0.48223856290181477 0.0431333139538765 0.0645533561706543
1 0.38097610473632815 0.5896110746595594 0.03804779052734375 0.0929526858859592
1 0.6207976771518589 0.4278515285915799 0.035162338986992836 0.057702361212836374
1 0.5854127764701843 0.45877917607625324 0.03797404766082764 0.07049176957872179
1 0.44806385040283203 0.44832455846998426 0.03631680011749268 0.061940479278564456
1 0.35634548887610434 0.3985475328233507 0.030422241985797883 0.048647901746961805
1 0.3409221887588501 0.5412693659464518 0.0412193775177002 0.08461007012261285
0 0.7941235363483429 0.6331337610880534 0.02796095609664917 0.09011378818088107
1 0.21936756372451782 0.5915782716539171 0.06441872119903565 0.09230677286783855
1 0.10494786202907562 0.6179336971706815 0.07039697766304016 0.09132147894965278
0 0.6949485421180726 0.509341812133789 0.020900154113769533 0.07236667209201389
0 0.9011685967445373 0.7746571222941081 0.03399693965911865 0.11181738111707899
1 0.4096571356058121 0.3908272001478407 0.029204076528549193 0.045197486877441406
1 0.3922454982995987 0.41973137855529785 0.032780390977859494 0.05579722722371419
1 0.5823198437690735 0.3345107316970825 0.026409602165222167 0.03680400318569607
0 0.8759202241897583 0.6720857726203071 0.025499868392944335 0.09396686553955078
0 0.4353907585144043 0.3651311185624864 0.011547207832336426 0.043487432267930774
2 0.6354302540421486 0.33633049958282046 0.03826284110546112 0.07923111187087165
1 0.38841354846954346 0.41154520246717663 0.02284102439880371 0.07160428365071615
0 0.42248180508613586 0.351793819003635 0.011581456661224366 0.039040162828233506
1 0.19471563696861266 0.36351766586303713 0.02579118013381958 0.038814311557345924
1 0.46188434958457947 0.34854940705829196 0.025390708446502687 0.03950122462378608
3 0.26263115406036375 0.4029507981406318 0.040158843994140624 0.09739599757724338
2 0.35012464940082283 0.8925394694010417 0.058488634834066036 0.21373587714301215
1 0.4068100929260254 0.3286308209101359 0.02307537794113159 0.03404237429300944
1 0.26839054822921754 0.34382412433624265 0.04040086269378662 0.04365020857916938
1 0.08389830440282822 0.6925431357489692 0.08159425556659698 0.035900582207573785
1 0.6369751930236817 0.35777613321940105 0.03872547149658203 0.040090518527560765
2 0.2679277241230011 0.8895876566569011 0.2375524401664734 0.22082468668619792
3 0.05205792188644409 0.10269434187147353 0.10411584377288818 0.20538868374294705
1 0.4456504285335541 0.31014877607425057 0.021964919567108155 0.033306441373295255
3 0.29329795837402345 0.3902326371934679 0.10710468292236328 0.12844390869140626
