1 0.43498222529888153 0.7625049167209201 0.06545513272285461 0.08056920369466146
0 0.386826229095459 0.8727230495876737 0.05043783187866211 0.11682179768880209
1 0.5432270228862762 0.7439599355061849 0.06579104661941529 0.06610276963975695
1 0.2369098663330078 0.8061190287272135 0.15890350341796874 0.21648101806640624
1 0.5562355041503906 0.9098485310872396 0.11848602294921876 0.13060404459635416
1 0.06653922349214554 0.8495560963948567 0.08638523519039154 0.1100124782986111
3 0.3562017917633057 0.42251841227213544 0.08624687194824218 0.26725904676649304
3 0.6339813238359057 0.7791518317328558 0.06753293157089502 0.15312898423936633
1 0.6090602874755859 0.8176978217230902 0.09152131080627442 0.08630438910590278
1 0.5087456166744232 0.6882373174031575 0.04758087396621704 0.045649676852756074
1 0.6349320411682129 0.7457429673936632 0.07372055053710938 0.08011067708333333
0 0.5086218833923339 0.6916017320421007 0.04748077392578125 0.05256343417697483
1 0.6695681720972061 0.642890379163954 0.03115406632423401 0.04487575954861111
0 0.5428685188293457 0.7446508619520399 0.06790676116943359 0.07066209581163195
0 0.43591461181640623 0.7644946628146702 0.06527194976806641 0.08413238525390625
1 0.1684993624687195 0.896791754828559 0.1236457109451294 0.11133236355251735
