1 0.9632717132568359 0.7158726798163519 0.07141633033752441 0.12048327128092448
1 0.8616861224174499 0.7095802307128907 0.10080134868621826 0.11312908596462673
1 0.64305260181427 0.6581941816541884 0.09037714004516602 0.10583385891384549
1 0.5143966317176819 0.6952524926927355 0.08461620807647705 0.12515680525037978
0 0.379487381875515 0.6581570943196614 0.059481886029243466 0.10538194444444444
1 0.6950156956911087 0.5758768399556478 0.06594592928886414 0.08804238637288411
0 0.9637622833251953 0.7150215148925781 0.07057685852050781 0.12289750840928819
0 0.3198333740234375 0.48457809024386933 0.04241538047790527 0.06429718865288628
0 0.6945985794067383 0.5730118645562066 0.06581287384033203 0.08449639214409722
0 0.7860847473144531 0.5465181562635634 0.061215782165527345 0.0641143798828125
1 0.9192960023880005 0.6051957978142632 0.08725538253784179 0.08818492889404297
1 0.7859292685985565 0.5455299907260471 0.06210838556289673 0.06728191375732422
1 0.24197852611541748 0.9065483940972222 0.11956195831298828 0.18358629014756944
0 0.331088939905203 0.4867570665147569 0.02154573678963061 0.0739029778374566
1 0.31977384090423583 0.4848136107126872 0.04265308380126953 0.06459947162204319
0 0.24206931591033937 0.9064456515842014 0.12001862525939941 0.18358493381076388
0 0.6433064937591553 0.6697642432318793 0.09032411575317383 0.1270495096842448
0 0.5153036117553711 0.6951951768663195 0.08453731536865235 0.1258487277560764
1 0.3747431993484497 0.6655340512593587 0.05014786720275879 0.12115857866075304
