1 0.6364259481430053 0.7024186876085069 0.10074653625488281 0.14795489841037326
1 0.9572099328041077 0.6894182417127821 0.06250135898590088 0.08584493001302083
1 0.3430906653404236 0.49044166141086154 0.04602005481719971 0.06301934983995226
1 0.5763168811798096 0.5114089541965061 0.06132926940917969 0.0698725806342231
1 0.6653388977050781 0.5722073660956488 0.08606553077697754 0.09606039259168837
1 0.29266923666000366 0.5744333267211914 0.0469038724899292 0.07816929287380642
0 0.2927696704864502 0.5733984205457899 0.046221685409545896 0.07928187052408854
0 0.3748037338256836 0.6118062761094835 0.06475448608398438 0.08809441460503473
0 0.34355690479278567 0.4906567891438802 0.04396657943725586 0.0670745849609375
0 0.6368853092193604 0.701402113172743 0.10157938003540039 0.1496432410346137
0 0.9572086334228516 0.6900099012586806 0.06313209533691407 0.08512374030219184
0 0.603552920446964 0.5148225360446506 0.006984439340885729 0.08096139695909288
1 0.3722941279411316 0.6212563832600911 0.05532195568084717 0.09832060072157119
