1 0.5854926586151123 0.8179577297634548 0.09949207305908203 0.1698828803168403
0 0.9550759315490722 0.6889280531141493 0.08680152893066406 0.10991723802354601
1 0.6283072710037232 0.6789630783928765 0.0893463134765625 0.10846474965413412
0 0.6292233467102051 0.6799879286024305 0.09082527160644531 0.11287892659505208
3 0.6379861831665039 0.49661805894639754 0.16245779991149903 0.22741385565863714
1 0.8635797619819641 0.5712610880533854 0.0534775972366333 0.06825277540418836
1 0.6605278670787811 0.5121941248575846 0.12105573415756225 0.2425896962483724
1 0.7860028147697449 0.6653186798095703 0.08353850841522217 0.08919135199652778
0 0.3406923770904541 0.5703353034125433 0.047467517852783206 0.07098286946614583
0 0.7864333152770996 0.6672586229112413 0.08293418884277344 0.09188028971354166
1 0.9538531184196473 0.6883793195088704 0.08945610523223876 0.10722437964545356
0 0.8640203475952148 0.5723649766710069 0.051284408569335936 0.07101457383897569
1 0.8081031024456025 0.5952353265550402 0.07505332231521607 0.06811063554551866
1 0.4131157875061035 0.7019429524739583 0.07895727157592773 0.13216887580023873
1 0.38761178255081175 0.7013937102423774 0.024747157096862794 0.13188071780734592
1 0.38800792694091796 0.6738664415147569 0.02392106056213379 0.07448933919270834
0 0.38735097646713257 0.7003219604492188 0.025298047065734863 0.13208202785915799
1 0.3429155498743057 0.5723911073472765 0.044707614183425906 0.07848769293891059
0 0.8081845283508301 0.595066409640842 0.0762289047241211 0.07392900254991319
1 0.6175884443538961 0.8127937316894531 0.03501257538446225 0.17946234809027778
3 0.41273127049207686 0.6098755465613471 0.087078395485878 0.3166776551140679
1 0.383200466632843 0.48483121660020617 0.033559107780456544 0.054439417521158856
0 0.3910681247711182 0.4811382717556424 0.05013284683227539 0.04718916151258681
0 0.4137333869934082 0.7031109280056423 0.07811193466186524 0.13201904296875
1 0.6906181544065475 0.5840264320373535 0.06810882687568665 0.09286628299289279
