1 0.6700012158602476 0.7252776675754123 0.11774664893746375 0.1525302463107639
1 0.49694671630859377 0.6312614758809407 0.07335052490234376 0.10657037099202474
1 0.2861525774002075 0.7021817843119303 0.07293195724487304 0.12426047854953343
1 0.8402179777622223 0.6667106204562717 0.11435760259628296 0.0881437513563368
0 0.43719024658203126 0.5082332187228733 0.050588226318359374 0.06270667182074653
0 0.5312610149383545 0.49084705776638454 0.05377073287963867 0.06831453111436632
0 0.4980929374694824 0.6304084777832031 0.07154121398925781 0.10678371853298611
1 0.9404231309890747 0.669235971238878 0.10048952102661132 0.10695474412706163
1 0.27637534141540526 0.488493013381958 0.039216804504394534 0.05472881529066298
1 0.43622114360332487 0.5079268455505371 0.05089026093482971 0.062156656053331164
0 0.6716436386108399 0.7244288974338108 0.11908683776855469 0.14989471435546875
0 0.2845162868499756 0.6905751546223958 0.07423677444458007 0.14627634684244792
1 0.531211394071579 0.4898097144232856 0.05598293542861939 0.07462073432074653
1 0.3202796220779419 0.4450591193305122 0.04553513526916504 0.05195172627766927
1 0.29284846782684326 0.5880928039550781 0.0857513427734375 0.15568754408094618
0 0.2721604347229004 0.5495063781738281 0.04382381439208984 0.08120659722222222
1 0.2845348834991455 0.6752961688571506 0.07301230430603027 0.07116372850206164
0 0.27631287574768065 0.4889554977416992 0.03902688026428223 0.05567393832736545
1 0.8849837303161621 0.6892095777723525 0.20269641876220704 0.1389984130859375
3 0.8892960548400879 0.8046171400282118 0.21568336486816406 0.38538530137803817
1 0.3594800591468811 0.5801911777920193 0.04246413707733154 0.06095642513699002
