0 0.5875797271728516 0.48138342963324654 0.04960765838623047 0.06575978597005208
1 0.8272371709346771 0.5509237395392523 0.07087756395339966 0.08318678538004558
1 0.6546942234039307 0.5496099578009711 0.0622525691986084 0.08312079111735025
1 0.5203470289707184 0.6750531514485677 0.06971215009689331 0.10662816365559896
0 0.5222858905792236 0.6718463473849826 0.06695890426635742 0.10080210367838542
0 0.4357611656188965 0.5779799567328558 0.053216171264648435 0.08925662570529513
1 0.9137639284133912 0.745875867207845 0.11141366958618164 0.13202391730414498
1 0.3047529935836792 0.5045370525783963 0.03812980651855469 0.05581881205240886
1 0.2466617226600647 0.530879455142551 0.03929421901702881 0.07287748124864367
0 0.8278038024902343 0.5497287326388889 0.07115511894226074 0.08684777153862847
0 0.3571533203125 0.5875535329182943 0.04500417709350586 0.0753297593858507
0 0.6541306018829346 0.549728520711263 0.06030893325805664 0.08517371283637153
0 0.3735356330871582 0.47355787489149304 0.04031791687011719 0.052805582682291664
1 0.3733307719230652 0.47253791491190594 0.04283249378204346 0.05180819829305013
0 0.6753232479095459 0.49670477973090277 0.048161983489990234 0.04935489230685764
0 0.6065868797886651 0.4735100004408095 0.012835305335465818 0.0646734873453776
0 0.24618191719055177 0.52857666015625 0.03951816558837891 0.07705205281575521
1 0.35639840364456177 0.5868866708543565 0.04500534534454346 0.08152480655246311
1 0.5863410592079162 0.48117677370707196 0.05121924877166748 0.06429236729939779
0 0.5003579139709473 0.483389769660102 0.03906128406524658 0.053464380900065105
1 0.39060455560684204 0.8155322604709201 0.018736100196838378 0.15161259969075522
1 0.43550935983657835 0.5823653221130372 0.05097885131835937 0.08298608991834852
3 0.3680543899536133 0.596870379977756 0.06231169700622559 0.22360763549804688
0 0.9131031990051269 0.7458831787109375 0.11132030487060547 0.13332587348090277
1 0.4237353324890137 0.8121259901258681 0.09193227291107178 0.18169013129340278
1 0.6751229047775269 0.49773483276367186 0.048551177978515624 0.04910655551486545
