1 0.7046312153339386 0.7621568467881944 0.10399128198623657 0.15102242363823784
1 0.7134089291095733 0.5480413966708713 0.06286903619766235 0.0663585450914171
0 0.7059036254882812 0.7600967407226562 0.10468082427978516 0.14695671929253473
1 0.5445605158805847 0.7383585400051541 0.08655178546905518 0.13858443366156684
1 0.3122191667556763 0.5473177274068196 0.045463943481445314 0.09175379011366103
0 0.7011695861816406 0.5499941719902887 0.03828582763671875 0.06301901075575086
1 0.8651883721351623 0.6287119547526042 0.10129411220550537 0.10611275566948784
0 0.27800302505493163 0.6098367902967665 0.055448722839355466 0.09800355699327257
0 0.5702669620513916 0.5224536895751953 0.04522228240966797 0.0590760972764757
1 0.5701383233070374 0.5217943721347384 0.04651739597320557 0.062274233500162764
0 0.3128148317337036 0.5482830471462674 0.047065210342407224 0.09454489813910591
0 0.39793076515197756 0.6421765645345052 0.05532655715942383 0.08144887288411458
1 0.30870832204818727 0.7962859047783746 0.07995960712432862 0.14537985059950087
0 0.5443394660949707 0.7378974066840278 0.085589599609375 0.13692220052083334
1 0.27759402990341187 0.6099349021911621 0.053021931648254396 0.09323317209879557
0 0.8645133972167969 0.623152330186632 0.10291023254394531 0.11602037217881944
1 0.9053824424743653 0.5659830305311415 0.0925943374633789 0.08426954481336806
1 0.7166328847408294 0.6971572664048936 0.06625927686691284 0.026497692532009547
1 0.3856281638145447 0.6393805079989963 0.028629231452941894 0.0803982416788737
3 0.4462879180908203 0.7289292335510253 0.2519508361816406 0.5283937030368381
