1 0.25488739013671874 0.5050811131795248 0.06296448707580567 0.11613536410861545
1 0.7760558187961578 0.6339459313286675 0.06736892461776733 0.10952258639865452
0 0.38483506441116333 0.7585012647840712 0.030324244499206544 0.13841188218858508
1 0.6251590442610905 0.5041304482354059 0.048896179208531974 0.06819945441351996
1 0.4113890424370766 0.7545422236124675 0.08354465663433075 0.14302346971299912
1 0.5925140857696534 0.5025339762369792 0.11419391632080078 0.07549302842881944
0 0.41051082611083983 0.753572760687934 0.08116836547851562 0.1356168958875868
1 0.38298213481903076 0.48632596333821615 0.033648681640625 0.05966525607638889
0 0.30876789093017576 0.6655346340603299 0.05849323272705078 0.11837751600477431
0 0.34347758293151853 0.4974525451660156 0.04473099708557129 0.0525390625
2 0.2545911431312561 0.5058423572116428 0.06258842945098878 0.11458117167154948
1 0.5711958408355713 0.5060854487948947 0.07027258872985839 0.0771452373928494
0 0.32930857464671137 0.6798096021016439 0.0179921492934227 0.09359802669949002
1 0.3437662959098816 0.49642303254869247 0.04534981250762939 0.0527661853366428
0 0.7748513221740723 0.6389146592881945 0.06728458404541016 0.09905039469401042
1 0.39508188217878343 0.48853997124565973 0.058038821816444396 0.06934704250759549
0 0.6264657974243164 0.5035636054144965 0.04530658721923828 0.0589308844672309
1 0.3288812957704067 0.6713309817843967 0.017137591540813447 0.07955067952473958
3 0.5048253998160362 0.6984379132588704 0.27152152359485626 0.5045738432142469
2 0.3887211322784424 0.5187175697750516 0.021991491317749023 0.12535342110527886
