1 0.35461498498916627 0.5552461836073134 0.05966117382049561 0.09167976379394531
0 0.35494303703308105 0.5557804531521268 0.05872964859008789 0.09520272148980034
0 0.44389487206935885 0.5778225156995985 0.05524404644966126 0.07513321770562066
1 0.7554164886474609 0.514544677734375 0.087835693359375 0.09309658474392361
0 0.6720178604125977 0.5149033440483941 0.08337841033935547 0.07781032986111111
0 0.27177090644836427 0.5869920518663194 0.04318075180053711 0.08819664849175347
0 0.5185666084289551 0.4931689792209201 0.05233497619628906 0.05232357449001736
0 0.7161924719810486 0.4872236887613932 0.008240056037902833 0.058915964762369794
0 0.24870188236236573 0.5002304501003689 0.043150806427001955 0.08370242648654513
1 0.691686487197876 0.5867222256130642 0.055887460708618164 0.07304416232638888
0 0.7690152168273926 0.5344287448459202 0.061341285705566406 0.05909618801540799
