1 0.5660905718803406 0.7684349271986219 0.09894979000091553 0.15360281202528211
1 0.7248996734619141 0.5000043233235677 0.1600311279296875 0.1590145534939236
1 0.923810625076294 0.5392013125949435 0.15237874984741212 0.17711105346679687
0 0.38271298408508303 0.6070962693956163 0.05629310607910156 0.0915464613172743
3 0.9222423315048218 0.5495231416490343 0.1516345977783203 0.19675042894151476
1 0.28456865549087523 0.4568413681454129 0.03729255199432373 0.053754202524820965
0 0.28893108367919923 0.6371498107910156 0.0512385368347168 0.0878414577907986
0 0.3984308004379272 0.5414952596028646 0.05296511650085449 0.06512468126085069
0 0.38530597686767576 0.5443242390950521 0.029388046264648436 0.0756744384765625
1 0.6821997165679932 0.47905423906114364 0.07558364868164062 0.1398776160346137
1 0.2776304244995117 0.7731251186794705 0.08616523742675782 0.17019780476888022
1 0.6220925927162171 0.9520698335435656 0.10730888843536376 0.09586033291286893
1 0.4228257566690445 0.7330094443427192 0.07475642561912536 0.1357458750406901
1 0.5178818583488465 0.44832687377929686 0.04138252735137939 0.04492738511827257
1 0.28936450481414794 0.640219963921441 0.050600624084472655 0.08434982299804687
1 0.5308017730712891 0.49379558563232423 0.03994650840759277 0.05070203145345052
0 0.5172593116760253 0.45030788845486114 0.039682960510253905 0.048045518663194446
1 0.3976292312145233 0.5429006682501899 0.05449048280715942 0.0677416271633572
1 0.891605269908905 0.6386504703097873 0.1059075117111206 0.13210177951388888
1 0.38142440021038054 0.6137517717149522 0.05630609393119812 0.0964037577311198
1 0.3761096239089966 0.636184204949273 0.047490692138671874 0.14655630323621963
1 0.24059298038482665 0.5118288252088758 0.0402165412902832 0.06288269890679253
0 0.6081803224980831 0.7694928910997179 0.01636064499616623 0.15890977647569443
0 0.4727293014526367 0.4778711954752604 0.043143844604492186 0.04909278021918403
0 0.5291930198669433 0.476128175523546 0.04300374984741211 0.0830476548936632
0 0.5300729274749756 0.49200846354166666 0.04102411270141602 0.04967295328776042
