1 0.26291394233703613 0.8183729807535808 0.10931754112243652 0.17162373860677083
1 0.8791867613792419 0.8846976810031467 0.10730350017547607 0.18192681206597222
1 0.6459092736244202 0.5157573064168294 0.04667632579803467 0.08283500671386719
1 0.6760623216629028 0.6184461911519369 0.06100335121154785 0.10179771847195096
1 0.12509004771709442 0.6570961952209473 0.0763491451740265 0.10070790184868707
1 0.35249423027271404 0.6519678539699978 0.06408874511253089 0.1017158932156033
1 0.7546711325645447 0.5878169801500108 0.060581207275390625 0.1135656992594401
1 0.7200675010681152 0.4967052671644423 0.04905984401702881 0.10393113030327691
1 0.6242770127952099 0.45678599145677357 0.03402552157640457 0.06215904023912218
1 0.4641950249671936 0.5776806089613172 0.05296370983123779 0.09129757351345485
0 0.3521519087255001 0.4769301043616401 0.020210714638233186 0.06394904454549154
1 0.299748957157135 0.405804967880249 0.03363945484161377 0.05305172602335612
1 0.3119684338569641 0.5519732369316949 0.05865676403045654 0.08690990871853299
1 0.4625632643699646 0.3836452563603719 0.03142213821411133 0.04599944750467936
1 0.7840589106082916 0.5077918370564779 0.04658302068710327 0.0722816891140408
1 0.7561109960079193 0.45859266916910807 0.03344672918319702 0.057656012641059025
2 0.7201676368713379 0.4966726515028212 0.050349998474121097 0.10422032674153646
1 0.8453624486923218 0.5975026554531522 0.06327152252197266 0.09424258338080513
1 0.6860456556081772 0.44111402299669056 0.03414693474769592 0.08298259311252171
1 0.23851282596588136 0.4256124072604709 0.0360722541809082 0.052411397298177086
1 0.38763267993927003 0.5284971449110243 0.024437999725341795 0.0869049072265625
1 0.729364413022995 0.41793399386935765 0.034091603755950925 0.05743075476752387
0 0.33052697167149747 0.5521678924560547 0.020121822052169593 0.08343234592013889
2 0.5111655473709107 0.3979239437315199 0.03511314392089844 0.07131839858161079
1 0.1285841703414917 0.5603339301215278 0.06443095803260804 0.0829654269748264
1 0.6215695645660162 0.3969771915011936 0.028107399493455885 0.05483466254340278
0 0.461994594335556 0.3485646645228068 0.014446961879730224 0.03744186295403375
1 0.643121600151062 0.34498361746470135 0.020684373378753663 0.03779243363274468
0 0.25648787021636965 0.37617794672648114 0.015957164764404296 0.04505524105495877
0 0.7115905404090881 0.4098417864905463 0.015183329582214355 0.059454652998182506
2 0.68566834628582 0.4408558315700955 0.034643512964248654 0.0819792005750868
0 0.8570034861564636 0.5482457690768772 0.022014927864074708 0.05435786777072483
0 0.4900270879268646 0.3373683836725023 0.01191321611404419 0.03863276110755073
0 0.016758258640766143 0.9534627278645833 0.033516517281532286 0.09050699869791666
0 0.71700040102005 0.3768600887722439 0.006597828865051269 0.050512080722384986
3 0.6207563042640686 0.3964586893717448 0.028779053688049318 0.05492678748236762
3 0.6139225295191864 0.6040940602620443 0.027670307754306123 0.2140341016981337
1 0.510936164855957 0.39770499335394965 0.0342069149017334 0.07130118476019966
1 0.6351163171231746 0.3273897820048862 0.02204367071390152 0.028921326001485188
0 0.9761466979980469 0.824515618218316 0.04675617218017578 0.1856441921657986
