1 0.553417044878006 0.34583440356784395 0.07305516004562378 0.13337315453423393
1 0.6691775821149349 0.5316916730668809 0.09654526263475419 0.1372717645433214
1 0.49755898118019104 0.2587818781534831 0.04874252080917359 0.08108512030707465
1 0.35008645355701445 0.3518121348487006 0.05919972062110901 0.09509782791137696
0 0.6294024467468262 0.35945252312554254 0.024644756317138673 0.09037746853298612
0 0.6211236000061036 0.2578285217285156 0.024090957641601563 0.07798334757486979
1 0.5429367423057556 0.24650674396091038 0.044761157035827635 0.07075850168863933
0 0.6532168120145798 0.30624634424845376 0.020388299226760866 0.07963852352566189
0 0.7561154007911682 0.3441477139790853 0.0242154598236084 0.07496607038709853
1 0.03153732419013977 0.41784371270073783 0.06202235221862793 0.12769249810112848
0 0.711035680770874 0.41075121561686195 0.030659580230712892 0.10703082614474826
1 0.4481604039669037 0.1296772109137641 0.03224128484725952 0.050462298923068576
3 0.3609233373426832 0.5669046137068007 0.08073762774001807 0.2016059981452094
1 0.46493717432022097 0.1637015183766683 0.03602604866027832 0.05876838896009657
3 0.16202592849731445 0.22815187242296006 0.08610143661499023 0.2006315443250868
2 0.8168615758419037 0.416287628809611 0.11133986711502075 0.14145101971096463
2 0.015230119228363037 0.1080263508690728 0.030460238456726074 0.0854534043206109
1 0.806644058227539 0.42613042195638023 0.09310612678527833 0.12405412462022569
3 0.7519635701552033 0.7324577225579156 0.2964572381228209 0.5308532079060873
1 0.5745747089385986 0.7814609103732639 0.28601922988891604 0.21991339789496528
0 0.9440581321716308 0.5135206434461805 0.04921398162841797 0.12613779703776043
1 0.3869388967752457 0.06491727299160427 0.030830055475234985 0.03591461181640625
3 0.23272953629493714 0.03277701006995307 0.13177765607833863 0.06555402013990615
1 0.45039127469062806 0.0916743967268202 0.026061546802520753 0.03736600875854492
2 0.5535677611827851 0.3520897017584907 0.07233506441116333 0.12640162573920355
1 0.01635856181383133 0.11059592564900717 0.03269382417201996 0.0823781967163086
1 0.7054589271545411 0.2895469241672092 0.07838144302368164 0.07815305921766492
1 0.3347326278686523 0.5754922654893663 0.14140863418579103 0.22276611328125
3 0.5725724220275878 0.6610706329345704 0.28179054260253905 0.448858388264974
1 0.44539878964424134 0.06419991652170817 0.024232137203216552 0.030748256047566733
