1 0.6202656626701355 0.45088796085781524 0.03862011432647705 0.07130062315199111
1 0.19009677767753602 0.6384429295857748 0.0711565613746643 0.10665660434299046
1 0.3793140769004822 0.6878806008232965 0.041371846199035646 0.12019479539659288
1 0.3961622819304466 0.6868450588650173 0.07334714233875275 0.12382303873697917
1 0.4300990909337997 0.5021953052944608 0.04216538071632385 0.07106893327501085
1 0.3414208650588989 0.5444585482279459 0.04221673011779785 0.07956706153021918
1 0.1720808446407318 0.8842518488566081 0.1213945984840393 0.17144398159450955
0 0.27073633670806885 0.5950480355156793 0.023438072204589842 0.08400823805067274
0 0.698729407787323 0.5588774681091309 0.019420933723449708 0.08047627343071831
1 0.3506409116089344 0.41807219717237687 0.03341415375471115 0.05597166485256619
1 0.404873451590538 0.40591115951538087 0.03510566353797913 0.0484909905327691
0 0.3236310720443726 0.40591916508144804 0.015529251098632813 0.04894876480102539
0 0.6882139027118683 0.43174209594726565 0.01648508310317993 0.05327409108479818
1 0.3026367425918579 0.6158323711819119 0.0657310962677002 0.10702586703830295
1 0.22146164774894714 0.48524204360114204 0.04764233827590943 0.067885070376926
0 0.9336465835571289 0.9412046432495117 0.03864860534667969 0.11742608812120225
0 0.3926025599241257 0.542456669277615 0.023488277196884157 0.08435880872938369
1 0.5584332346916199 0.35933167139689126 0.026736140251159668 0.04561364915635851
0 0.7179644227027893 0.44839182959662544 0.017680096626281738 0.05407278272840712
0 0.6113238573074341 0.35592200756073 0.01192474365234375 0.03793612056308322
1 0.5833219647407532 0.3415070864889357 0.022784733772277833 0.035364010598924425
0 0.6438747763633728 0.38781960540347626 0.013654255867004394 0.04627991252475315
1 0.6264581173658371 0.5933011478847927 0.05291623473167419 0.10902987586127387
1 0.7920172333717346 0.6685176637437609 0.07124741077423095 0.11953341166178386
1 0.2130327880382538 0.37791397041744657 0.02954460382461548 0.045779085159301756
0 0.40677169561386106 0.35867992242177327 0.01347118616104126 0.03920961485968696
0 0.32508535757660867 0.40572759840223527 0.009487606585025787 0.05096774631076389
0 0.7151809692382812 0.4478371196322971 0.010221242904663086 0.0578655030992296
1 0.32176918983459474 0.9225387573242188 0.11991491317749023 0.14484456380208333
1 0.46017080545425415 0.3177071359422472 0.021925020217895507 0.033247481452094184
0 0.4257892996072769 0.3232040656937493 0.011975711584091187 0.0380700667699178
1 0.34929150640964507 0.932689815097385 0.05795801281929016 0.13462036980523004
0 0.38845989406108855 0.513087707095676 0.01952865719795227 0.06726373036702474
3 0.05047726035118103 0.10466852188110351 0.10095452070236206 0.20933704376220702
0 0.3286519281566143 0.6250492413838704 0.016588757932186126 0.09272183312310113
1 0.32895337119698526 0.6252353880140517 0.01728174239397049 0.09280204772949219
0 0.20561657547950746 0.39377163781060115 0.014035356044769288 0.04891463385687934
1 0.39346901178359983 0.4037870486577352 0.013061976432800293 0.05853414005703396
1 0.15661514401435853 0.46645562913682725 0.0419847846031189 0.0621757083468967
0 0.05179519802331924 0.5087143792046441 0.019805070757865906 0.06360198126898872
3 0.535675048828125 0.36347105238172744 0.07889080047607422 0.08005184597439235
