1 0.8429267525672912 0.599158255259196 0.08980338573455811 0.09382656945122612
0 0.9701322555541992 0.6216306898328993 0.05973548889160156 0.09590403238932292
0 0.4772032380104065 0.45313772095574273 0.03373043537139893 0.045473639170328775
1 0.35261467695236204 0.5768321461147732 0.05314352512359619 0.08296807607014973
1 0.9694315791130066 0.6215477519565158 0.05999205112457275 0.09403319888644748
1 0.7537685036659241 0.6103265974256727 0.09193706512451172 0.09169447157118056
0 0.35236077308654784 0.5758934868706598 0.05115232467651367 0.08761952718098959
0 0.41043801307678224 0.4059349907769097 0.0331939697265625 0.04491017659505208
0 0.5809720993041992 0.5243997361924914 0.054121971130371094 0.05284542507595486
1 0.45054801404476164 0.9139518949720594 0.10039816498756408 0.16915312872992622
0 0.2688877105712891 0.8949256049262153 0.09950871467590332 0.19954630533854167
1 0.2707597970962524 0.8949852201673719 0.10233945846557617 0.19994222852918836
0 0.5042223453521728 0.6347100151909723 0.07399091720581055 0.12062598334418403
1 0.5036605417728424 0.6275164074367947 0.07721084356307983 0.12778104146321614
0 0.8429738998413085 0.5987107170952691 0.09078869819641114 0.09446936713324652
1 0.4103977233171463 0.406336063808865 0.03430473208427429 0.04573182000054254
1 0.5815603494644165 0.5236281077067058 0.05330944061279297 0.05818506876627604
0 0.7593556404113769 0.5353125678168402 0.07506542205810547 0.08266059027777778
1 0.47695785760879517 0.4527311537000868 0.03404624462127685 0.04596006605360243
0 0.4646707534790039 0.5409344143337673 0.04991283416748047 0.057621934678819445
1 0.28728724718093873 0.48260332213507756 0.05858128070831299 0.06362704171074761
0 0.7143756151199341 0.5969372643364801 0.01136031150817871 0.08748185899522569
0 0.45024471282958983 0.9068359375 0.10150892734527588 0.18088243272569443
1 0.7143311381340027 0.5970859421624077 0.011614537239074707 0.08901848263210721
