3 0.7446016669273376 0.5984507918357849 0.2892033338546753 0.5546453184551663
0 0.4905895709991455 0.7119982401529948 0.08768997192382813 0.17104949951171874
1 0.2867905855178833 0.1897815121544732 0.04109206199645996 0.07035830815633139
1 0.333185088634491 0.5094862620035807 0.12680366039276122 0.1482068379720052
3 0.253757643699646 0.6128548940022787 0.26453700065612795 0.32032106187608506
2 0.7560598373413085 0.4579782591925727 0.3121196746826172 0.39051473405626086
3 0.7555080056190491 0.47778447055154377 0.31101601123809813 0.3697653111484316
2 0.844459056854248 0.4961787435743544 0.3110818862915039 0.2877571741739909
3 0.8445504039525986 0.6098565472496881 0.30617364048957824 0.5214591026306152
3 0.2314896821975708 0.03218144575754801 0.12844223976135255 0.06436289151509603
3 0.1609613299369812 0.27172891828748913 0.0661156415939331 0.12209332784016927
3 0.16193485260009766 0.3111541615592109 0.058153080940246585 0.04453054534064399
1 0.15998952388763427 0.2696429146660699 0.06489262580871583 0.12256660461425781
1 0.3891622513532639 0.12290217081705729 0.04984000325202942 0.05805789099799262
1 0.3588044697069563 0.507492807176378 0.07626404881011695 0.14908731248643664
1 0.3491021454334259 0.6559186723497179 0.057579290866851804 0.10818006727430556
2 0.6866636276245117 0.5457699245876736 0.6199207305908203 0.8841084798177083
2 0.8438382714986801 0.587502924601237 0.31232345700263975 0.4968306647406684
1 0.19003479480743407 0.5856136110093858 0.13751654624938964 0.21486778259277345
3 0.2377425491809845 0.6014753553602431 0.2269013285636902 0.21570409138997396
