1 0.49874735474586485 0.6376035054524739 0.0799369215965271 0.1026166280110677
3 0.8513894438743591 0.5391174634297689 0.19658610820770264 0.18758042653401694
1 0.5323672354221344 0.7524012671576605 0.07867263555526734 0.13510496351453993
0 0.26956901550292967 0.5674460093180339 0.05148749351501465 0.07961620754665799
1 0.8526603698730468 0.5419773525661893 0.19760398864746093 0.18838721381293402
1 0.2705154776573181 0.5678394953409831 0.050358128547668454 0.07707934909396702
1 0.2467702090740204 0.8791367636786567 0.10728713274002075 0.21590343051486546
1 0.28569493293762205 0.6742172559102376 0.06775321960449218 0.12367784712049697
0 0.395817232131958 0.6324270460340712 0.05635480880737305 0.08975228203667535
1 0.6483680725097656 0.8908682929144965 0.1274160385131836 0.2157955593532986
1 0.6341546654701233 0.5521661546495226 0.057551789283752444 0.05711152818467882
0 0.2851019620895386 0.6725691901312933 0.07160320281982421 0.13147396511501735
0 0.5541926383972168 0.5095981597900391 0.036879539489746094 0.05486907958984375
1 0.327299439907074 0.4887388971116808 0.05685317516326904 0.0564586427476671
1 0.44136781990528107 0.8981784396701389 0.1035906970500946 0.20050243801540799
1 0.3935361817479134 0.6329375478956435 0.05936184823513031 0.09451741112603082
1 0.5538856506347656 0.510186333126492 0.035477828979492185 0.05275864071316189
3 0.4074192071100697 0.7779712253146701 0.17306599137373269 0.4285141838921441
0 0.24573173522949218 0.876062520345052 0.10728259086608886 0.20755479600694443
1 0.3298875093460083 0.5484592013888889 0.04632935523986816 0.07048882378472222
0 0.3303905725479126 0.5482581244574652 0.04798293113708496 0.07240397135416667
0 0.6341334342956543 0.5516895718044705 0.057009315490722655 0.0563018798828125
0 0.3274468660354614 0.48836254543728297 0.055710363388061526 0.058548990885416666
0 0.4999519348144531 0.6363789452446832 0.07991657257080079 0.10521791246202257
0 0.5323132514953614 0.7511806911892361 0.07890472412109376 0.13708089192708334
