1 0.6329365611076355 0.6832282172309028 0.0899233102798462 0.11606852213541667
1 0.8473156452178955 0.6289059215121799 0.08719406127929688 0.097891722785102
1 0.36774074137210844 0.5764331181844076 0.07257187962532044 0.14047847323947482
0 0.4959832191467285 0.6452649434407552 0.06256122589111328 0.09881473117404514
0 0.2330315589904785 0.5187953101264106 0.040958595275878903 0.051617007785373266
1 0.2755300164222717 0.5518637127346463 0.04352233409881592 0.06870532565646702
0 0.301482105255127 0.6877224392361111 0.06071295738220215 0.11073760986328125
1 0.49680248498916624 0.6423185348510743 0.06396944522857666 0.10156305101182726
0 0.46013517379760743 0.522936757405599 0.05518131256103516 0.0580808851453993
0 0.8225775718688965 0.5250443776448568 0.059050559997558594 0.08088870578342014
1 0.38486558198928833 0.4833211633894179 0.029848933219909668 0.06017643610636393
1 0.4603955686092377 0.5224564870198568 0.05567775964736939 0.059120559692382814
1 0.3021199584007263 0.6893830087449816 0.061486315727233884 0.11207124922010633
2 0.36595951318740844 0.5802261776394314 0.06762154102325439 0.1433089362250434
0 0.8478595733642578 0.6293117099338108 0.0859334945678711 0.09764302571614583
1 0.3724153161048889 0.6736456976996528 0.05468118190765381 0.07418551974826389
0 0.6328022956848145 0.6826878865559896 0.0903045654296875 0.11612171596950954
1 0.32552146330708637 0.6629654990302192 0.010209622676484287 0.09629122416178386
3 0.36570316553115845 0.5790692223442926 0.06859366893768311 0.14290517171223957
0 0.3931609630584717 0.4832059224446615 0.04606447219848633 0.05922419230143229
