1 0.2971291184425354 0.946114370557997 0.14986155033111573 0.10239287482367622
1 0.5608602523803711 0.7841690063476563 0.08432540893554688 0.09026217990451389
0 0.6920480728149414 0.7522842407226562 0.061189460754394534 0.10853780110677083
1 0.5051675319671631 0.932031758626302 0.16531057357788087 0.12948744032118056
1 0.3624619960784912 0.8705451965332032 0.14464044570922852 0.12043287489149306
3 0.5056167483329773 0.9082541147867839 0.16537144184112548 0.1834917704264323
2 0.69101322889328 0.7060477044847276 0.05859854221343994 0.1997653325398763
1 0.3454743683338165 0.9325381173027887 0.050323736667633054 0.10913437737358941
1 0.555787181854248 0.6653919219970703 0.03547191619873047 0.05423973931206597
2 0.6984222054481506 0.6622197892930772 0.16395599842071534 0.09613308376736111
3 0.3558638095855713 0.42200760311550567 0.0869293212890625 0.2662374284532335
