0 0.693855 0.324523 0.024372 0.087289
1 0.622783 0.458291 0.084691 0.134515
0 0.578561 0.189364 0.018397 0.063289
0 0.512156 0.220336 0.018435 0.069051
0 0.558641 0.230958 0.022405 0.068367
3 0.023080 0.141465 0.045686 0.199364
0 0.533145 0.182314 0.016202 0.061645
3 0.662749 0.645187 0.644242 0.692556
1 0.450739 0.747478 0.230824 0.192509
1 0.442587 0.153115 0.064742 0.071848
0 0.565999 0.252369 0.020678 0.077215
1 0.557421 0.608450 0.234430 0.170913
3 0.021374 0.179475 0.042655 0.117397
1 0.068077 0.122858 0.041333 0.062688
0 0.510873 0.155528 0.017431 0.055874
0 0.563904 0.245013 0.022501 0.085029
3 0.499199 0.430158 0.249355 0.425151
3 0.177282 0.408402 0.150805 0.291108
1 0.623143 0.249297 0.044823 0.079217
