1 0.752035 0.580584 0.061747 0.105620
0 0.786284 0.795079 0.036447 0.126263
1 0.707962 0.742971 0.088591 0.159230
0 0.871787 0.585754 0.028112 0.095358
0 0.830591 0.808572 0.038261 0.120284
0 0.865617 0.794658 0.041817 0.129644
3 0.925830 0.608530 0.126903 0.311701
1 0.666196 0.394760 0.036228 0.052343
1 0.693617 0.447131 0.039512 0.065812
1 0.096789 0.823485 0.104673 0.158317
3 0.138421 0.559189 0.132575 0.298303
1 0.911763 0.696587 0.085867 0.132085
1 0.413237 0.826029 0.152532 0.159551
0 0.078040 0.589397 0.023742 0.088695
1 0.435091 0.548114 0.057167 0.091659
0 0.989384 0.533502 0.020718 0.087341
