1 0.7613762319087982 0.8555671691894531 0.1354852318763733 0.1749988979763455
1 0.7742642402648926 0.5685620837741427 0.08121142387390137 0.09137628343370226
1 0.256560480594635 0.8304200490315755 0.10258200168609619 0.17843661838107638
0 0.6218622207641602 0.6570888943142361 0.08191385269165039 0.11594950358072917
0 0.7088060736656189 0.4799467086791992 0.023012852668762206 0.05993215772840712
1 0.7233795195817947 0.4832372082604302 0.05184909701347351 0.0634272575378418
1 0.6209955215454102 0.6602827284071181 0.08106155395507812 0.12045991685655381
0 0.43404688835144045 0.44854202270507815 0.04659395217895508 0.06033477783203125
0 0.7241825580596923 0.48432515462239584 0.05173006057739258 0.0637725830078125
1 0.4578332990407944 0.9388182322184245 0.11075780987739563 0.11983591715494792
1 0.9290513038635254 0.7594072129991319 0.1317575454711914 0.12593519422743055
0 0.5454564094543457 0.5000204298231337 0.0462702751159668 0.05731540256076389
1 0.5585477948188782 0.6050239033169217 0.05691230297088623 0.08173202938503689
1 0.4968020796775818 0.4310725318060981 0.04250965118408203 0.04607747395833333
0 0.39190781116485596 0.6585114161173503 0.016166543960571288 0.0943272484673394
0 0.4966274261474609 0.43206532796223956 0.04266643524169922 0.04239315456814236
0 0.25720829963684083 0.8312301635742188 0.10257854461669921 0.17255927191840278
0 0.559168529510498 0.6051440768771701 0.058687019348144534 0.08493838840060763
1 0.43431524336338045 0.44937446382310653 0.04765381217002869 0.05805115169949002
1 0.8207901358604431 0.5079573313395183 0.07192733287811279 0.07792108323838975
1 0.4103907227516174 0.6612836625840929 0.053131508827209475 0.09542914496527778
1 0.34741562604904175 0.5485281732347277 0.04249055385589599 0.06800178951687283
0 0.8206918716430665 0.5085782368977865 0.07291679382324219 0.07301025390625
1 0.5454761385917664 0.5007932662963868 0.04818956851959229 0.06093381245930989
1 0.7066999793052673 0.8451133304172092 0.027225041389465333 0.17102542453342015
0 0.6405661106109619 0.5197222391764323 0.045084476470947266 0.05190514458550347
3 0.9288146734237671 0.7607727474636502 0.12817420959472656 0.12172893948025174
