1 0.49693886041641233 0.6799070888095432 0.07082564830780029 0.10811651017930772
0 0.6014392375946045 0.8196525573730469 0.09310884475708008 0.1365414089626736
1 0.6890692234039306 0.4892553064558241 0.056634378433227536 0.054821448855929905
0 0.4979249477386475 0.6767277187771268 0.07166757583618164 0.108544921875
0 0.5264675140380859 0.5733577304416233 0.05169658660888672 0.07380896674262152
1 0.746305912733078 0.619949934217665 0.07202154397964478 0.07706307305230034
1 0.9104186654090881 0.657583491007487 0.07614996433258056 0.08151465521918402
0 0.5018087863922119 0.452789306640625 0.04468326568603516 0.05563201904296875
0 0.2766171932220459 0.5847486707899305 0.046842002868652345 0.09030253092447917
1 0.5013380467891693 0.45221409267849394 0.045869648456573486 0.05411919487847222
0 0.34134869575500487 0.5341987609863281 0.043793869018554685 0.08155670166015624
0 0.3916171908378601 0.48581489986843535 0.016765618324279787 0.05305324130588108
0 0.715187919139862 0.6177471372816298 0.010127091407775879 0.07526571485731337
3 0.4430514931678772 0.7426457828945584 0.2454779863357544 0.509615135192871
1 0.27710968255996704 0.5865063455369738 0.047090697288513186 0.09035943349202474
1 0.6004580020904541 0.8254133224487304 0.09799208641052246 0.15174649556477865
1 0.3416977286338806 0.538866032494439 0.04427039623260498 0.07044637468126085
1 0.3568993449211121 0.4283940527174208 0.03309495449066162 0.03547575208875868
0 0.6885364055633545 0.4895922342936198 0.05428476333618164 0.056540595160590276
1 0.5262210905551911 0.5735482533772787 0.05406144857406616 0.07063077290852865
0 0.5683037281036377 0.5084748162163628 0.048260974884033206 0.06466217041015625
2 0.4552613139152527 0.7505060195922851 0.26989762783050536 0.4989879608154297
0 0.9104439735412597 0.6575511508517795 0.0740325927734375 0.08315514458550347
1 0.4035631835460663 0.48879821565416126 0.04068845510482788 0.05563157399495443
