1 0.6363772511482239 0.6975602997673882 0.10515758991241456 0.16080091264512802
0 0.6369650840759278 0.6978173997667101 0.10617637634277344 0.16705491807725695
1 0.3431718468666077 0.49027645852830676 0.04437987804412842 0.06000223159790039
1 0.9570663571357727 0.689717960357666 0.06469848155975341 0.0929245630900065
1 0.5768308997154236 0.5101945135328505 0.06132895946502685 0.06980427636040581
1 0.6658208131790161 0.5697880850897895 0.08631935119628906 0.08978801303439671
0 0.29195568561553953 0.5722391764322917 0.04853205680847168 0.07933561537000867
1 0.2922747015953064 0.5725704299079047 0.04668567180633545 0.07880051930745442
0 0.343725323677063 0.4899896833631727 0.0428126335144043 0.06672456529405382
0 0.9572233200073242 0.6907168918185764 0.06342849731445313 0.08966183132595486
0 0.6285621643066406 0.4837041219075521 0.043850135803222653 0.04488296508789062
1 0.7357111275196075 0.5527098337809245 0.06064223051071167 0.08008376227484809
0 0.37552318572998045 0.6098653157552083 0.062247180938720705 0.0887298583984375
0 0.5758580207824707 0.5099527994791667 0.062002372741699216 0.06679289076063367
1 0.6287538170814514 0.4838804827796088 0.04438331127166748 0.0472135861714681
1 0.7131346940994263 0.5611116091410319 0.014313030242919921 0.06710135142008464
