1 0.26265337467193606 0.8478565639919705 0.08376893997192383 0.16623865763346354
1 0.7889690101146698 0.6450565761990017 0.1030192494392395 0.11717936197916666
1 0.9521104097366333 0.6729804886711969 0.09290084838867188 0.09916299184163412
1 0.34194170058472084 0.5503105163574219 0.042543545947410166 0.07163959079318577
0 0.2629092216491699 0.8465833028157552 0.08346052169799804 0.16601782904730902
0 0.6518845081329345 0.5264905293782552 0.05178289413452149 0.06144256591796875
1 0.6114576935768128 0.47642544640435114 0.0399916410446167 0.04354031880696615
1 0.6518606185913086 0.526265737745497 0.052923965454101565 0.06282632615831163
0 0.3404728412628174 0.5508653428819444 0.046228218078613284 0.07451816134982639
0 0.6114367485046387 0.47687132093641493 0.03882732391357422 0.04602423773871528
1 0.7616584241390228 0.5683605194091796 0.06842151880264283 0.07464667426215278
0 0.9529736518859864 0.6719351874457465 0.09405269622802734 0.09869418674045138
0 0.7870535850524902 0.6136931525336371 0.10886783599853515 0.1749142116970486
