0 0.767722 0.574638 0.063136 0.075998
1 0.936829 0.664665 0.089622 0.105037
0 0.610489 0.634173 0.080315 0.121692
0 0.512245 0.554462 0.059850 0.073458
0 0.554289 0.506770 0.048308 0.052568
0 0.482795 0.636829 0.055844 0.090385
0 0.430134 0.570626 0.051438 0.083080
1 0.676800 0.928997 0.126660 0.134840
0 0.378431 0.635195 0.061059 0.096784
0 0.334767 0.542116 0.044960 0.064556
1 0.813801 0.671444 0.082111 0.093572
1 0.799987 0.900724 0.123221 0.190933
0 0.667375 0.556369 0.070580 0.122637
0 0.350311 0.494328 0.038180 0.050922
