3 0.4824634578078985 0.6003375583224826 0.3104626126587391 0.5394860161675348
1 0.10770435333251953 0.18638460901048448 0.04447200298309326 0.0714401986863878
1 0.5546384453773499 0.36165294779671564 0.06624505519866944 0.10145697858598497
3 0.7574667096138 0.4683298216925727 0.3149334192276001 0.39661214616563584
0 0.4489248275756836 0.14874698321024576 0.013382601737976074 0.054073768191867405
3 0.24330362677574158 0.47266948488023547 0.3058944344520569 0.45884261661105685
2 0.7581366419792175 0.45859484142727325 0.31627328395843507 0.38239231109619143
1 0.02140573114156723 0.27016460630628797 0.04281146228313446 0.1466392305162218
0 0.5605891823768616 0.2075299580891927 0.020397639274597167 0.061667378743489584
3 0.22440884113311768 0.03206383917066786 0.11092453002929688 0.06412767834133572
1 0.5326868057250976 0.16385551028781467 0.0400848388671875 0.05891994900173611
0 0.4742807805538177 0.1288468625810411 0.012001383304595947 0.04711357752482096
0 0.4977281987667084 0.1226102246178521 0.013614356517791748 0.04730204476250543
2 0.8483816921710968 0.5857199748357137 0.2949516177177429 0.4962038728925917
0 0.482637882232666 0.15351515346103245 0.013286471366882324 0.05299997329711914
0 0.4920359432697296 0.17448645697699652 0.01431511640548706 0.058955552842881946
0 0.4499634563922882 0.10429070790608724 0.012691009044647216 0.04317671457926432
3 0.19630497694015503 0.08348220984141032 0.03319470882415772 0.06540108256869846
1 0.9070302963256835 0.743633524576823 0.18593940734863282 0.20411008199055988
3 0.022173391282558443 0.3156258233408961 0.044346782565116885 0.05316690444532368
1 0.4166380912065506 0.151175594329834 0.037386578321456906 0.070439084370931
2 0.41688947677612304 0.15000875261094834 0.040993881225585935 0.07200113932291667
3 0.4815478205680847 0.44388178719414606 0.3224706411361694 0.5243387646145291
3 0.8499802350997925 0.5893094778060913 0.29550461769104003 0.47349582778082955
3 0.02291262149810791 0.2600643793741862 0.04582524299621582 0.16972389221191406
1 0.4145805060863495 0.10272645685407851 0.02264007329940796 0.035613891813490124
2 0.9032153367996216 0.608503892686632 0.18831281661987304 0.4512785169813368
