1 0.6861415140330791 0.7719786961873373 0.1273761048913002 0.18955904642740887
1 0.2466002643108368 0.9146953582763672 0.12833648920059204 0.1671953837076823
3 0.7586911201477051 0.5404971652560764 0.20396823883056642 0.24041103786892362
1 0.4972076892852783 0.6512812826368544 0.07444519996643066 0.12032621171739366
0 0.4976975917816162 0.6508145650227865 0.07515096664428711 0.12261640760633681
1 0.9558119893074035 0.6937112384372287 0.0881209135055542 0.11268051995171441
0 0.441711950302124 0.8527197943793403 0.08147764205932617 0.15710500081380208
0 0.30327366590499877 0.5240313741895888 0.03726332187652588 0.05767862531873915
0 0.5123252868652344 0.5613422393798828 0.05050449371337891 0.08310945298936633
0 0.9563316345214844 0.6935657077365451 0.08540077209472656 0.11122949388292101
1 0.3712210416793823 0.6304322772555881 0.05702018737792969 0.15827013651529948
0 0.37382960319519043 0.6034739176432292 0.05834512710571289 0.10209715101453994
0 0.5275798797607422 0.49489572313096786 0.045877933502197266 0.05304506089952257
1 0.8143298149108886 0.668113284640842 0.08948287963867188 0.11462775336371528
1 0.51306232213974 0.5627595371670193 0.05071876049041748 0.0781179428100586
3 0.24598656296730043 0.9140529420640734 0.1271539092063904 0.16562122768825954
1 0.4419445753097534 0.8542118708292643 0.08154871463775634 0.1519325680202908
1 0.5280006766319275 0.4931203895144992 0.044634127616882326 0.05513050291273329
2 0.3718146562576294 0.6437350591023763 0.055792236328125 0.17751596238878037
