1 0.842525 0.798673 0.089929 0.160137
1 0.072761 0.724174 0.092000 0.131656
1 0.321352 0.712889 0.084032 0.128740
1 0.743583 0.563083 0.059665 0.108635
1 0.667471 0.584670 0.058764 0.096093
1 0.640887 0.497761 0.044808 0.076442
0 0.874929 0.957073 0.043732 0.085408
1 0.749830 0.924954 0.131855 0.150092
0 0.317559 0.513617 0.027327 0.075441
1 0.206086 0.911588 0.135240 0.173457
1 0.281082 0.594247 0.069581 0.103304
1 0.775517 0.495630 0.045375 0.071399
1 0.089292 0.601816 0.069456 0.094896
1 0.396735 0.542346 0.078714 0.119643
1 0.952036 0.745962 0.094864 0.172905
1 0.452655 0.625461 0.066907 0.108706
1 0.291531 0.421890 0.044030 0.064110
2 0.714877 0.484972 0.047179 0.096808
1 0.507839 0.417361 0.047828 0.080257
1 0.829574 0.565190 0.057550 0.096498
1 0.620857 0.447540 0.039234 0.058245
1 0.218874 0.444587 0.052140 0.069462
2 0.684965 0.432658 0.037196 0.080112
1 0.448597 0.402817 0.038952 0.054570
