1 0.8037960052490234 0.6772985246446398 0.08293051719665527 0.0933943854437934
1 0.9254753232002259 0.6708475430806478 0.09227354526519775 0.10717949337429471
1 0.34538249555043876 0.5693856239318847 0.04819914931431413 0.0773050308227539
1 0.5674343466758728 0.743004396226671 0.09035003185272217 0.14311642116970485
0 0.631580924987793 0.6870354546440972 0.07852821350097657 0.09782765706380209
1 0.8718902587890625 0.9144341362847223 0.18471145629882812 0.16247422960069444
0 0.34561896324157715 0.5705461714002821 0.047775650024414064 0.07885631985134549
1 0.4256524473428726 0.5642315016852485 0.0514887273311615 0.06810071733262804
1 0.55321044921875 0.4950663513607449 0.0503633975982666 0.07387143241034613
1 0.6360934489872306 0.6877541542053223 0.06985114933922887 0.09983297983805338
0 0.5534751892089844 0.4944601270887587 0.04963827133178711 0.07160220675998263
0 0.925962257385254 0.6715719434950087 0.09287509918212891 0.1072206285264757
0 0.7772340774536133 0.5908521440294053 0.06874160766601563 0.07233708699544271
1 0.5134556651115417 0.5575538211398654 0.0627864122390747 0.08749372694227431
0 0.4258354663848877 0.5671024322509766 0.05275917053222656 0.07615102132161458
0 0.5150621891021728 0.5552869160970052 0.06615161895751953 0.08615129258897569
0 0.8042019844055176 0.6759217156304254 0.08310108184814453 0.09616546630859375
0 0.4427006721496582 0.5089507208930122 0.04210224151611328 0.05542382134331597
1 0.4298142433166504 0.7870376586914063 0.09387381076812744 0.1667446560329861
3 0.8731155633926392 0.9182138019137912 0.18011021614074707 0.16357239617241753
3 0.3814307451248169 0.5640670458475748 0.03690338134765625 0.15604491763644748
0 0.3793062210083008 0.5151006910536025 0.04565629959106445 0.053314887152777775
1 0.38120079040527344 0.5622503492567275 0.03750596046447754 0.15671556260850694
1 0.7763785481452942 0.58905365202162 0.06962044239044189 0.07330506642659505
1 0.4055734634399414 0.6581461588541667 0.06271905899047851 0.13675062391493056
1 0.4434856355190277 0.5079478263854981 0.04238771200180054 0.05114298926459419
0 0.40766053199768065 0.6537359025743272 0.06060800552368164 0.1159838358561198
1 0.2975189805030823 0.5035568131340875 0.041640830039978025 0.06170618269178602
