0 0.933942 0.691520 0.034770 0.118727
3 0.148969 0.708066 0.291770 0.565340
1 0.690808 0.663625 0.073337 0.135267
0 0.775292 0.745369 0.032100 0.110049
0 0.866960 0.798021 0.049125 0.132314
1 0.810318 0.537654 0.055826 0.102469
0 0.831347 0.807904 0.041382 0.128997
0 0.786924 0.470535 0.026596 0.070467
1 0.662267 0.375617 0.032861 0.049633
3 0.547440 0.683168 0.239776 0.556810
0 0.988632 0.530429 0.022065 0.092853
1 0.743997 0.409047 0.055139 0.077865
1 0.701537 0.456112 0.040568 0.071885
0 0.486070 0.350982 0.030007 0.051796
