1 0.6707066431641578 0.5324278460608588 0.09742669761180878 0.1370328797234429
1 0.5631065607070923 0.35933880276150176 0.0759202003479004 0.13913616604275172
0 0.6437773644924164 0.37486709356307985 0.02359628677368164 0.0931549416648017
1 0.5057348668575287 0.2661391576131185 0.049824440479278566 0.08927586873372396
1 0.3452595144510269 0.32795416249169246 0.049894028902053834 0.0781305472056071
2 0.8280104875564576 0.43146578205956354 0.10074753761291504 0.14452451599968805
0 0.6690853029489517 0.32209771474202475 0.020712488889694215 0.07855330573187934
1 0.02730202376842499 0.3869364102681478 0.05460404753684998 0.11363319820827908
3 0.3065330028533936 0.5371980455186632 0.12094278335571289 0.20742984347873264
0 0.6362190797924996 0.27405584123399523 0.022296682000160217 0.07764489915635851
1 0.3411050796508789 0.3237570020887587 0.06336174011230469 0.11193392011854383
0 0.781167072057724 0.36313049528333874 0.02397514581680298 0.07457586924235025
1 0.47025600671768186 0.17013896836174858 0.03701603412628174 0.06128430896335178
1 0.5551360964775085 0.258689816792806 0.047890448570251466 0.07342961629231771
1 0.45367246866226196 0.13485817379421658 0.032438039779663086 0.05175185733371311
0 0.7295933723449707 0.4294412400987413 0.030597686767578125 0.10854390462239584
2 0.012617607712672906 0.09854156706068251 0.025216718912270154 0.08404415978325738
3 0.16549352407455445 0.2067641364203559 0.08724434375762939 0.2110985649956597
0 0.6349754691123962 0.301423739331464 0.019273829460144044 0.024494236831863723
1 0.45280027389526367 0.7517778184678819 0.23460428714752196 0.21310543484157987
1 0.3675970911979675 0.7503035439385308 0.06480581760406494 0.1412291208902995
1 0.38793590664863586 0.06752727296617296 0.025578022003173828 0.03787618213229709
0 0.9701683044433593 0.5331461164686415 0.05439338684082031 0.1238721211751302
1 0.34184602499008176 0.5216141170925565 0.04306704998016357 0.1927463107638889
1 0.45616806149482725 0.0975515259636773 0.027003633975982665 0.03681125640869141
1 0.30514075756073 0.5333381864759658 0.11720314025878906 0.19064148796929253
1 0.01340125799179077 0.09854042265150283 0.02680251598358154 0.08822502560085721
3 0.2319808542728424 0.03234274122450087 0.13258765935897826 0.06468548244900174
1 0.475556355714798 0.08747093147701687 0.026237785816192627 0.039134179221259224
1 0.5225329279899598 0.16132159233093263 0.041027617454528806 0.07219773398505316
0 0.7165083765983582 0.40648636288113066 0.007608246803283691 0.09840742746988933
1 0.4530873715877533 0.06947724554273817 0.025796997547149658 0.03181330362955729
0 0.7274406731128693 0.3916374577416314 0.0272133469581604 0.08421254687839085
2 0.5628910899162293 0.3577344173979428 0.07644226551055908 0.13695315888358486
3 0.6061110496520996 0.8337605794270834 0.5559391021728516 0.3303070068359375
3 0.3415011912584305 0.523151159286499 0.04237738251686096 0.1899969842698839
1 0.8251001358032226 0.4375300089518229 0.09709720611572266 0.1337397257486979
