1 0.893363 0.855231 0.125032 0.222471
1 0.463846 0.642354 0.072294 0.124520
1 0.239395 0.906360 0.137857 0.187206
1 0.703077 0.732150 0.080971 0.153550
1 0.125373 0.660746 0.081499 0.115181
1 0.879939 0.644701 0.074178 0.114355
1 0.069068 0.848201 0.135474 0.199646
1 0.420903 0.852693 0.094738 0.177463
1 0.324431 0.698135 0.078335 0.124026
1 0.766686 0.597961 0.070784 0.151253
1 0.404456 0.522097 0.055723 0.100480
1 0.259985 0.338252 0.055878 0.051143
3 0.713100 0.494349 0.047363 0.101453
1 0.788910 0.499391 0.043854 0.083343
1 0.649625 0.560991 0.052582 0.100228
0 0.990593 0.528234 0.018427 0.106492
1 0.229621 0.575693 0.067628 0.102827
