1 0.4199037551879883 0.818323474460178 0.09540257453918458 0.1700956556532118
1 0.8797903895378113 0.633264340294732 0.09051964282989503 0.1000062518649631
0 0.41827964782714844 0.8149509006076389 0.09552114009857178 0.17348361545138888
1 0.6106473922729492 0.8933119879828559 0.15608539581298828 0.2120361328125
0 0.3858675241470337 0.5238196478949653 0.057784318923950195 0.07306272718641493
1 0.8355980277061462 0.9077800114949545 0.15406525135040283 0.17762167188856337
0 0.6730250358581543 0.49227723015679253 0.052862548828125 0.06256459554036459
1 0.3776364207267761 0.5238289515177409 0.04438216686248779 0.071722412109375
1 0.9359357595443726 0.7656685511271158 0.12661819458007811 0.1336833953857422
1 0.580691111087799 0.5030530293782552 0.04978678226470947 0.05206027560763889
1 0.6877171397209167 0.5866847250196668 0.06496741771697997 0.07722560034857856
0 0.5816083908081054 0.5028266059027777 0.05058727264404297 0.05101640489366319
3 0.609696364402771 0.8938170750935872 0.15463027954101563 0.21226751539442273
1 0.6725717186927795 0.49147739410400393 0.05406386852264404 0.06348402235243056
1 0.6434114951174706 0.8902714411417644 0.08457029694691301 0.2142767588297526
1 0.2248206377029419 0.4993684238857693 0.044855260848999025 0.07163668738471138
1 0.764494675397873 0.5504699071248372 0.07593055963516235 0.12644746568467882
0 0.22413966655731202 0.497013431125217 0.04414234161376953 0.07651163736979166
1 0.38584156036376954 0.822488996717665 0.02831687927246094 0.1689901563856337
0 0.7589059829711914 0.5244414011637369 0.06432685852050782 0.05845769246419271
3 0.6435695368330926 0.8912249247233073 0.08541586035862565 0.21311348809136285
0 0.6887131780385971 0.588473743862576 0.06677320599555969 0.07392251756456163
0 0.38544315099716187 0.8227559407552083 0.02911369800567627 0.16962144639756943
0 0.8356328964233398 0.9087648179796007 0.1546149730682373 0.17940995958116318
0 0.783110237121582 0.5820793999565972 0.05627155303955078 0.06848619249131944
