1 0.7123830527067184 0.7747782389322917 0.09821997284889221 0.12804200914171007
1 0.5512621343135834 0.574911912282308 0.070594322681427 0.07659164004855686
1 0.6893361806869507 0.9496386845906576 0.06191940307617187 0.09547606574164497
1 0.5463880121707916 0.7312141630384658 0.08526595830917358 0.14380565219455296
1 0.4623245090246201 0.9406833436754015 0.10044804215431213 0.1151847415500217
1 0.46539029479026794 0.6540557649400499 0.07592576742172241 0.1141106923421224
1 0.41703373193740845 0.7837522294786241 0.08193588256835938 0.15975172254774306
0 0.4178578853607178 0.7815567016601562 0.07881383895874024 0.1560143364800347
0 0.7119681358337402 0.7740961710611979 0.09748477935791015 0.12602166069878473
0 0.4652987480163574 0.6652391221788194 0.07266674041748047 0.11748487684461806
1 0.37785743474960326 0.5836338255140516 0.04347655773162842 0.09681383768717448
1 0.35347374677658083 0.4937515417734782 0.04556167125701904 0.06177924474080403
