1 0.8602314949035644 0.7778970082600911 0.08845667839050293 0.15018497043185763
1 0.9465094923973083 0.9322408252292209 0.10664670467376709 0.13215955098470053
1 0.7339344322681427 0.551371955871582 0.0493965744972229 0.08551419576009114
1 0.4131400868296623 0.7811128828260634 0.10143157541751861 0.2007342020670573
1 0.08633714616298675 0.6909777005513509 0.08821693062782288 0.11923164791531032
1 0.7822324573993683 0.6290670394897461 0.06726764440536499 0.10959621005588108
1 0.672418189048767 0.6234253883361817 0.058516311645507815 0.09880648718939887
1 0.24444069266319274 0.9091124216715495 0.114289391040802 0.16806555853949653
2 0.8682027220726013 0.6130544768439399 0.0787400484085083 0.15042099422878688
0 0.08604088127613067 0.5897179073757596 0.019903773069381715 0.07213812934027777
1 0.21136531829833985 0.7094992531670464 0.08797798156738282 0.1107490963406033
0 0.33682233332656325 0.839243655734592 0.031130905169993638 0.12284274631076389
0 0.39202646613121034 0.5704638163248698 0.023246574401855468 0.08158840603298612
1 0.7103556901216507 0.48654816415574814 0.04080516695976257 0.07328708436754015
0 0.3520657420158386 0.5586223072475858 0.021465754508972167 0.08048428429497613
1 0.9336635589599609 0.7454764472113715 0.08910446166992188 0.13077833387586807
1 0.23432403802871704 0.34422613779703776 0.03359344005584717 0.03657035827636719
1 0.7177182674407959 0.8156977335611979 0.08961954116821289 0.16744130452473957
0 0.32455719709396363 0.5162975523206923 0.022218918800354003 0.07216707865397136
1 0.6501559555530548 0.5258237096998427 0.04703210592269898 0.08333971235487196
0 0.4742706179618835 0.36124785741170246 0.014162635803222657 0.040655093722873265
1 0.7586865663528443 0.47429568502638075 0.0320601224899292 0.058749251895480685
1 0.38102738857269286 0.7834836959838867 0.037925338745117186 0.20647816128200955
1 0.6487504407763481 0.36902523835500084 0.025298061966896056 0.045060290230645075
0 0.7608706593513489 0.4156577640109592 0.016147470474243163 0.051670074462890625
1 0.6981241583824158 0.8130615022447374 0.04421126842498779 0.15970005459255643
0 0.08639357089996338 0.5846073574490017 0.030175042152404786 0.08844519721137153
1 0.6458613321185112 0.47509348657396105 0.037742093205451965 0.051234679751926
2 0.6785836607217789 0.41850486861334907 0.03882635235786438 0.07281647788153754
1 0.8122377395629883 0.5340043173895942 0.0482269287109375 0.08697700500488281
1 0.7462553203105926 0.4454216056399875 0.02905937433242798 0.052049711015489365
1 0.49757125973701477 0.31894735760158965 0.022968375682830812 0.034104813469780816
0 0.778227162361145 0.5468890402052138 0.019838905334472655 0.05447847578260634
3 0.7014627099037171 0.4650709364149306 0.03769958019256592 0.12180675930447049
1 0.7148972392082215 0.55136628680759 0.010830521583557129 0.09070512983534071
2 0.7148532271385193 0.5517164654201931 0.010918545722961425 0.0985892825656467
3 0.6789732456207276 0.4193855921427409 0.03477950096130371 0.07362785339355468
1 0.2121384084224701 0.6832020441691081 0.08766037225723267 0.05475696987575955
1 0.6202905412763358 0.3908863067626953 0.027202416211366653 0.049489593505859374
2 0.7005024909973144 0.4464608669281006 0.03882923126220703 0.0836004998948839
