1 0.5468618690967559 0.7066797680324979 0.09194363355636596 0.11781027052137587
0 0.3853652238845825 0.6849100854661729 0.029085397720336914 0.09474341074625652
0 0.2818603515625 0.7399798923068577 0.06499462127685547 0.11730160183376737
0 0.6000494956970215 0.5348174201117621 0.04862022399902344 0.06994781494140626
1 0.8643463730812073 0.5710930400424533 0.07336928844451904 0.07980997297498915
1 0.599997591972351 0.534252134958903 0.05120010375976562 0.0726960712009006
0 0.3680318832397461 0.419716305202908 0.04449014663696289 0.06621432834201389
0 0.5467998027801514 0.7067183600531683 0.09133729934692383 0.11687859429253472
1 0.4033689320087433 0.6886960241529677 0.06559292078018189 0.09916816287570529
1 0.7769376337528229 0.6291925112406412 0.08483737707138062 0.09470081329345703
1 0.368445897102356 0.42057713402642144 0.04623746871948242 0.06890568203396268
1 0.2815925359725952 0.7411611557006836 0.0642843246459961 0.11868705749511718
0 0.7732499122619629 0.5971568213568793 0.09060420989990234 0.16142908732096353
