1 0.5171937346458435 0.6930857340494792 0.09131953716278077 0.1371903313530816
0 0.5169878005981445 0.6932860480414497 0.09181003570556641 0.1363313462999132
0 0.3109359502792358 0.4786025153266059 0.046165752410888675 0.06351538764105903
1 0.31141496896743776 0.4786729653676351 0.045046210289001465 0.06433430777655708
1 0.6191963434219361 0.5343505223592122 0.06924901008605958 0.08255716959635416
0 0.6192575454711914 0.5348881191677517 0.06822147369384765 0.07870754665798611
0 0.28926749229431153 0.6086991204155816 0.04736042022705078 0.0818266126844618
1 0.7211456298828125 0.5051860597398546 0.06877696514129639 0.07141736348470053
0 0.38842549324035647 0.4804998609754774 0.05167551040649414 0.06011962890625
0 0.703226101398468 0.50890564388699 0.033923792839050296 0.06665861341688369
0 0.41406025886535647 0.4344744364420573 0.044021320343017575 0.046180809868706596
0 0.4823098659515381 0.4689973619249132 0.039604473114013675 0.059168497721354164
0 0.555172061920166 0.4816867404513889 0.038056564331054685 0.04880184597439236
1 0.5548993468284606 0.48114735815260146 0.03897483348846435 0.050217490726047094
1 0.2891112923622131 0.6107664744059245 0.04940621852874756 0.07745980156792534
1 0.38105225563049316 0.48029434945848254 0.03767471313476563 0.05798523161146376
0 0.2356896162033081 0.5021315256754557 0.04636759757995605 0.06605453491210937
1 0.48330311179161073 0.46959629058837893 0.039308011531829834 0.058542760213216145
