0 0.5408293724060058 0.47333696153428817 0.041119384765625 0.04722646077473958
1 0.43707268238067626 0.7578583187527127 0.09785988330841064 0.17470152113172743
0 0.29593873023986816 0.6614278157552084 0.06086416244506836 0.10817820231119792
0 0.4717475414276123 0.5373197767469619 0.05248689651489258 0.07765028211805555
1 0.6493104934692383 0.512053214179145 0.05613274574279785 0.0502685546875
1 0.29353363513946534 0.4039728800455729 0.03124403953552246 0.03257372114393446
0 0.24798489809036256 0.3988282733493381 0.024079203605651855 0.03171509636773003
1 0.29553780555725095 0.6595998975965712 0.06272034645080567 0.10152019924587674
0 0.4226128190755844 0.4351310200161404 0.03838210701942444 0.04167895846896701
1 0.4714260160923004 0.5375944667392307 0.05438305139541626 0.07684366438123914
0 0.6494874954223633 0.5112958272298177 0.055244159698486325 0.05107760959201389
1 0.7972027659416199 0.5673325008816189 0.06902520656585694 0.13294448852539062
0 0.46618545055389404 0.47682962947421603 0.03948984146118164 0.05181131362915039
0 0.4389487266540527 0.7581514146592881 0.09759683609008789 0.16489969889322917
1 0.5414872169494629 0.4737008677588569 0.04233098030090332 0.04663864771525065
1 0.22251201868057252 0.4933881706661648 0.039521431922912596 0.0707000838385688
0 0.3272444821894169 0.46967101626926 0.013863964378833771 0.060646438598632814
0 0.2226170778274536 0.49206930796305337 0.03903512954711914 0.07130766974555122
1 0.3441256046295166 0.42456304232279457 0.03331160545349121 0.035681629180908205
0 0.31941277980804444 0.5169837103949653 0.045004081726074216 0.09732598198784723
1 0.42277633845806123 0.4351077609592014 0.03830516934394836 0.04141900804307726
3 0.3476781129837036 0.5696752760145399 0.10464377403259277 0.2686559041341146
