1 0.6996351659297944 0.7172250747680664 0.06115444898605347 0.08372637430826822
1 0.4465288549661636 0.7595705244276258 0.07221202254295349 0.08452843560112847
1 0.6403519824147225 0.6918757544623481 0.04914661347866058 0.03823428683810764
1 0.43883948028087616 0.8527904722425673 0.10407074093818665 0.10780016581217448
1 0.575175678730011 0.6835606469048394 0.045000529289245604 0.05472683376736111
1 0.7065980523824692 0.6451268196105957 0.036496502161026 0.06760523054334852
1 0.3930144190788269 0.8397847281561958 0.013971161842346192 0.09867981804741753
1 0.10209186524152755 0.8800893359714084 0.11502574980258942 0.12915636698404948
1 0.10583980083465576 0.9081517537434896 0.14329562187194825 0.18183729383680555
3 0.35634626150131227 0.4287185986836751 0.08730747699737548 0.27965941958957247
1 0.6968856543302536 0.6930246353149414 0.06439905762672424 0.03565974765353733
0 0.6415811538696289 0.7004106309678819 0.04778709411621094 0.058027860853407116
