1 0.7231591999530792 0.5488299263848199 0.07423626184463501 0.08571654425726996
1 0.6447470188140869 0.46697747972276477 0.08949403762817383 0.10847693549262152
0 0.9565956115722656 0.7025087144639757 0.08487319946289062 0.10770704481336806
0 0.4267913341522217 0.7156653510199653 0.07062606811523438 0.1235467274983724
1 0.7630353987216949 0.636055956946479 0.07604573965072632 0.08879871368408203
1 0.33895263671875 0.4882643434736464 0.03695664405822754 0.05803700553046332
1 0.47386624217033385 0.6179086791144477 0.0697853684425354 0.09570136600070529
1 0.2716264009475708 0.5522465387980143 0.04372358322143555 0.07176606920030382
0 0.47397804260253906 0.6183865865071615 0.07136573791503906 0.09802754720052083
1 0.8089232444763184 0.4858039008246528 0.17360324859619142 0.1689698961046007
1 0.42724536955356596 0.7151084899902344 0.07199551463127137 0.12067540486653645
1 0.9565817713737488 0.7022509468926323 0.08683645725250244 0.10735376146104601
0 0.7236313819885254 0.5481641133626302 0.07396316528320312 0.08740963406032987
1 0.25937817096710203 0.4800832483503554 0.03516378402709961 0.04916179445054796
0 0.8554096221923828 0.5754667917887369 0.076373291015625 0.08210610283745659
0 0.3385282278060913 0.489115227593316 0.0382293701171875 0.06142374674479167
0 0.2718304872512817 0.5453240712483723 0.04345192909240723 0.08505816989474826
0 0.7639461994171143 0.6355872260199653 0.07676858901977539 0.08785179985894097
0 0.29390778541564944 0.7215193006727431 0.061790752410888675 0.13561397128634983
1 0.2925338864326477 0.7336950725979275 0.06294548511505127 0.1189172108968099
3 0.6250706434249877 0.4637027316623264 0.12865619659423827 0.11806454128689237
1 0.24418434500694275 0.93359375 0.11816703081130982 0.13016764322916666
1 0.44773111343383787 0.88558349609375 0.11861095428466797 0.22487013075086806
0 0.3895585656166077 0.4471662097507053 0.020396733283996583 0.04322717454698351
0 0.39589561223983766 0.725368881225586 0.008208775520324707 0.11195305718315972
3 0.8094106018543243 0.5401004791259766 0.1746557593345642 0.2788527594672309
