0 0.038154768943786624 0.743877665201823 0.06408751010894775 0.196137449476454
0 0.6759942919015884 0.34602397282918296 0.024997001886367796 0.07810111575656467
0 0.24581822156906127 0.38029168446858724 0.03015882968902588 0.08204799228244358
1 0.3785046100616455 0.5598885430230035 0.12697505950927734 0.22869635687934028
0 0.1700506627559662 0.5230552249484592 0.04381552934646606 0.13211898803710936
1 0.4374475657939911 0.30322775310940214 0.04298423528671265 0.09490824805365669
0 0.31302193403244016 0.2874854193793403 0.020201706886291505 0.05972073872884114
0 0.34748919382691384 0.271167172325982 0.020692764222621916 0.05926520029703776
3 0.38311460381373763 0.5639689498477511 0.12098905313760042 0.23969558080037434
3 0.4373661994934082 0.3225027799606323 0.04069488048553467 0.06722778214348687
3 0.44382999539375306 0.17961735725402833 0.038543736934661864 0.08404951095581055
0 0.032356099039316175 0.39487156338161894 0.039662663638591764 0.07810134887695312
1 0.04142605066299439 0.6783141454060873 0.06335248947143554 0.06389961242675782
3 0.03885314576327801 0.7465122434828017 0.06516144052147865 0.19328397115071613
0 0.3233388548716903 0.19391693539089627 0.005956686660647392 0.042680909898546004
0 0.14046860933303834 0.738908216688368 0.02053830623626709 0.06026246812608507
0 0.07651006579399108 0.3963140699598524 0.05866841077804565 0.06894412570529514
0 0.9968219041824341 0.39639311896430124 0.006247568130493164 0.05548841688368056
