1 0.5554414451122284 0.6221047719319661 0.11461883783340454 0.1699573940700955
3 0.6262931674718857 0.47546715206570095 0.052586334943771365 0.17051845126681858
1 0.40615527480840685 0.5773887846204969 0.0982944518327713 0.20624783833821614
0 0.17866111993789674 0.6465979258219401 0.03858006000518799 0.12817925347222223
0 0.5255788624286651 0.43981094360351564 0.023811137676239012 0.1021746317545573
0 0.688847017288208 0.4259550518459744 0.023322296142578126 0.09331677754720052
0 0.20233047604560853 0.543166012234158 0.030088269710540773 0.12537604437934027
0 0.3022783875465393 0.5187339358859592 0.024833989143371583 0.1200455559624566
0 0.27059211730957033 0.4880800459120009 0.025266647338867188 0.10160590277777778
1 0.571812105178833 0.35435465706719294 0.05456652641296387 0.0910540050930447
1 0.3492634654045105 0.40405663384331597 0.054825425148010254 0.11133219401041666
0 0.7231202483177185 0.6402027871873643 0.02930278778076172 0.10408530765109592
0 0.8287828445434571 0.8358395046657986 0.04738807678222656 0.1747616238064236
0 0.6777892589569092 0.8879561530219184 0.06933116912841797 0.19319966634114583
0 0.921534538269043 0.7027503967285156 0.047805404663085936 0.1530149671766493
3 0.4568307399749756 0.2925062815348307 0.0520787239074707 0.15205001831054688
0 0.6532678857445717 0.41837781270345054 0.021428307890892027 0.0914581298828125
0 0.5501424431800842 0.2546190685696072 0.013137125968933105 0.06326276991102431
0 0.6969629764556885 0.6521381378173828 0.04385056495666504 0.11595238579644097
3 0.25123459100723267 0.7936029116312663 0.1554469347000122 0.41279417673746743
0 0.7402720928192139 0.8119442409939236 0.041972923278808597 0.17791375054253472
0 0.40697708129882815 0.349800788031684 0.023650574684143066 0.08924354977077908
0 0.6101662528701126 0.3489225599500868 0.018283162079751492 0.0805981953938802
0 0.7981076240539551 0.4759231143527561 0.032207679748535153 0.10707490709092882
0 0.6055383682250977 0.8164199829101563 0.043754291534423825 0.18012288411458333
0 0.7892790794372558 0.7246203952365451 0.043135452270507815 0.16476512485080294
0 0.6286970138549804 0.32519381841023765 0.022556066513061523 0.0879283693101671
0 0.7539761543273926 0.5046584235297309 0.02901802062988281 0.11546630859375
0 0.08243748247623443 0.36339989768134223 0.04148983359336853 0.07223169538709852
0 0.5492337226867676 0.837571038140191 0.04848403930664062 0.18516981336805555
0 0.12077741622924805 0.3839959462483724 0.05610511302947998 0.08575430976019965
0 0.40002269446849825 0.29089705149332684 0.014717739820480347 0.06580547756618924
0 0.8534841537475586 0.45659544203016494 0.061989212036132814 0.09085845947265625
0 0.5300846099853516 0.2156537585788303 0.012468862533569335 0.05733078850640191
0 0.6982783555984498 0.3513601409064399 0.018666553497314452 0.07955078548855252
0 0.23496828079223633 0.3814902835422092 0.03860816955566406 0.08941531711154514
0 0.5866572380065918 0.9428732130262587 0.06344499588012695 0.11425357394748265
0 0.016486847400665285 0.3642472161187066 0.032111138105392456 0.0746705796983507
0 0.6053818758577109 0.28449506759643556 0.010763751715421677 0.06475315093994141
0 0.3591817647218704 0.3106043921576606 0.020236313343048096 0.0681465572781033
3 0.4609630763530731 0.17840202119615342 0.027894365787506103 0.061247062683105466
0 0.3579051122069359 0.22666565577189127 0.011512622237205505 0.04642039404975044
0 0.5041272401809692 0.31148058573404946 0.021902012825012206 0.07400686475965712
0 0.37204298079013826 0.2368576685587565 0.013405340909957885 0.05612538655598958
1 0.4155829817056656 0.21972982618543838 0.028922504186630248 0.062042914496527775
0 0.27766506671905516 0.4128732681274414 0.02855710983276367 0.0895483652750651
0 0.584232223033905 0.23452461030748156 0.014122891426086425 0.05890526241726345
0 0.7103492736816406 0.485024897257487 0.01992645263671875 0.08686023288302952
0 0.7057262420654297 0.5582330491807725 0.03228445053100586 0.1226287841796875
3 0.3763454437255859 0.5684002346462673 0.04665718078613281 0.2310272216796875
0 0.8106432735919953 0.5898847368028429 0.033982837200164796 0.10699259440104167
0 0.9890085220336914 0.7601839701334635 0.02174797058105469 0.15586361355251735
0 0.8859763145446777 0.9490675184461805 0.06638011932373047 0.0968746609157986
0 0.589020824432373 0.7154052734375 0.040866851806640625 0.1322625478108724
0 0.5655574440956116 0.20841054916381835 0.012343382835388184 0.05256803300645616
0 0.7028038382530213 0.2922260284423828 0.03501732349395752 0.06050249735514323
0 0.26449882984161377 0.558315266503228 0.0292569637298584 0.06441961924235026
0 0.6166642904281616 0.23136518266465927 0.013045835494995116 0.05343865288628472
0 0.8153839945793152 0.4391034656100803 0.022142624855041503 0.07791921827528211
0 0.6065352939069271 0.657395765516493 0.013070587813854218 0.10743069118923611
3 0.5694679856300354 0.7238983154296875 0.10691139698028565 0.3977912055121528
0 0.7410838723182678 0.44698128170437285 0.022518301010131837 0.06668667263454861
0 0.2731692910194397 0.3111239292969306 0.017140793800354003 0.04363488248652882
0 0.5929499864578247 0.3054620424906413 0.01981964111328125 0.05973292456732856
0 0.5503412008285522 0.18728326161702474 0.01074981689453125 0.04295145670572917
0 0.3939005762338638 0.24931189219156902 0.013579601049423217 0.05718977186414931
0 0.7307087898254394 0.5376857333713108 0.024684333801269533 0.1100523206922743
1 0.3353450775146484 0.32275415633080734 0.060853195190429685 0.06713825648443567
3 0.6761435031890869 0.8994068145751953 0.07646498680114747 0.18767403496636284
0 0.6763008952140808 0.2680550045437283 0.025751805305480956 0.05064014858669705
0 0.7629467964172363 0.4382738749186198 0.02629718780517578 0.08429929945203993
0 0.7911087512969971 0.6437075826856825 0.024344110488891603 0.07869124942355686
2 0.3494365453720093 0.40273830890655515 0.056489181518554685 0.11323269208272298
2 0.45876367688179015 0.3293922556771172 0.049557268619537354 0.08029253747728136
0 0.5918866991996765 0.2090250015258789 0.01223318576812744 0.04491984049479167
