0 0.7841606557369232 0.47843505011664494 0.04259759187698364 0.11562703450520834
3 0.6272964477539062 0.24555818239847818 0.09298210144042969 0.22969925138685438
0 0.0743761658668518 0.39458499484592013 0.053950381278991696 0.08891652425130209
0 0.6840496063232422 0.26480510499742294 0.013994216918945312 0.059488868713378905
0 0.3558987662196159 0.21120711432562933 0.014154806733131409 0.04382497999403212
2 0.6233070850372314 0.3240410587439934 0.08707518577575683 0.06753604784607888
3 0.3892923712730408 0.2733414543999566 0.020236277580261232 0.0870607164171007
0 0.36004881411790846 0.24379919899834526 0.015980157256126403 0.050612788730197485
0 0.40265161693096163 0.332985168033176 0.024068111181259157 0.07023995717366537
0 0.39595584869384765 0.2715972476535373 0.029072666168212892 0.0838335673014323
0 0.03371271640062332 0.3813131544325087 0.03346420228481293 0.04903539021809896
1 0.3887721300125122 0.30277785911328264 0.019188547134399415 0.026126841952403387
0 0.38879935443401337 0.30256813818381895 0.018811267614364625 0.025244168688853583
0 0.37633676528930665 0.24946973588731552 0.021146583557128906 0.07501708136664496
3 0.3707018256187439 0.24258285098605686 0.03930199146270752 0.06156684027777778
