0 0.20162641406059265 0.6464324527316623 0.041831696033477785 0.1276312934027778
0 0.28640583753585813 0.6824646737840441 0.037879776954650876 0.1644745084974501
0 0.34756878614425657 0.35528713862101235 0.01937057971954346 0.08100965287950304
1 0.3757470488548279 0.4757728152804904 0.04850590229034424 0.1706704881456163
0 0.3071591019630432 0.4536387125651042 0.024880146980285643 0.10693656073676215
0 0.4693296432495117 0.8040593465169271 0.0462432861328125 0.1743197970920139
3 0.5318806529045105 0.2648021909925673 0.04214355945587158 0.10304972330729166
0 0.48078646063804625 0.5312111112806532 0.030343353748321533 0.1141518063015408
0 0.09622252583503724 0.8996838887532552 0.05125516653060913 0.19229515923394097
1 0.6685892462730407 0.4252971437242296 0.0758497953414917 0.11823590596516927
0 0.7688611507415771 0.559439214070638 0.03073711395263672 0.12385211520724826
0 0.8641338348388672 0.7571393330891927 0.052578163146972653 0.1683017306857639
0 0.22053356170654298 0.37362586127387154 0.04297761917114258 0.08563783433702257
0 0.7444009780883789 0.486726803249783 0.02820110321044922 0.11853875054253472
0 0.6476794742047787 0.6496805297003851 0.054165680706501004 0.1357373767428928
0 0.5342464804649353 0.5394238789876302 0.042359232902526855 0.1169925265842014
1 0.7418606281280518 0.915386454264323 0.17240781784057618 0.1646938747829861
1 0.36687891483306884 0.806119622124566 0.10579972267150879 0.2721996731228299
3 0.3940466925501823 0.4491478284200033 0.07849108278751374 0.23144520653618705
1 0.5857294082641602 0.2737414571974013 0.0383697509765625 0.06407803429497613
0 0.0685723900794983 0.39111243353949654 0.0551532506942749 0.08877716064453126
0 0.4368488073348999 0.22457625071207682 0.012327885627746582 0.05511317782931858
0 0.4065749168395996 0.2811244116889106 0.018067359924316406 0.0709415011935764
1 0.38813347816467286 0.36857164171006945 0.023518991470336915 0.07762544420030382
0 0.17256035804748535 0.882045661078559 0.0483917236328125 0.21990865071614582
0 0.47354843020439147 0.22960618336995442 0.011250722408294677 0.05438588460286458
0 0.3700058415532112 0.2881384425693088 0.01515338122844696 0.06800195905897352
0 0.3378322128206491 0.3133748796251085 0.014813127368688584 0.0699039035373264
0 0.513099479675293 0.4713931613498264 0.025694656372070312 0.10991041395399305
0 0.3818987488746643 0.2187511232164171 0.012726056575775146 0.050727929009331596
1 0.5595947146415711 0.22471199035644532 0.020128846168518066 0.050118509928385416
0 0.5742193579673767 0.20976301829020183 0.013388371467590332 0.0491623772515191
0 0.7030562639236451 0.2901197327507867 0.03449583053588867 0.061408975389268664
0 0.5042315483093261 0.6230798085530599 0.04021644592285156 0.14455371432834202
0 0.3703771233558655 0.24441196653578018 0.01373307704925537 0.05415723588731554
0 0.4841427803039551 0.708819580078125 0.048075199127197266 0.14523116217719184
0 0.4498047411441803 0.18023261494106715 0.010992372035980224 0.04430386225382487
0 0.512259715795517 0.21647766960991754 0.01215766668319702 0.04607272677951389
3 0.3552989363670349 0.8046764373779297 0.08940212726593018 0.2863532172309028
0 0.8677830576896668 0.6899380154079862 0.03612320423126221 0.04234619140625
0 0.8118242263793946 0.421248287624783 0.029187393188476563 0.09482667711046007
0 0.587753415107727 0.18477144771152074 0.012416744232177734 0.04237841500176324
0 0.6027399182319642 0.2794352107577854 0.005373144149780273 0.06350502438015408
0 0.01353759616613388 0.3374502393934462 0.02707519233226776 0.07471559312608507
0 0.40844581723213197 0.22364543279012045 0.011358201503753662 0.05139653947618272
0 0.5303057193756103 0.20092204411824544 0.012664031982421876 0.038853221469455294
3 0.5060600697994232 0.15026680098639594 0.022117650508880614 0.06237630844116211
0 0.0983575165271759 0.3630088806152344 0.03557909727096557 0.0743772718641493
1 0.3754502572119236 0.6884284125434028 0.09167300909757614 0.04220284356011285
0 0.8636735200881958 0.4257096184624566 0.03737335205078125 0.08123736911349827
3 0.685905110836029 0.9106547673543294 0.06558411121368408 0.17869046529134114
0 0.025924034416675568 0.22748739454481337 0.015152111649513245 0.04233411153157552
0 0.7815879821777344 0.42612194485134547 0.024466514587402344 0.08848351372612848
2 0.6672328352928162 0.42569428284962973 0.07692267894744872 0.1145530965593126
0 0.3929507493972778 0.19064173698425294 0.010698223114013672 0.04064005745781792
0 0.9235374093055725 0.4987500720553928 0.03696610927581787 0.0710974375406901
0 0.675232195854187 0.2675125969780816 0.026404190063476562 0.05154796176486545
0 0.1880996346473694 0.8832520167032878 0.024636149406433105 0.09203817579481337
