1 0.29411972761154176 0.4766022576226128 0.11040198802947998 0.12158109876844618
1 0.37472946643829347 0.6119941075642904 0.05054106712341309 0.15610482957628039
0 0.6825163841247559 0.5154079013400608 0.06573200225830078 0.09886644151475694
3 0.5214699566364288 0.18253774642944337 0.033403480052948 0.09061260223388672
0 0.7328677177429199 0.4415354410807292 0.05298957824707031 0.08902240329318577
0 0.5350111842155456 0.39699836307101777 0.043163609504699704 0.09695964389377171
0 0.1270139455795288 0.6366587320963542 0.06558446288108825 0.11288503011067709
0 0.19377056360244752 0.6936898125542534 0.09574859142303467 0.1439660390218099
0 0.06739612817764282 0.6715072631835938 0.08484833240509033 0.11824239095052083
0 0.6581428527832032 0.3918421877755059 0.02220320701599121 0.08770153787400987
0 0.6310689210891723 0.47121477127075195 0.0516209602355957 0.097396363152398
0 0.3229380130767822 0.3301397111680773 0.021987295150756835 0.07452528211805555
0 0.2774367809295654 0.6609875996907552 0.08286533355712891 0.13817291259765624
0 0.5653418779373169 0.22956666946411133 0.011682987213134766 0.054105779859754774
0 0.38931824862957 0.2271739747789171 0.011971551179885864 0.05408994886610243
0 0.03224517703056336 0.8192510816786024 0.06449035406112671 0.16677890353732638
0 0.41215547621250154 0.24163697560628256 0.013482362031936646 0.05961880154079861
1 0.45042603015899657 0.1927407847510444 0.02498912811279297 0.050323136647542316
0 0.3667985826730728 0.2870803621080187 0.017656213045120238 0.07002059088812934
0 0.7027231216430664 0.2922090106540256 0.034120941162109376 0.060521443684895836
0 0.8350406765937806 0.4724998633066813 0.03386580944061279 0.06265543831719292
0 0.8102238118648529 0.4699951383802626 0.03590179681777954 0.06444960700141059
0 0.5899759292602539 0.26301549275716146 0.019782257080078126 0.06553972032335069
0 0.20445398688316346 0.5153716405232748 0.0302007794380188 0.09229681226942274
0 0.6070000793028157 0.24542616738213432 0.013622651400510222 0.061057005988227
0 0.15347126722335816 0.5181173536512587 0.06186673641204834 0.10429602728949652
0 0.10986615717411041 0.4771240446302626 0.03590607047080994 0.0799586402045356
0 0.43937798738479616 0.2312321768866645 0.01155695915222168 0.0535829332139757
0 0.5538765788078308 0.19408584700690376 0.010181403160095215 0.045302359263102214
0 0.08305639624595643 0.3645034260219998 0.03923631906509399 0.06632794274224176
0 0.6748054623603821 0.2682430691189236 0.02554924488067627 0.05033230251736111
0 0.2156764507293701 0.6127994961208767 0.08517799377441407 0.1138978746202257
0 0.046058231592178346 0.40249171786838106 0.05350006818771362 0.08312462700737847
0 0.02956475019454956 0.47035060458713107 0.0469907283782959 0.08845935397677951
0 0.06048521399497986 0.5341395060221354 0.06758404970169067 0.10707075330946181
0 0.10617863237857819 0.4031960169474284 0.027132266759872438 0.07647421095106337
0 0.5664417266845703 0.18007210625542536 0.009806966781616211 0.04319962395562066
0 0.43156155943870544 0.13667911423577203 0.008660805225372315 0.031482537587483726
0 0.08390139043331146 0.5010625627305773 0.029385977983474733 0.06929660373263889
0 0.32271835803985593 0.282490783267551 0.017723846435546874 0.05220682356092665
1 0.4592416524887085 0.1570467154184977 0.019782090187072755 0.03463114632500543
0 0.694335675239563 0.45406699710422094 0.03257308006286621 0.08786023457845052
0 0.9463427066802979 0.5099741617838541 0.028589630126953126 0.07276056077745226
0 0.06376142650842667 0.47696480751037595 0.034308585524559024 0.06866682900322808
0 0.9938067674636841 0.5341419431898329 0.012386465072631836 0.08440093994140625
0 0.713478434085846 0.44349614249335395 0.013668131828308106 0.06534820132785374
0 0.05637591332197189 0.6085358301798502 0.02570575773715973 0.06280992296006944
0 0.657421612739563 0.24991031222873264 0.01999955177307129 0.053501722547743054
0 0.8677096962928772 0.4442238171895345 0.032698559761047366 0.062983767191569
0 0.01454102098941803 0.33970069885253906 0.02908204197883606 0.07271643744574653
1 0.08982503712177277 0.465331761042277 0.07073723673820495 0.05438070297241211
0 0.8090306520462036 0.410040283203125 0.021051406860351562 0.08026029798719618
0 0.2254103422164917 0.7188069025675455 0.03346462249755859 0.08001314798990886
0 0.2704013824462891 0.61727966732449 0.026911401748657228 0.08602417839898004
