0 0.2631859421730042 0.5481709798177083 0.03695676326751709 0.13632227579752604
3 0.5774385929107666 0.3821847173902724 0.07106037139892578 0.156942261589898
1 0.8143482208251953 0.8592831081814236 0.18921680450439454 0.2668084038628472
0 0.062083262205123904 0.8937786526150173 0.06447302103042603 0.20916781955295138
1 0.5886097908020019 0.9248731825086806 0.17963590621948242 0.14661441379123263
0 0.35389597415924073 0.727526601155599 0.045798635482788085 0.16705220540364582
0 0.3470847368240356 0.4280178705851237 0.021761035919189452 0.1002327389187283
1 0.5498039245605468 0.2806591033935547 0.039525842666625975 0.06194182501898871
0 0.5140255749225616 0.4732544157240126 0.025902926921844482 0.11127374437120226
0 0.8081096708774567 0.6033197614881728 0.03625611066818237 0.1253464592827691
0 0.4036476731300354 0.4425533082750108 0.025438034534454347 0.10685437520345052
0 0.7729075431823731 0.6147548463609483 0.03284289836883545 0.12582164340549046
0 0.6450998306274414 0.44379653930664065 0.024788856506347656 0.11663326687282986
0 0.17880178689956666 0.935099622938368 0.06334130764007569 0.12069430881076389
0 0.7564901173114776 0.5005952411227756 0.025528371334075928 0.10268050299750434
0 0.2635256052017212 0.3790933820936415 0.02284698486328125 0.09403873019748264
0 0.6427718937397003 0.32507816950480145 0.0175917387008667 0.072494994269477
0 0.0691866397857666 0.36474075317382815 0.051148080825805665 0.08244060940212673
0 0.6834698677062988 0.5382552252875434 0.03158273696899414 0.13492813110351562
0 0.3729854583740234 0.26253042221069334 0.014583444595336914 0.06149442460801866
0 0.17100563049316406 0.3749457465277778 0.04967188835144043 0.08358086480034722
0 0.8667895317077636 0.7461505466037326 0.05145339965820313 0.15448231167263454
1 0.44622483253479006 0.33612971835666233 0.04431915283203125 0.0931109110514323
1 0.5744074821472168 0.2380311754014757 0.03238205909729004 0.058829879760742186
1 0.45885978937149047 0.23711436589558918 0.0313514232635498 0.0686258316040039
0 0.2712745428085327 0.7826617770724826 0.03988032341003418 0.19127332899305555
0 0.3011548280715942 0.35284348593817816 0.01956782341003418 0.07948919932047525
0 0.6878950297832489 0.45231333838568794 0.02441161870956421 0.08815032111273871
0 0.3241291165351868 0.3379487779405382 0.02059323787689209 0.08617646959092883
0 0.39177794456481935 0.31900463104248045 0.01901998519897461 0.08772468566894531
0 0.4186839133501053 0.27838907241821287 0.01473214030265808 0.06674353281656902
0 0.7025575399398803 0.2902575069003635 0.034214019775390625 0.05907823774549696
0 0.6350783690810203 0.2605819384256999 0.015938207507133484 0.06025172339545356
0 0.880318570137024 0.6445449617173936 0.043572521209716795 0.12649091084798178
0 0.3452013596892357 0.25569949679904513 0.013093987107276916 0.05928798251681858
0 0.6881114363670349 0.38542298210991754 0.023220717906951904 0.08700807359483508
0 0.42936632633209226 0.21828138563368055 0.012480854988098145 0.050303607516818574
3 0.4556859314441681 0.1648572603861491 0.023636257648468016 0.06407595740424263
0 0.3926512569189072 0.21936625374688043 0.012876814603805542 0.05327705807156033
0 0.41189115643501284 0.22563006083170573 0.012465548515319825 0.05244784884982639
0 0.9628361701965332 0.6881013658311632 0.07432765960693359 0.14314507378472222
0 0.6220024466514588 0.33247789806789824 0.01755402088165283 0.07547728220621745
0 0.6089569330215454 0.2884859085083008 0.01641569137573242 0.06732152303059896
2 0.5953702211380005 0.9265888849894206 0.2004335880279541 0.1460491180419922
0 0.36092262268066405 0.22147572835286458 0.012172698974609375 0.04879061381022135
0 0.8632284760475158 0.4311926311916775 0.039643502235412596 0.08056695726182726
0 0.5522366404533386 0.16894943449232314 0.010762476921081543 0.04263328976101345
0 0.8122583389282226 0.43703460693359375 0.032759475708007815 0.08966912163628472
0 0.6753991782665253 0.26811310450236003 0.02659635543823242 0.050044610765245225
0 0.01346808671951294 0.3383084615071615 0.02693617343902588 0.07175023820665148
0 0.2727075099945068 0.30660777621799046 0.019080924987792968 0.06096543206108941
1 0.5256411373615265 0.1395500077141656 0.01707066297531128 0.03507113986545139
0 0.5867127418518067 0.18347334331936307 0.013110923767089843 0.04242309994167752
0 0.8557926893234253 0.6941940731472439 0.04144783020019531 0.033583747016059026
0 0.778048062324524 0.9485045115152995 0.02588481903076172 0.0889955308702257
0 0.619440046697855 0.2746141857571072 0.01383446305990219 0.05816819932725695
0 0.7816703796386719 0.42398206922743054 0.02563133239746094 0.08981543646918402
3 0.9656492471694946 0.6619914266798231 0.06870150566101074 0.20505284203423393
2 0.8089416563510895 0.8550232993231879 0.19802507162094116 0.27067892286512585
0 0.2739505052566528 0.6942243152194553 0.04053850173950195 0.03377359178331163
0 0.5398042321205139 0.15100887616475422 0.00911109447479248 0.037280072106255426
