3 0.3453049445146462 0.4502891328599718 0.049812264443608 0.268732918633355
0 0.6991825699806213 0.46092198689778646 0.025932717323303222 0.10020167032877604
3 0.5993250370025635 0.4910174475775825 0.07094001770019531 0.177972412109375
1 0.42253991961479187 0.5038317945268419 0.06912349462509156 0.1494744300842285
0 0.6549614787101745 0.4630308575100369 0.025274205207824706 0.10464897155761718
0 0.751444399356842 0.5227320141262478 0.027961468696594237 0.11929105122884115
0 0.5039170145988464 0.5789977391560872 0.03236312866210937 0.13188709682888455
0 0.6590977907180786 0.2958293702867296 0.03305826187133789 0.0674766116672092
0 0.8764097929000855 0.4995960447523329 0.03515625 0.06540764702690972
0 0.2207491397857666 0.6251825544569227 0.03818197250366211 0.16441574096679687
0 0.488350510597229 0.46459024217393663 0.031119155883789062 0.10477566189236111
0 0.5845726013183594 0.9157689412434896 0.05055217742919922 0.16041666666666668
1 0.55850909948349 0.3614881197611491 0.04819633960723877 0.08871826595730252
0 0.34194811806082726 0.29420879152086044 0.016900719702243806 0.06380011240641276
0 0.5721295952796936 0.27704766591389973 0.01620810031890869 0.06441218058268229
0 0.7029651761054992 0.2940400865342882 0.03458678722381592 0.05777587890625
0 0.11124920845031738 0.3723951127794054 0.054420894384384154 0.08665720621744792
0 0.37902703434228896 0.35326309204101564 0.02026396691799164 0.08071467081705729
0 0.39597312211990354 0.24353627098931208 0.013545358180999756 0.05755038791232639
0 0.19869019985198974 0.8184765285915798 0.04668326377868652 0.19644402398003472
3 0.33722596168518065 0.8933225843641494 0.18837366104125977 0.21335483127170138
0 0.42699735760688784 0.2449352264404297 0.012992942333221435 0.05837533738878038
0 0.40151554346084595 0.31990910371144615 0.016526472568511964 0.06204042964511448
0 0.07331246137619019 0.8425094604492187 0.04937119781970978 0.19609578450520834
0 0.40427341461181643 0.1970218923356798 0.01078624725341797 0.04611332151624892
0 0.6039629936218261 0.34241884019639757 0.020197105407714844 0.08447229597303603
1 0.4300891399383545 0.1858278751373291 0.02319772243499756 0.04372989866468641
0 0.5330551505088806 0.19181630346510145 0.011108469963073731 0.047950161827935114
0 0.5760456323623657 0.22968214882744684 0.013538646697998046 0.062022166781955296
0 0.35089818090200425 0.24621210098266602 0.013884344696998596 0.055321523878309464
0 0.3767560482025146 0.2925533718532986 0.019195556640625 0.0698857201470269
0 0.8120574951171875 0.43766759236653646 0.031385040283203124 0.0928773668077257
3 0.5808539271354676 0.9180481380886502 0.05333511829376221 0.16390372382269966
0 0.9078577876091003 0.5051100730895997 0.03227479457855224 0.0677175521850586
0 0.5506284713745118 0.1643770005967882 0.009540939331054687 0.03741908603244358
0 0.2859330177307129 0.3361697726779514 0.02153644561767578 0.07045186360677083
0 0.7151950836181641 0.34335101445515953 0.010234832763671875 0.06847799089219835
0 0.5090280532836914 0.15569560262891982 0.009289860725402832 0.037239890628390844
0 0.3933343172073364 0.5343006239997016 0.013331365585327149 0.09054406483968098
0 0.27302778959274293 0.3102998015574283 0.017741894721984862 0.04151632574697336
0 0.014254710078239441 0.33747499254014757 0.028509420156478883 0.07430386013454861
0 0.6375942349433898 0.22651069429185655 0.015295863151550293 0.049048593309190536
1 0.7015051484107971 0.30555111434724597 0.030130767822265626 0.03332445091671414
1 0.3934457182884216 0.526089424557156 0.013108563423156739 0.10740570492214627
0 0.7820316314697265 0.4276673634847005 0.02650623321533203 0.08627327813042535
0 0.027175040543079378 0.22790880203247071 0.01816760003566742 0.039970419141981336
