3 0.7169857216067612 0.8029339260525173 0.22787376400083303 0.39413214789496526
2 0.6237846732139587 0.5500109566582574 0.18723151683807374 0.32220030890570744
0 0.6348172575235367 0.29895868301391604 0.031705552339553834 0.07031934526231554
0 0.6743568420410156 0.2964133792453342 0.025249242782592773 0.06708081563313802
0 0.1808993101119995 0.5740756988525391 0.06438608169555664 0.14749798244900172
0 0.8774574279785157 0.6708113776312934 0.05723381042480469 0.14877556694878472
3 0.7326315332204103 0.5360737906561958 0.2462300918996334 0.3500746409098307
0 0.6972854733467102 0.37122674518161347 0.03132560253143311 0.07049342261420356
0 0.07274557650089264 0.3951004346211751 0.043190449476242065 0.08673013051350911
0 0.656628443300724 0.3146929942252528 0.016311320662498473 0.05151341967802081
0 0.7214547395706177 0.3560764736599392 0.02970840930938721 0.10978164672851562
0 0.32141456604003904 0.2860999001397027 0.020345354080200197 0.0741034189860026
0 0.7595227718353271 0.40174391004774307 0.02280845642089844 0.0771241929796007
0 0.03229195699095726 0.39559273189968536 0.03728658705949783 0.07926012674967448
0 0.7886202692985534 0.5225279490152995 0.0289963960647583 0.09251352945963541
1 0.18105802536010743 0.5756202591790094 0.06384487152099609 0.15146096547444662
0 0.7127527236938477 0.18112828996446398 0.014166784286499024 0.047701729668511286
0 0.38760502338409425 0.1729338804880778 0.012793207168579101 0.03320235146416558
0 0.5909376025199891 0.17655283610026043 0.012839627265930176 0.0436553955078125
3 0.4106796860694885 0.6311756981743707 0.18073437213897706 0.15816514756944444
