0 0.25133427381515505 0.5631100124782986 0.038175129890441896 0.14225438435872395
0 0.6678050726652145 0.31101231045193145 0.023210161924362184 0.06965098910861545
0 0.12869133949279785 0.5880044725206163 0.05108966827392578 0.14617801242404513
0 0.34668136164546015 0.32143019570244685 0.019569243490695953 0.07009737226698133
0 0.07265865802764893 0.3948743184407552 0.06074364185333252 0.07298227945963541
0 0.6048590898513794 0.21827628877427843 0.018358516693115234 0.05463665856255425
3 0.12918517589569092 0.5887939665052626 0.052243399620056155 0.1497245364718967
0 0.08777115345001221 0.8406016455756293 0.04083404541015625 0.12947489420572916
0 0.6495101928710938 0.26222241719563805 0.024398231506347658 0.06562923855251736
0 0.9965417146682739 0.4028349134657118 0.00654134750366211 0.043266381157769096
