0 0.20295283794403077 0.4305695003933377 0.06168317794799805 0.09626447889539931
0 0.6363330364227295 0.46457706027560763 0.058757686614990236 0.10334591335720486
1 0.05977604389190674 0.4955683390299479 0.11955208778381347 0.13421630859375
0 0.523695582151413 0.43343825340270997 0.033285868167877194 0.09358212153116861
0 0.5469051957130432 0.5653549936082628 0.031147456169128417 0.13649535708957247
0 0.3678122520446777 0.5002140045166016 0.06734857559204102 0.10225067138671876
0 0.6047263383865357 0.2775257428487142 0.013369274139404298 0.06718235015869141
0 0.8991906762123107 0.6902641614278158 0.05446922779083252 0.12631905873616536
0 0.5665096998214721 0.33523992962307403 0.02151203155517578 0.07704508039686415
0 0.34519772306084634 0.2924149937099881 0.01625215858221054 0.06884827084011502
0 0.8400964736938477 0.5486099667019314 0.03914070129394531 0.11890877617730035
0 0.5207219421863556 0.29545729955037436 0.01370629072189331 0.06372619205050999
0 0.5053706705570221 0.3486600769890679 0.03392738103866577 0.07507881588406033
0 0.2999750256538391 0.3136241017426882 0.0172255277633667 0.04898507754421896
0 0.5696264743804932 0.20049387613932293 0.011719655990600587 0.050706100463867185
0 0.32565610244928395 0.2945219357808431 0.010563189088134094 0.06495931413438585
0 0.4635490238666534 0.30010925928751625 0.016728746891021728 0.07220804426405165
0 0.9685050010681152 0.6936395433213975 0.0566497802734375 0.1447543674045139
0 0.08186197578907013 0.36316203011406795 0.0398122489452362 0.07208809322781033
0 0.44280590415000914 0.30073792139689126 0.016801083087921144 0.06985670725504557
1 0.3900959253311157 0.4470176696777344 0.12802577018737793 0.0963626437717014
0 0.5533387064933777 0.19482272995842828 0.009980225563049316 0.04583097034030491
0 0.7026365041732788 0.29268698162502715 0.034368133544921874 0.059651417202419704
0 0.3199398398399353 0.4543064965142144 0.027669453620910646 0.11667073567708333
0 0.8481810808181762 0.48058202531602645 0.02735443115234375 0.06411251491970486
0 0.6951777696609497 0.36459917492336696 0.019675159454345705 0.07896450890435112
0 0.8623938202857971 0.5137526830037434 0.028165555000305174 0.06320334540473091
0 0.3650298461318016 0.29228285683525934 0.016336014866828917 0.06718518998887804
0 0.48462324738502505 0.310655148824056 0.022454679012298584 0.07029893663194445
0 0.3983214110136032 0.2941969765557183 0.019225937128067017 0.06880154079861112
0 0.3344936639070511 0.2285348998175727 0.013823065161705016 0.05182963477240669
0 0.37910800278186796 0.29975766075981986 0.014014941453933717 0.06466361151801216
1 0.44262505173683164 0.25021176868014866 0.032175981998443605 0.06855644649929471
0 0.5230628669261932 0.17528079880608452 0.009969866275787354 0.04207934273613824
0 0.814075517654419 0.43435904184977214 0.025763177871704103 0.08761507670084635
0 0.27315822839736936 0.31171541002889475 0.017180800437927246 0.04436440360214975
1 0.5478753209114074 0.30810572517414886 0.027996373176574708 0.036688567284080716
0 0.8686767101287842 0.44344344668918184 0.02712726593017578 0.06235148111979167
0 0.42379243969917296 0.29590313169691296 0.016774237155914307 0.06753783755832249
0 0.6746529102325439 0.2690850151909722 0.024958181381225585 0.04915262858072917
1 0.5422391772270203 0.2474864747789171 0.0336724042892456 0.06165330674913194
0 0.08839887976646424 0.4259768697950575 0.0425338625907898 0.0628551271226671
0 0.9949079513549804 0.8193413628472223 0.00973052978515625 0.12534925672743055
0 0.3729655459523201 0.20588386323716906 0.012876126170158386 0.0442273669772678
0 0.014325131475925446 0.3385705312093099 0.028650262951850893 0.0738554212782118
0 0.41024559140205386 0.26947755813598634 0.01591380834579468 0.059095573425292966
0 0.4202836245298386 0.204504574669732 0.012798196077346802 0.046696239047580294
3 0.506061214208603 0.14907560878329806 0.01780768632888794 0.046403090159098305
3 0.5507874488830566 0.2880823771158854 0.0339818000793457 0.08078799777560763
0 0.4977016091346741 0.26925726996527777 0.013915395736694336 0.05608995225694444
0 0.5473881959915161 0.1755425877041287 0.010522747039794922 0.03990743425157335
