0 0.7835905134677887 0.48915733761257596 0.03969110250473022 0.10519964430067275
0 0.2618607521057129 0.47765049404568144 0.04784250259399414 0.12209930419921874
1 0.39274995774030685 0.2683034578959147 0.05504516661167145 0.09455572764078776
0 0.7666945517063141 0.3953873846266005 0.03272842168807984 0.08964947594536675
0 0.632284152507782 0.29940646489461265 0.026679348945617676 0.07146850162082248
0 0.7212791681289673 0.4336517122056749 0.029449653625488282 0.1106728023952908
0 0.681731203198433 0.2863114780849881 0.021283191442489625 0.06613424089219835
0 0.20571686029434205 0.28504794438680015 0.0328559160232544 0.05771554311116536
0 0.654060673713684 0.3040624088711209 0.019811010360717772 0.07862995995415581
0 0.07642289400100707 0.3929266187879774 0.05692956447601318 0.08867390950520833
0 0.38303135633468627 0.26693077087402345 0.03393728733062744 0.09264021979437934
0 0.3903532326221466 0.34186532762315536 0.020772290229797364 0.05747095743815104
0 0.41344523429870605 0.33031573825412325 0.02599048614501953 0.08084013197157118
0 0.0322657935321331 0.40400241216023763 0.03919040113687515 0.09717638227674696
0 0.8714086532592773 0.4060209486219618 0.06685771942138671 0.10176001654730903
3 0.394987753033638 0.3034657001495361 0.04860054850578308 0.029153622521294487
0 0.6708801031112671 0.3065510773824321 0.007698333263397217 0.030809996359878116
0 0.37626564502716064 0.1966914070977105 0.015279388427734375 0.044266128540039064
