0 0.4369806289672852 0.6223890516493056 0.0807462453842163 0.12895745171440973
0 0.46439566612243655 0.4633995903862847 0.04487524032592773 0.09436603122287326
0 0.18163812756538392 0.4758058124118381 0.057124221324920656 0.09001452128092448
0 0.363964319229126 0.4629383087158203 0.0699310302734375 0.09107513427734375
0 0.349962043762207 0.5895372178819445 0.06992588043212891 0.11245930989583333
0 0.5937846183776856 0.29620274437798394 0.019367790222167967 0.07412995232476129
0 0.5642012000083924 0.2961865637037489 0.016089558601379395 0.06686395009358724
0 0.0848104327917099 0.36242968241373696 0.046004253625869754 0.07288114759657117
1 0.48931252360343935 0.3581978374057346 0.09787789583206177 0.07402002546522353
0 0.6367869257926941 0.25552093717787 0.01564033031463623 0.062153392367892794
0 0.5516640901565552 0.2683942370944553 0.013888263702392578 0.06489978366427951
0 0.5168122172355651 0.24999558130900065 0.011834120750427246 0.05854312049018012
1 0.4565898716449738 0.2803211424085829 0.035806047916412356 0.0750520494249132
0 0.5102071583271026 0.5777197943793403 0.03697680234909058 0.11360020107693142
0 0.5385135173797607 0.22085609436035156 0.013114309310913086 0.054042349921332465
1 0.5823757648468018 0.25070153342352974 0.034928512573242185 0.06182108985053168
0 0.220855712890625 0.47159939342074925 0.03541340827941895 0.06208054224650065
0 0.5177725255489349 0.18179758389790854 0.011086475849151612 0.043847179412841795
0 0.7090021014213562 0.3232888221740723 0.022620797157287598 0.07081644270155164
0 0.3155076622962952 0.3170499451872375 0.01770179271697998 0.054312903102901246
1 0.2952432632446289 0.393535402086046 0.1135213851928711 0.08349558512369791
0 0.3822231888771057 0.29467461903889974 0.018306255340576172 0.06847241719563803
1 0.017502665519714355 0.46545978122287324 0.03500533103942871 0.09063924153645833
0 0.42448498010635377 0.29998837576972115 0.018822669982910156 0.06990498436821832
1 0.4538909256458282 0.20647193060980903 0.027492272853851318 0.05366550021701389
0 0.5530473589897156 0.18614942762586806 0.009935545921325683 0.04312010871039496
0 0.18359426856040956 0.4054276360405816 0.0494723916053772 0.06517732408311631
0 0.3514868445694447 0.30022512012057834 0.026974384486675263 0.06063925425211589
0 0.2905748724937439 0.3253260612487793 0.022049260139465333 0.05933539072672526
0 0.2578068494796753 0.44139128790961374 0.05232372283935547 0.08528043958875868
0 0.48939192295074463 0.295163271162245 0.025785255432128906 0.058930397033691406
0 0.7213009059429168 0.3683918952941895 0.01744741201400757 0.07267047034369575
0 0.4049046546220779 0.29695295757717555 0.018492907285690308 0.06390433841281468
0 0.3379655513213947 0.40131452348497176 0.03400055109523237 0.07751443650987414
0 0.42506668269634246 0.24590074751112195 0.014026075601577759 0.05410054524739583
0 0.29433717727661135 0.44537251790364585 0.038800525665283206 0.09186113145616319
0 0.3380195118486881 0.2648171212938097 0.0157674178481102 0.05118927425808377
0 0.004251603409647942 0.7731279161241319 0.00799950435757637 0.15319281684027777
0 0.0169146329164505 0.46643185085720484 0.033829265832901 0.09584079318576388
0 0.013668136298656463 0.3362771775987413 0.027336272597312927 0.07507563696967232
0 0.5719476103782654 0.2112023777431912 0.01286003589630127 0.04806914859347873
0 0.3937326669692993 0.2512973573472765 0.012534666061401366 0.04917784796820746
0 0.18130119442939757 0.3749953720304701 0.016706383228302 0.05142347017923991
0 0.5979428172111512 0.21135199864705403 0.01260049343109131 0.04873070187038846
0 0.33117075220216063 0.3007197380065918 0.020990071585401893 0.0666094250149197
0 0.8114727973937989 0.42225146823459203 0.032146644592285153 0.0886111789279514
0 0.3934181034564972 0.18972930908203126 0.011430048942565918 0.04204915364583333
0 0.675718080997467 0.2688429514567057 0.02227599620819092 0.04895583258734809
0 0.7432893574237823 0.3654797871907552 0.027946102619171142 0.0784441630045573
0 0.479379266500473 0.20731537077162002 0.010470712184906006 0.04711950090196398
0 0.9935173988342285 0.5408341513739692 0.012965202331542969 0.08133854336208768
0 0.6565899774432182 0.2529594633314345 0.01697372496128082 0.053857676188151044
