0 0.21286802291870116 0.8154798719618056 0.08104809522628784 0.23419969346788194
0 0.2792091012001038 0.458842134475708 0.03234260082244873 0.10610227584838867
0 0.2942131280899048 0.37304166158040364 0.03208880424499512 0.07942843967013889
0 0.34164892956614495 0.3201446533203125 0.02669052630662918 0.08959927029079862
0 0.12572078108787538 0.5670854356553819 0.04024556875228882 0.10851804945203992
1 0.40512898564338684 0.48924600813123914 0.0817879319190979 0.17633001539442275
0 0.3762580782175064 0.23135464986165363 0.022689169645309447 0.05430319044325087
1 0.45197475552558897 0.2784949196709527 0.04102882146835327 0.08142937554253472
0 0.6036578774452209 0.2035813119676378 0.016762280464172365 0.04940751393636068
1 0.21291970014572142 0.8143062379625109 0.07520844936370849 0.23445608350965713
0 0.1362850248813629 0.6649667633904351 0.046233522891998294 0.10010280609130859
0 0.033471424132585526 0.38395589192708335 0.036787579953670504 0.05732150607638889
0 0.5389699935913086 0.23889607323540582 0.016911029815673828 0.05817188686794705
3 0.38273483514785767 0.48302154541015624 0.03411133289337158 0.17151404486762153
0 0.07751585245132446 0.39464357164171004 0.060303473472595216 0.07171800401475695
0 0.3599853515625 0.451732423570421 0.022747182846069337 0.0598746829562717
3 0.4543046712875366 0.30615916279041105 0.04284765720367432 0.033500496008329925
0 0.9617367625236511 0.3577733781602648 0.03509247303009033 0.04220174153645833
0 0.35981338024139403 0.9791590796576606 0.01948089599609375 0.04139378865559896
