0 0.24394850730895995 0.5318774753146701 0.037492561340332034 0.12585135565863714
0 0.1078137755393982 0.6332361857096355 0.05515573024749756 0.16781650119357638
0 0.3063524842262268 0.38307035234239367 0.03581850528717041 0.11179703606499566
0 0.19758835434913635 0.4659696578979492 0.0321104884147644 0.11246282789442275
0 0.3778585076332092 0.2654497994316949 0.020656132698059083 0.05523384941948785
1 0.528209924697876 0.23650954564412435 0.04193520545959473 0.06997144487169053
0 0.32441837787628175 0.2603086895412869 0.01807570457458496 0.07039176093207465
1 0.4319141775369644 0.2941057629055447 0.04978286623954773 0.09340727064344619
1 0.5908009767532348 0.2465097851223416 0.04411606788635254 0.06385735405815972
0 0.07690492272377014 0.39372244940863715 0.058453285694122316 0.06903160942925347
0 0.36700642108917236 0.23303492863972983 0.011222934722900391 0.05777687496609158
0 0.60693324431777 0.24260377883911133 0.01386648863554001 0.06128775278727214
0 0.032316794991493224 0.3818405893113878 0.03709561228752136 0.054288419087727864
0 0.3299127697944641 0.4841398821936713 0.03596465587615967 0.060355896419949
0 0.4131844639778137 0.31867738631036546 0.016291069984436034 0.04132092131508721
