3 0.7169358253479003 0.4248744116889106 0.20889339447021485 0.472682613796658
0 0.14990665912628173 0.52003968556722 0.04704163074493408 0.11220936245388455
0 0.5855662584304809 0.4316475550333659 0.026318836212158202 0.10103569030761719
0 0.07839583754539489 0.39631449381510414 0.05661920309066772 0.07791375054253472
3 0.4384846717119217 0.22344224717881944 0.04099754691123962 0.07852897644042969
1 0.5549513816833496 0.36109369066026475 0.07303047180175781 0.14207178751627605
2 0.7165580727159977 0.479948539700773 0.20408206433057785 0.3732296668820911
0 0.8458245277404786 0.5282235463460286 0.030301475524902345 0.12362645467122396
0 0.6040795564651489 0.17301110691494412 0.011688947677612305 0.03815111584133572
0 0.6237203717231751 0.20277010599772136 0.012443232536315917 0.04129261440700955
2 0.5483356535434722 0.3567255412538846 0.058362042903900145 0.13284825848208534
0 0.03262887969613075 0.3954231897989909 0.04727104157209396 0.07716458638509115
0 0.4115176796913147 0.4756872600979275 0.02464132308959961 0.06587405734592014
0 0.6109850473701954 0.30911935625804793 0.011295671761035918 0.03740778648191028
