0 0.16751338243484498 0.6297255622016059 0.06023929119110107 0.14971991644965277
1 0.3848167896270752 0.585821024576823 0.11753988265991211 0.2615319146050347
0 0.29071266651153566 0.39436102973090276 0.02865457534790039 0.07367324829101562
0 0.26028190851211547 0.36703695721096463 0.02720348834991455 0.07276312510172527
0 0.1801031529903412 0.44793112013075087 0.03752373456954956 0.09456278483072916
1 0.44743289351463317 0.31775894165039065 0.0519332766532898 0.09700681898328993
3 0.38514263518154623 0.589262146419949 0.11733782514929772 0.2634122848510742
0 0.20789180994033812 0.5090102513631185 0.04564940929412842 0.09291886223687065
1 0.6490551948547363 0.7118550618489583 0.1878795623779297 0.440284177992079
2 0.6332118272781372 0.6017296473185222 0.17353668212890624 0.21876292758517796
0 0.3895830988883972 0.3013090981377496 0.019834208488464355 0.06011623806423611
0 0.3752328157424927 0.24128679699367947 0.01932816505432129 0.060958713955349395
0 0.30023627281188964 0.30211541917588974 0.024771690368652344 0.0675545162624783
0 0.07908124327659607 0.39062572055392797 0.059268414974212646 0.0756665547688802
0 0.3168209075927734 0.3800673590766059 0.023918342590332032 0.07806328667534722
0 0.3457187794148922 0.23213504155476888 0.022139520943164827 0.06227542029486762
0 0.32005283832550047 0.3157396846347385 0.019298839569091796 0.061995040045844184
0 0.35727887153625487 0.3584259033203125 0.025946712493896483 0.07668711344401041
0 0.5723964691162109 0.14994499948289658 0.010466384887695312 0.03371657265557183
3 0.6742706418037414 0.7335114585028755 0.14854128360748292 0.4016251034206814
3 0.44787444472312926 0.32789744006262883 0.05010699033737183 0.07801710234747992
0 0.37061262130737305 0.4089168972439236 0.02568087577819824 0.09053056504991319
0 0.6019020557403565 0.16670777002970377 0.011247396469116211 0.03765455881754557
0 0.39826691150665283 0.22555627822875976 0.018976867198944092 0.05413167741563585
0 0.3863609224557877 0.3714199913872613 0.026384907960891723 0.08479953342013889
0 0.33211811538785696 0.30569879160159164 0.015191404893994332 0.032173835982879005
0 0.41729445457458497 0.27673327128092445 0.02108736038208008 0.0712675306532118
0 0.3442707180976868 0.3059764371977912 0.01396796703338623 0.034175096617804636
0 0.4082562267780304 0.14867582850986058 0.010841751098632812 0.03259844250149197
0 0.35381159782409666 0.2863317065768772 0.02256803512573242 0.07011689080132379
0 0.3732722759246826 0.3009515126546224 0.01961936950683594 0.06601927015516493
0 0.37556603103876113 0.2018243153889974 0.014170011878013611 0.04111891852484809
0 0.03131347075104714 0.38335721757676866 0.03373731225728989 0.054233678181966144
0 0.16763758659362793 0.5238748762342665 0.03879566192626953 0.07688090006510416
