3 0.42144967466592786 0.31561689376831054 0.11744503676891327 0.2741474787394206
1 0.694248104095459 0.8752271864149306 0.18394756317138672 0.24765523274739584
3 0.695455284230411 0.8730447345309787 0.18239913918077946 0.24309459262424046
1 0.5780208587646485 0.3206471867031521 0.06984219551086426 0.10481607649061415
0 0.3212567329406738 0.3693391376071506 0.035438823699951175 0.08329768710666233
0 0.25267848968505857 0.3687746789720323 0.02284703254699707 0.0837053722805447
0 0.20013418793678284 0.4471488104926215 0.0325644850730896 0.11950064765082466
0 0.7388902962207794 0.44833558400472007 0.03566683530807495 0.09998605516221788
0 0.6716126322746276 0.27556191550360787 0.016385197639465332 0.058968077765570746
0 0.22780907154083252 0.5310471640692817 0.03607053756713867 0.13895725674099393
0 0.6578723192214966 0.33683465321858724 0.026395273208618165 0.05736139085557726
0 0.033800598978996274 0.3935154596964518 0.03704761862754822 0.07474225362141927
2 0.5777620792388916 0.3311615800898936 0.07114601135253906 0.08400113528801335
0 0.07829908132553101 0.399688720703125 0.058702707290649414 0.06861555311414931
3 0.38519264459609986 0.37193685637580026 0.029524064064025878 0.1660959349738227
0 0.6916988044977188 0.32811034520467125 0.028983157873153687 0.0791216320461697
0 0.6475023671984672 0.29065220091078015 0.02695704996585846 0.0415880627102322
0 0.3294989585876465 0.2702005174424913 0.018992233276367187 0.05935855441623264
0 0.38930965662002565 0.4125850253634983 0.021380686759948732 0.08638246324327258
0 0.6064204092312139 0.3325441466437446 0.012594656052533537 0.09603502485487196
0 0.384319007396698 0.16082326571146646 0.019382929801940917 0.04679867426554362
0 0.7656639814376831 0.4050865120357937 0.02014343738555908 0.03681584464179145
1 0.3287431089614984 0.36902452177471584 0.016581407480407505 0.0811723894543118
0 0.9966090440750122 0.397154786851671 0.006612396240234375 0.05546349419487847
0 0.6528438687324524 0.1729539712270101 0.023274540901184082 0.057405885060628256
0 0.40715614557266233 0.14481886757744683 0.012438166141510009 0.035563892788357206
0 0.5074207723140717 0.31192278915809263 0.01639961004257202 0.04494785625073645
0 0.5741434216499328 0.15236236784193252 0.021580433845520018 0.04481909010145399
0 0.32871325851883737 0.3158906893597709 0.015674884291365744 0.03560732536845737
0 0.689000403881073 0.38972151279449463 0.021140074729919432 0.07061637772454156
