0 0.7298891305923462 0.4048572964138455 0.037672781944274904 0.0924330817328559
0 0.8462821960449218 0.743619876437717 0.08952255249023437 0.2004053751627604
0 0.37158625572919846 0.29811504152086044 0.038102665543556215 0.08544419606526693
0 0.7295416831970215 0.5059448877970377 0.04746887683868408 0.11344210306803386
1 0.8447114586830139 0.7439804395039876 0.08576095104217529 0.204799927605523
0 0.10446207523345948 0.5876140594482422 0.052162593603134154 0.12588899400499132
0 0.5324708998203278 0.25672734578450523 0.028194940090179442 0.07259470621744792
0 0.6845338642597198 0.3966639306810167 0.03706585168838501 0.10147321489122178
0 0.07270431220531463 0.39570626152886285 0.04441385865211487 0.09188817342122396
0 0.6015414118766784 0.21359519958496093 0.016112351417541505 0.04358283148871528
3 0.10308660566806793 0.5877195888095432 0.05394629836082458 0.12972744835747613
3 0.37282187193632127 0.3153849374088976 0.0375764399766922 0.04968587342235777
0 0.39131606221199033 0.26036836836073135 0.01929152011871338 0.05557653639051649
0 0.03055867813527584 0.38430938720703123 0.03686108663678169 0.057369232177734375
0 0.7127717971801758 0.18115272521972656 0.014804220199584961 0.04886377122667101
0 0.3930259197950363 0.18470204671223958 0.019104987382888794 0.036688910590277776
3 0.4124957680702209 0.6321822272406684 0.1843665361404419 0.15760184393988716
