0 0.1429125428199768 0.7552563985188802 0.06603448390960694 0.160919189453125
0 0.0340474396944046 0.7424872504340277 0.06737882494926453 0.16101871066623263
0 0.34390991888940337 0.2641648398505317 0.023166245967149734 0.06260613335503472
0 0.2519466638565063 0.7004271825154622 0.0668102741241455 0.16990818447536893
0 0.2189150333404541 0.5753737555609809 0.05293164253234863 0.11233122083875868
1 0.2488418698310852 0.6639595879448785 0.06496956348419189 0.09430304633246528
0 0.5502692461013794 0.2578284475538466 0.025557804107666015 0.0719068103366428
1 0.44277729094028473 0.2844363424513075 0.047567743062973025 0.09439805348714193
0 0.3880387008190155 0.30475322935316296 0.021558380126953124 0.060067939758300784
3 0.3944764375686646 0.5385593838161893 0.1178408145904541 0.4460211859809028
0 0.2900470495223999 0.41016616821289065 0.0419830322265625 0.10081541273328994
0 0.32443238496780397 0.43443948957655165 0.02728111743927002 0.09180149502224393
0 0.5292874157428742 0.26322687996758354 0.021280276775360107 0.05623700883653429
0 0.2923401117324829 0.3259473376803928 0.027017974853515626 0.0739265865749783
1 0.031015947461128235 0.6855751037597656 0.06203189492225647 0.049867333306206595
0 0.3971743106842041 0.22531516816880967 0.014835679531097412 0.047664705912272134
0 0.2079613447189331 0.2863449308607313 0.044383573532104495 0.061355802747938365
0 0.07900401949882507 0.39287940131293403 0.060354626178741454 0.07153693305121528
0 0.3754280090332031 0.19606689876980252 0.012538290023803711 0.045979351467556426
0 0.60400390625 0.16994178030225965 0.009980535507202149 0.03818108240763347
1 0.13837587237358093 0.691878679063585 0.06596778631210327 0.03789469401041667
0 0.18522106409072875 0.46794794930352107 0.017564773559570312 0.04342352549235026
3 0.034246742143295705 0.7437729093763563 0.06722093936987221 0.16622293260362414
0 0.031901250779628756 0.3834392759535048 0.036739781498909 0.058133570353190105
