0 0.6824188977479935 0.6962098015679253 0.039920085668563844 0.1509566413031684
0 0.055914555490016934 0.39820497300889757 0.05184173882007599 0.0806473626030816
0 0.8286315202713013 0.728791618347168 0.04504079818725586 0.15822257995605468
0 0.7901175498962403 0.5523534562852648 0.06480350494384765 0.11320995754665798
0 0.8734525680541992 0.8849589029947916 0.06286964416503907 0.17987128363715277
0 0.3958491891622543 0.372686947716607 0.021831434965133668 0.08710401323106554
0 0.9656633377075196 0.8508140563964843 0.05609626770019531 0.1769807603624132
0 0.15947757959365844 0.37657284206814234 0.050831389427185056 0.08259769015842014
0 0.6897983551025391 0.3813444349500868 0.04337024688720703 0.08748728434244792
0 0.31932291984558103 0.3655642615424262 0.021835947036743165 0.0987993876139323
0 0.7430230617523194 0.48134159511990016 0.04367141723632813 0.1058057149251302
0 0.7028923392295837 0.29260264502631295 0.034312891960144046 0.05756284925672743
0 0.5773130178451538 0.21585844887627495 0.012475967407226562 0.05603817833794488
0 0.6368907809257507 0.25417526033189564 0.014723563194274902 0.06088606516520182
0 0.25344913005828856 0.36523318820529516 0.03947649002075195 0.08707222408718533
0 0.5510149598121643 0.21132302814059786 0.011528229713439942 0.05159676869710286
0 0.009060305208549835 0.43503106435139977 0.018056807218817993 0.059067493014865455
1 0.4559051513671875 0.2866859859890408 0.03709278106689453 0.080841064453125
0 0.723427677154541 0.36926659478081597 0.021898269653320312 0.08687862820095486
0 0.34332607313990593 0.3186876932779948 0.017708267271518707 0.07032373216417101
0 0.4240277111530304 0.3131532960467868 0.014213716983795166 0.0485288143157959
0 0.36476111561059954 0.32337542639838324 0.017347106337547304 0.07313431633843316
1 0.45314788818359375 0.21879686779446073 0.030976200103759767 0.060047213236490884
0 0.9713167190551758 0.7297240363226997 0.057366561889648435 0.13580457899305556
1 0.5237363100051879 0.1553575144873725 0.01748833656311035 0.034682305653889973
0 0.09231778383255004 0.36424149407280815 0.045691609382629395 0.0754258049858941
0 0.5054933547973632 0.3235599941677517 0.021408462524414064 0.09237007564968533
0 0.9446540951728821 0.5574794557359484 0.020250773429870604 0.08380826314290364
0 0.3812035769224167 0.30464434093899195 0.01643245816230774 0.061149915059407554
0 0.27263325452804565 0.31098861667431066 0.019153809547424315 0.04303014067312082
0 0.5392524361610412 0.15366233189900716 0.008751130104064942 0.03530120849609375
0 0.5500341892242432 0.1723295423719618 0.010777854919433593 0.039924240112304686
3 0.45578469038009645 0.3057479898134867 0.03858461380004883 0.03313292132483588
0 0.3240338206291199 0.3046003023783366 0.01833493709564209 0.0646665996975369
0 0.401934814453125 0.3130279196633233 0.012010538578033447 0.045337777667575414
0 0.9933278322219848 0.5401854938930936 0.013344335556030273 0.07667280832926432
0 0.4223120599985123 0.263522105746799 0.018041890859603883 0.05763990614149306
0 0.9915316820144653 0.7866478178236219 0.016936635971069335 0.0809106190999349
0 0.8122527122497558 0.4378438313802083 0.03217945098876953 0.0901396009657118
0 0.014309293031692505 0.3384995354546441 0.02861858606338501 0.07102525499131944
0 0.8169214248657226 0.9582289801703558 0.05713081359863281 0.08197038438585069
3 0.46523789763450624 0.1588109811147054 0.021635782718658448 0.05163984298706055
0 0.7820216178894043 0.42778536478678386 0.03016061782836914 0.0848067389594184
0 0.8633442401885987 0.4355673101213243 0.03657431602478027 0.06899934344821507
0 0.973961877822876 0.5273040453592936 0.023614883422851562 0.06127033233642578
