0 0.7063534975051879 0.5048448774549696 0.02660651206970215 0.12299202813042534
0 0.7641116321086884 0.5107566197713216 0.03020099401473999 0.1033787621392144
1 0.03607667088508606 0.5339644538031684 0.07215334177017212 0.13028988308376735
1 0.45861265659332273 0.2684917873806424 0.03939845561981201 0.06838819715711805
0 0.3224292755126953 0.3661419020758735 0.019603729248046875 0.08459758758544922
1 0.48092142343521116 0.37507106992933487 0.05029575824737549 0.10142739613850911
3 0.45294544100761414 0.17871527671813964 0.02933269739151001 0.07485691706339519
0 0.28676667213439944 0.4335647371080187 0.02136197090148926 0.0956184811062283
3 0.3916023313999176 0.45724284491605227 0.11694632768630982 0.3352270634637939
0 0.0661540687084198 0.36730160183376737 0.050210869312286376 0.08326043023003472
0 0.24909981489181518 0.6371668285793728 0.02828195095062256 0.11455472310384114
0 0.6207087755203247 0.3091904428270128 0.018904876708984376 0.07176032596164279
0 0.31083451509475707 0.4575043148464627 0.02184875011444092 0.10298470391167534
0 0.22471169233322144 0.5667936325073242 0.030632805824279786 0.112745115492079
0 0.30842297077178954 0.7447542826334635 0.037313985824584964 0.18441891140407987
0 0.35823380947113037 0.7756188286675347 0.037517356872558597 0.18756239149305556
0 0.7029880166053772 0.29325476752387153 0.0346489667892456 0.0584053463406033
0 0.6055702090263366 0.3331975301106771 0.016217303276062012 0.08509173923068576
1 0.1450063943862915 0.6581372578938802 0.1656957149505615 0.20074903700086805
3 0.5163906514644623 0.16675581402248807 0.026169788837432862 0.06736045413547093
0 0.24748830795288085 0.4322494930691189 0.023635292053222658 0.11359668307834202
0 0.19075089693069458 0.5173600090874566 0.029834485054016112 0.1350250244140625
0 0.4095820039510727 0.22851191626654732 0.01186172366142273 0.054388173421223956
0 0.3554282054305077 0.2602253278096517 0.013404247164726258 0.060465304056803386
0 0.6694778949022293 0.29812148412068684 0.018669432401657103 0.06934808095296224
0 0.2882164239883423 0.6528119405110677 0.031136703491210938 0.15814327663845487
0 0.37531929910182954 0.24544351365831163 0.014313620328903199 0.054237153795030385
0 0.40303374230861666 0.18690515094333224 0.010676592588424683 0.04277121225992839
0 0.2831694006919861 0.5602048450046115 0.034718775749206544 0.08287467956542968
3 0.46675300002098086 0.7155889828999837 0.1143074631690979 0.39425292544894747
0 0.4193669825792313 0.1811932404836019 0.010593956708908081 0.042317210303412546
0 0.533027458190918 0.32033025953504773 0.033136940002441405 0.07786314222547742
0 0.7150412797927856 0.3435705714755588 0.01054244041442871 0.0684857898288303
0 0.3588026911020279 0.691156726413303 0.03554571270942688 0.03990876939561632
1 0.3884346544742584 0.2893076260884603 0.04599471092224121 0.07688884735107422
0 0.8121591567993164 0.43146006266276044 0.032417678833007814 0.0949918958875868
0 0.4700094282627106 0.2170243051317003 0.012238943576812744 0.047137514750162764
1 0.36855679750442505 0.5366258833143446 0.062160801887512204 0.1767416212293837
0 0.276300048828125 0.5135615348815918 0.02916693687438965 0.07749559614393446
1 0.46979289054870604 0.7549309624565972 0.10929021835327149 0.3178941090901693
0 0.2742886424064636 0.3113559304426114 0.016719651222229005 0.04393019038769934
0 0.014223030209541321 0.33825751410590277 0.028446060419082642 0.0718195809258355
0 0.8626339077949524 0.4298250410291884 0.04395935535430908 0.07992172241210938
0 0.32572735443827694 0.6665509117974175 0.01065683871274814 0.08912039862738716
3 0.4613254189491272 0.11877286699083116 0.019855809211730958 0.04878029293484158
3 0.1462654858827591 0.6633641560872395 0.172178453207016 0.21603834364149305
0 0.12466311454772949 0.6844258838229709 0.03425168991088867 0.05271593729654948
2 0.36824731826782225 0.4721330112881131 0.06350536346435547 0.31776387956407337
3 0.4599348962306976 0.3001087254948086 0.03749052286148071 0.021645198927985297
0 0.347868812084198 0.4559522204928928 0.02134377956390381 0.08189125061035156
