3 0.8592271447181702 0.7671323670281305 0.2610573053359985 0.43042057885064017
0 0.2419797420501709 0.5068085564507379 0.04744729995727539 0.11267869737413194
0 0.6744592308998107 0.3066689173380534 0.02560962438583374 0.089251708984375
0 0.3036818027496338 0.43646774291992185 0.03623504638671875 0.09191479153103299
1 0.41629365384578704 0.39313249588012694 0.06739588379859925 0.12218829260932075
1 0.3559703826904297 0.5954995049370659 0.1333484649658203 0.22116614447699653
0 0.7690685272216797 0.44297400580512153 0.04111926555633545 0.10583097669813368
0 0.13884642124176025 0.7128158569335937 0.09052028059959412 0.14783189561631943
0 0.144890296459198 0.5066146850585938 0.06545326709747315 0.114056396484375
0 0.34271864145994185 0.2656961441040039 0.02592996060848236 0.06769756740993924
0 0.3845895200967789 0.27100587420993383 0.03311721682548523 0.0584880616929796
0 0.07737913131713867 0.3980250040690104 0.05914106369018555 0.07613932291666667
1 0.13755911886692046 0.6739290449354384 0.08960503935813904 0.07429360283745659
1 0.14497703909873963 0.506456200281779 0.06745978593826293 0.11523192723592122
2 0.8536245346069335 0.7743986553615994 0.28197689056396485 0.45120268927680124
0 0.3339749649167061 0.3977846251593696 0.02551549971103668 0.14239487118191188
0 0.47524337768554686 0.24736997816297743 0.030031585693359376 0.06457366943359374
0 0.36253771781921384 0.3823966979980469 0.03187637329101563 0.10569559733072917
0 0.5750121712684632 0.1972930908203125 0.012696576118469239 0.04387558831108941
3 0.1394006848335266 0.713116995493571 0.09147005081176758 0.15001273685031466
0 0.029598712921142578 0.39712727864583336 0.03954149484634399 0.080157470703125
0 0.39079134464263915 0.3222961001925998 0.021598005294799806 0.05744891696506076
3 0.3440198540687561 0.5934997346666124 0.11196029186248779 0.2206094953748915
0 0.5071524858474732 0.18414022127787272 0.012638401985168458 0.0391980595058865
3 0.7114501953125 0.7044772148132324 0.017164230346679688 0.1684502707587348
0 0.6427605047821998 0.22532335917154947 0.0149082750082016 0.05094625684950087
0 0.9966520071029663 0.39662609100341795 0.006465911865234375 0.05498254564073351
0 0.3836773276329041 0.9927232530381944 0.00992119312286377 0.014553493923611112
0 0.35589691400527956 0.46054746839735244 0.0316049337387085 0.05878664652506511
0 0.38227410316467286 0.21256175571017796 0.01483154296875 0.050995254516601564
