0 0.3411214744672179 0.3292266845703125 0.030328111723065376 0.09660237630208333
0 0.28078765869140626 0.4001609378390842 0.026184701919555665 0.07828462388780381
0 0.07216996997594834 0.39775747458140054 0.06934352219104767 0.06388401985168457
0 0.3906964123249054 0.24656060536702473 0.019376087188720702 0.060828314887152776
0 0.5263391137123108 0.39972437487708196 0.02474792003631592 0.08504425154791938
0 0.37569450587034225 0.22974341710408527 0.014230290055274963 0.05408060285780165
3 0.47081551551818845 0.1956135802798801 0.04026949405670166 0.10130154291788737
3 0.3410671353340149 0.3333660290059116 0.030689549446105958 0.08791986993617482
0 0.412872314453125 0.2150880601671007 0.01858177185058594 0.060757615831163195
0 0.3941066026687622 0.15853732956780328 0.011067676544189452 0.03097870084974501
0 0.9968579888343811 0.3969517389933268 0.006188797950744629 0.053926383124457467
0 0.03180473372340202 0.4136850674947103 0.015436448156833649 0.04472507900661892
