0 0.6647311985492707 0.5660706414116754 0.029928016662597656 0.1208573235405816
0 0.7383545696735382 0.6994261423746745 0.03870533704757691 0.14383655124240452
0 0.18269346952438353 0.5707329644097222 0.03176860809326172 0.12575098673502605
0 0.7902607977390289 0.5951846652560764 0.02898353338241577 0.111651611328125
0 0.47287979125976565 0.6948206583658855 0.05784530639648437 0.15798577202690972
0 0.23696393966674806 0.6910663180881076 0.03843050003051758 0.16923031277126735
0 0.5487747550010681 0.5456843270195855 0.032887959480285646 0.1334606170654297
0 0.44137323796749117 0.5930298063490126 0.044323545694351194 0.12906981574164497
0 0.3752166748046875 0.30468641916910805 0.015005350112915039 0.06672757466634115
0 0.7638769149780273 0.49721789889865453 0.02634916305541992 0.11218024359809028
0 0.66753751039505 0.33438297907511394 0.017217564582824706 0.07398162417941623
0 0.7235886573791503 0.5324184841579861 0.028312301635742186 0.1223478529188368
0 0.8429324984550476 0.80046935611301 0.048856711387634276 0.1538572947184245
0 0.5151283264160156 0.40133090549045136 0.024274826049804688 0.10081024169921875
0 0.26522488594055177 0.5007428487141927 0.026139450073242188 0.11997561984592015
0 0.2387239456176758 0.40782123141818577 0.027927446365356445 0.10395100911458334
0 0.045063522458076474 0.8141797383626302 0.0493621289730072 0.18985188802083333
0 0.6432911396026612 0.2847235467698839 0.014941644668579102 0.0656847423977322
0 0.6227380037307739 0.35102007124159074 0.02011427879333496 0.08286315070258246
0 0.7073639005422592 0.4486976835462782 0.021819478273391722 0.09263928731282552
0 0.9083201289176941 0.6697806888156467 0.04436094760894775 0.08149871826171876
0 0.8374881744384766 0.6765725453694661 0.0390289306640625 0.1303177727593316
0 0.6812388360500335 0.5052328745524088 0.02661752700805664 0.10907457139756944
0 0.29390392303466795 0.44382044474283855 0.023754215240478514 0.09992845323350695
0 0.09638209342956543 0.8674023098415798 0.048138904571533206 0.22035861545138888
1 0.5250413179397583 0.22342581219143337 0.029161453247070312 0.049820560879177515
0 0.3437281847000122 0.3657242351108127 0.018068790435791016 0.08017999860975478
1 0.5504474520683289 0.28168396419949004 0.034824061393737796 0.0741943359375
0 0.19492613077163695 0.4886479483710395 0.03306152820587158 0.0978873782687717
0 0.5887867927551269 0.37406590779622395 0.03242473602294922 0.08606143527560764
1 0.31685190200805663 0.5417121887207031 0.06258039474487305 0.14112209743923612
0 0.3935633093118668 0.26637694040934246 0.013987499475479125 0.06232948303222656
0 0.7027239322662353 0.2927571084764269 0.03489518165588379 0.05951413048638238
0 0.6065229900181294 0.29069384468926324 0.012953366339206695 0.06440965864393446
0 0.7116622984409332 0.38667993545532225 0.018888700008392333 0.08940520816379123
0 0.43409801721572877 0.19270369211832683 0.0104339599609375 0.04673550923665364
0 0.5752039790153504 0.2676021681891547 0.013358187675476075 0.05939278072781033
0 0.35651858896017075 0.3286034478081597 0.016426488757133484 0.07651256985134548
0 0.3076146960258484 0.3781924247741699 0.020248675346374513 0.08140557607014974
0 0.4526769816875458 0.17884120411343044 0.009965670108795167 0.0423102166917589
0 0.6036482419091044 0.37320556640625 0.007106927927816286 0.06574054294162326
0 0.33283290863037107 0.4216455247667101 0.021446990966796874 0.09843326144748264
0 0.3064531207084656 0.3104631529914008 0.017092013359069826 0.07485006120469835
0 0.5482508420944214 0.34704857932196725 0.01700763702392578 0.060127141740587024
0 0.44944419860839846 0.4978603786892361 0.046173477172851564 0.11341315375434027
0 0.27988117933273315 0.35356740951538085 0.0230271577835083 0.07400336795383029
0 0.6052926637232303 0.23897058698866103 0.010585327446460725 0.05097011990017361
1 0.5590556383132934 0.21368800269232857 0.02971510887145996 0.04820887247721354
3 0.33976128639187664 0.5278219276004368 0.03769023534841835 0.16284390555487738
0 0.5932349443435669 0.31897661421034074 0.017137479782104493 0.06621602376302084
0 0.6191632565110922 0.26608888838026257 0.014393360167741776 0.05506146748860677
0 0.5849139451980591 0.23262452019585503 0.015807628631591797 0.05225490993923611
0 0.36364983171224596 0.2257335450914171 0.013683870434761047 0.052384101019965275
0 0.4236703008413315 0.5284034940931532 0.02801252007484436 0.08902833726671007
0 0.8107192277908325 0.42002076043023 0.022691917419433594 0.0833269755045573
0 0.09528284370899201 0.9760492112901475 0.032486838102340695 0.047186279296875
0 0.3457872413098812 0.2013956069946289 0.014509715139865875 0.04582180447048611
3 0.45487184524536134 0.2933787769741482 0.06099216938018799 0.1429334216647678
0 0.5227550148963929 0.31067484193998907 0.016971659660339356 0.04319011422081126
0 0.594968843460083 0.2536168098449707 0.014322805404663085 0.05721246931287977
0 0.8632631301879883 0.43707343207465277 0.039359092712402344 0.08073510064019097
1 0.5090485453605652 0.18902196884155273 0.025234007835388185 0.049044227600097655
0 0.41943621039390566 0.19187091721428765 0.010736429691314697 0.04465841717190212
0 0.014331123232841492 0.3382440355088976 0.028662246465682984 0.07117021348741319
1 0.33994667530059813 0.2929800457424588 0.030525827407836915 0.0740055931939019
0 0.01062709242105484 0.4933625962999132 0.02085488736629486 0.08804117838541667
3 0.5507954835891724 0.30284885513699716 0.03516721725463867 0.026554241155584652
3 0.34217435121536255 0.27712872823079426 0.03592560291290283 0.0871557871500651
0 0.6212756536900997 0.306931569841173 0.010880614817142486 0.03608536190456814
0 0.5354515075683594 0.1762983587053087 0.010161447525024413 0.03971442116631402
0 0.3804169952869415 0.25515771441989477 0.014595568180084229 0.05590394337972005
