0 0.7660993814468384 0.6316871431138781 0.03250586986541748 0.12744356791178385
0 0.14964665174484254 0.5233903990851508 0.03567562103271484 0.11699801550971137
0 0.33424060344696044 0.7150729709201389 0.0422022819519043 0.16861521402994792
0 0.6885234862565994 0.45564585791693796 0.022186201810836793 0.10112359788682726
3 0.5690835595130921 0.27600824568006727 0.05716946125030518 0.12629631890190973
0 0.6509263038635253 0.8300701565212674 0.059144783020019534 0.18259752061631945
0 0.5099973678588867 0.6265517340766059 0.04032630920410156 0.14458465576171875
0 0.6509414792060852 0.5101206885443793 0.02556793689727783 0.10857348971896702
0 0.3836300730705261 0.6361831453111436 0.03273985385894775 0.12115669250488281
0 0.2587960004806519 0.4390023549397786 0.06130375862121582 0.09560674031575521
0 0.8045005977153779 0.527979130215115 0.02960559129714966 0.1018485599093967
0 0.9647893905639648 0.8304206000434028 0.06101799011230469 0.16458943684895833
0 0.8690074920654297 0.8150465223524306 0.050258445739746097 0.178399658203125
0 0.7008980631828308 0.3445820490519206 0.02091653347015381 0.07483668857150608
0 0.3811150938272476 0.3128599060906304 0.016303116083145143 0.07189087337917752
0 0.6151357293128967 0.28505738576253253 0.016001963615417482 0.06395670572916666
0 0.6674214243888855 0.3034891976250543 0.01802079677581787 0.0645096672905816
0 0.4134598165750504 0.26232842339409723 0.01549038290977478 0.0632786644829644
0 0.5979132652282715 0.9330843607584636 0.07161979675292969 0.13030310736762152
0 0.3014416217803955 0.37028961181640624 0.02208685874938965 0.09703174167209201
0 0.6146228909492493 0.3816775957743327 0.025456166267395018 0.089426146613227
0 0.7357336521148682 0.5200287289089627 0.03115215301513672 0.11857367621527778
0 0.5390470027923584 0.7974237230088975 0.05938854217529297 0.16127827962239583
1 0.2141662359237671 0.4013537936740451 0.1019622802734375 0.08919414944118924
0 0.5889420509338379 0.7836946275499131 0.04346027374267578 0.16897956000434028
0 0.4790482997894287 0.8227895100911459 0.06997766494750976 0.17739478217230903
1 0.471100902557373 0.5284744686550564 0.12617549896240235 0.13877012464735244
0 0.5138904392719269 0.30722016228569876 0.03819388151168823 0.06816236707899305
0 0.46914292573928834 0.2258503066168891 0.012938642501831054 0.05578865475124783
0 0.4692449510097504 0.4041550742255317 0.032346141338348386 0.09839329189724393
0 0.38680505752563477 0.24396260579427084 0.013839817047119141 0.05913153754340278
0 0.14255063533782958 0.8410520765516493 0.04523472785949707 0.19512566460503472
0 0.5680024147033691 0.6883990817599827 0.03818836212158203 0.1462161170111762
0 0.5021769762039184 0.88100037044949 0.032036972045898435 0.08631714714898003
0 0.08930380344390869 0.36193389892578126 0.05150220394134521 0.08236236572265625
0 0.37003793716430666 0.37643686930338544 0.019848060607910157 0.09575602213541666
0 0.326421320438385 0.3249344401889377 0.018236851692199706 0.07586481306287977
0 0.04215131402015686 0.5170087178548177 0.05758987665176392 0.10182664659288194
0 0.4156694233417511 0.22182048161824544 0.012446248531341552 0.05075766245524089
0 0.3486992359161377 0.3694953918457031 0.018982124328613282 0.09345474243164062
0 0.6536761045455932 0.3346460024515788 0.01861915588378906 0.07537530263264974
0 0.7278513967990875 0.38119660483466256 0.032164227962493894 0.08215253618028429
0 0.35091388672590257 0.2660868962605794 0.01601158082485199 0.05834435356987847
0 0.011115911602973937 0.8698276095920139 0.022125008702278137 0.14299248589409722
0 0.6055012941360474 0.21117151048448352 0.014670991897583007 0.05340249803331163
0 0.6281436689198017 0.321514892578125 0.017467300593852996 0.058890914916992186
0 0.7555752873420716 0.504338698916965 0.023399901390075684 0.08551964230007596
0 0.14192564487457277 0.6783923255072699 0.04537975788116455 0.06409640842013889
0 0.365704807639122 0.18711119227939182 0.01223265528678894 0.041721778445773655
0 0.7027751207351685 0.29350704616970485 0.03457727432250977 0.05741149054633247
0 0.6539245247840881 0.4421381685468886 0.026160645484924316 0.08533480962117514
0 0.5290434718132019 0.1601715087890625 0.009615015983581544 0.0376501719156901
0 0.6578637719154358 0.38702987829844154 0.02386481761932373 0.05920592943827311
0 0.8121543884277344 0.42206717597113713 0.028985595703125 0.08479495578342014
0 0.014138780534267426 0.3375734117296007 0.02827756106853485 0.07431892818874783
0 0.5655268907546998 0.1934943675994873 0.014588356018066406 0.04598745769924588
0 0.02589923217892647 0.22702306111653645 0.014937739074230193 0.03932647705078125
0 0.3397074230015278 0.2978183958265517 0.015166722238063812 0.056755786471896705
