1 0.6997679710388184 0.8162928263346354 0.21578655242919922 0.3519067128499349
2 0.7008737444877624 0.8119719823201498 0.2017474889755249 0.3414646996392144
0 0.716292217373848 0.363546625773112 0.038133162260055545 0.09607340494791666
0 0.28797789812088015 0.39529168870713977 0.033631396293640134 0.09597913953993055
1 0.5867049217224121 0.2894906573825412 0.051489639282226565 0.08982319302029079
1 0.4381092458963394 0.28779514100816517 0.05223531126976013 0.09891168806287977
0 0.3427295070141554 0.25643859439426 0.022256270796060563 0.05479092068142361
0 0.2586638927459717 0.4716893090142144 0.03664350509643555 0.13300094604492188
0 0.3433047720696777 0.4322771920098199 0.04358580531552434 0.11745686001247829
0 0.3579854004085064 0.34694912168714737 0.026315297186374664 0.07400811513264974
0 0.07597745060920716 0.3939649793836806 0.06104286909103394 0.08085191514756944
0 0.3269224445539294 0.31906981998019746 0.013053489621961489 0.06240505642361111
0 0.062268787622451784 0.7107230292426215 0.054730784893035886 0.17103101942274307
3 0.6550070643424988 0.8164849917093913 0.13061087131500243 0.3458882861667209
0 0.3649899810552597 0.28109801610310875 0.019329375028610228 0.06381846533881294
0 0.3096364140510559 0.28442825741238065 0.019527506828308106 0.06070955064561632
2 0.5879377841949462 0.31128884053064715 0.05130577087402344 0.04259664424591594
0 0.39983275532722473 0.19444648424784342 0.013611149787902833 0.0522379027472602
3 0.6071088030934334 0.309101680914561 0.01421760618686676 0.04042558405134413
3 0.43909311592578887 0.3143876234690348 0.04869419932365417 0.04793278376261393
0 0.5095463752746582 0.3055395762125651 0.02196331024169922 0.06516062418619792
0 0.6068368904292584 0.28795948028564455 0.013673780858516693 0.08906275431315104
0 0.3810074210166931 0.20838961071438258 0.014046025276184083 0.04935262468126085
0 0.8127403259277344 0.5954474555121527 0.06534309387207031 0.17892625596788195
0 0.31388589143753054 0.33293233315149945 0.01036384105682373 0.038847014639112686
3 0.5078664481639862 0.17340692943996852 0.04689232110977173 0.0836139890882704
1 0.6907971940934658 0.6771996392144097 0.13505421429872513 0.06782294379340278
