0 0.3711187720298767 0.3797772195604112 0.031537318229675294 0.09380588531494141
0 0.32241944074630735 0.367726993560791 0.036320042610168454 0.08831937577989367
0 0.6419282540678978 0.2566343201531304 0.031108739972114562 0.07714532216389974
0 0.042797970771789554 0.8778010050455729 0.07985150814056396 0.18417460123697918
0 0.8558825492858887 0.6043253580729167 0.07016773223876953 0.1735782199435764
1 0.04328651372343302 0.8782552083333334 0.08007377497851849 0.1899160597059462
0 0.06520805358886719 0.6850895351833768 0.06431334018707276 0.15532294379340278
1 0.06435569971799851 0.6591645770602756 0.06323551237583161 0.10374175177680121
0 0.07545815706253052 0.39515999688042536 0.05306751728057861 0.08728171454535591
0 0.7303564071655273 0.42666312323676214 0.04529008865356445 0.10903862847222222
0 0.3560049310326576 0.24392573038736978 0.01993304193019867 0.06266627841525607
3 0.323192822933197 0.36682077248891193 0.035964369773864746 0.08782045046488444
0 0.34136180877685546 0.3107198630770048 0.017161810398101808 0.03911240465111203
1 0.8546325922012329 0.604615592956543 0.07178735733032227 0.17610664367675782
1 0.5652361392974854 0.2353104061550564 0.050858592987060545 0.08129458957248265
0 0.32021427154541016 0.29105035993787975 0.026963520050048827 0.06429693433973524
0 0.38950850665569303 0.2360666592915853 0.019453412294387816 0.05975288814968533
1 0.7307518601417542 0.42252342965867784 0.04496912956237793 0.11389763090345595
0 0.43127533197402956 0.31586708393361834 0.01185622215270996 0.03709405461947123
0 0.38259140253067014 0.19633806546529134 0.011757874488830566 0.04446677101982965
0 0.32287928339210337 0.3060254414876302 0.004900746268685907 0.03427310519748264
0 0.028859344124794007 0.3966854625278049 0.048227626085281375 0.07851785024007162
1 0.3301645629107952 0.36674930784437393 0.019704125821590424 0.09325148264567057
3 0.7298966407775879 0.42242109245724146 0.045128822326660156 0.11464767985873753
0 0.40722259879112244 0.14183820088704427 0.011526870727539062 0.03751042683919271
