0 0.20528618693351747 0.4771877712673611 0.04559060335159302 0.10672242906358508
0 0.14392168521881105 0.7135483635796441 0.07818260192871093 0.18228658040364584
0 0.33054802417755125 0.2571935971577962 0.031351327896118164 0.060857031080457896
0 0.05813617706298828 0.6726772732204861 0.07265076637268067 0.16324734157986112
0 0.6182071713730692 0.28061967425876194 0.024689054861664773 0.07595547570122613
1 0.14760299921035766 0.6675771077473959 0.07591843605041504 0.08706800672743055
1 0.05858725532889366 0.6502972496880426 0.06924970895051956 0.12133806016710069
0 0.5312631607055665 0.28593407736884224 0.020549249649047852 0.06984539031982422
0 0.0732034534215927 0.39335930082533094 0.04866682887077332 0.09444349077012804
0 0.3769709557294846 0.29727303187052406 0.02554648518562317 0.07302799224853515
0 0.3605207443237305 0.24540706210666233 0.020893192291259764 0.06805877685546875
0 0.028428356163203716 0.39477034674750433 0.04465437270700932 0.07676527235243055
3 0.14311643838882446 0.7142917315165201 0.07710776329040528 0.18625731998019748
0 0.38872385025024414 0.22684701283772787 0.01597738265991211 0.057046763102213544
0 0.6500765576958656 0.48963898022969565 0.014246436953544616 0.04759081734551324
0 0.29435387849807737 0.7318599489000108 0.014103007316589356 0.050407621595594615
0 0.3012725591659546 0.581105465359158 0.04271817207336426 0.16781989203559028
0 0.06676408052444457 0.5686852349175348 0.051685798168182376 0.06623077392578125
0 0.39491522014141084 0.19325441784328884 0.01305566430091858 0.03619297875298394
