0 0.7336913526058197 0.37037884394327797 0.03085395097732544 0.0879518085055881
0 0.3838374376296997 0.2458950678507487 0.027301502227783204 0.08148218790690104
0 0.33815994262695315 0.25800580978393556 0.0185089111328125 0.060647307501898874
0 0.621375036239624 0.3038100560506185 0.022930061817169188 0.07868542141384549
1 0.53063263297081 0.22394057379828558 0.037214815616607666 0.06560927497016059
0 0.5379741668701172 0.22907918294270832 0.021667861938476564 0.061422305636935765
0 0.6004533290863037 0.258751466539171 0.02406282424926758 0.06591576470269098
0 0.5964439153671265 0.1767225318484836 0.013913154602050781 0.04352882173326281
0 0.6255687080323696 0.26672947141859266 0.012240387499332428 0.04646633995903863
0 0.030584154278039934 0.38009332021077474 0.03571719974279404 0.048840628729926214
0 0.07561996579170227 0.3956117418077257 0.05807949304580688 0.07043567233615451
0 0.6654892921447754 0.2800224939982096 0.026912879943847657 0.06628913879394531
0 0.6383031845092774 0.21679034762912328 0.016147041320800783 0.04395311143663194
0 0.7065729081630707 0.311140904823939 0.014117801189422607 0.0232411609755622
0 0.5058992445468903 0.3139332416363888 0.013545453548431396 0.049157054680916995
