0 0.19114803075790404 0.730975850423177 0.07396328449249268 0.17146487765842014
0 0.06382763981819153 0.7179895189073351 0.06952904462814331 0.16684824625651043
0 0.2775866031646729 0.4303769853379991 0.04112739562988281 0.12376836140950521
0 0.7863516628742218 0.5780516518486871 0.036510694026947024 0.13120545281304252
0 0.08390725255012513 0.40402552286783855 0.07172607183456421 0.08242543538411458
0 0.34348312895745037 0.3545064926147461 0.03706951178610325 0.08181029425726996
0 0.3422789454460144 0.4618466271294488 0.03545134067535401 0.13667839898003473
0 0.693738865852356 0.3401084476047092 0.025512218475341797 0.08132392035590277
0 0.08946956992149353 0.5924221462673611 0.05670841932296753 0.10210723876953125
0 0.37611987590789797 0.3382923126220703 0.027098703384399413 0.0893673366970486
1 0.18722279071807862 0.6759099112616644 0.0721780776977539 0.06958605448404948
0 0.36899503916501997 0.23625781801011828 0.01725248396396637 0.046885236104329424
0 0.33163056881166997 0.26299842198689777 0.02141522942110896 0.05911981794569227
1 0.06580517143011093 0.6726861953735351 0.06849272549152374 0.07684983147515191
3 0.27832558155059817 0.43038127687242295 0.041049766540527347 0.12127789391411675
0 0.316289484500885 0.3072517818874783 0.01760108470916748 0.07069324917263455
3 0.06327271014451981 0.7190677960713704 0.07015824019908905 0.17048189375135633
3 0.19400836825370787 0.7271396319071451 0.07316833734512329 0.1795305675930447
0 0.35511642694473267 0.2708827442593045 0.018008875846862792 0.04857196807861328
0 0.5066537499427796 0.3114689999156528 0.015602731704711914 0.04328860441843669
0 0.6116852045059205 0.22301223542955187 0.01662311553955078 0.04692664676242404
0 0.31620800495147705 0.5883483462863498 0.03782410621643066 0.12879070705837672
0 0.030558748170733452 0.3978001594543457 0.03826269283890724 0.08482774098714192
0 0.3865731477737427 0.19875561926099988 0.012931585311889648 0.04289089838663737
0 0.6036718814837514 0.15020725462171766 0.007174722995841876 0.035167227851019965
