0 0.7578981757164002 0.4967152277628581 0.038918685913085935 0.11170963711208767
0 0.0534290075302124 0.7211890326605903 0.06766154766082763 0.19986385769314235
0 0.14138235449790953 0.5600849151611328 0.05355101823806763 0.15600026448567708
0 0.8852883338928222 0.7340381198459202 0.06453800201416016 0.17033153110080296
0 0.5940448760986328 0.4747062259250217 0.03480563163757324 0.11303753323025173
0 0.3439881619066 0.3002499368455675 0.0242083378136158 0.06333747439914279
0 0.32292598485946655 0.4858208550347222 0.03317863941192627 0.12774251302083334
0 0.37907588481903076 0.31376410590277776 0.023698186874389647 0.08516481187608507
3 0.39315968155860903 0.5092523415883382 0.10363627672195434 0.1999832895067003
1 0.3955739736557007 0.5088045332166884 0.10004124641418458 0.20001619127061632
0 0.23969074487686157 0.6397816446092394 0.05462930202484131 0.14245887332492405
0 0.23079390525817872 0.4463762919108073 0.042760181427001956 0.10667368570963541
0 0.6288764238357544 0.3231446027755737 0.022427892684936522 0.06548073556688097
0 0.5126858294010163 0.26532602310180664 0.03220866918563843 0.07714176177978516
0 0.3228608012199402 0.29132785797119143 0.023454880714416503 0.07241164313422309
3 0.05243198871612549 0.7196568912929959 0.06963963508605957 0.1998645994398329
1 0.8828913927078247 0.6786733839246962 0.0652501106262207 0.06230875651041667
0 0.6388273909687996 0.27408009635077585 0.015361478924751282 0.05251865386962891
0 0.03042924702167511 0.39630906846788194 0.03470451831817627 0.07958382500542535
0 0.3857805013656616 0.18837290869818793 0.01248016357421875 0.04220971001519097
0 0.6036022667598445 0.15024124251471627 0.006900252995546907 0.035079309675428605
0 0.660246753692627 0.23280016581217447 0.016861915588378906 0.05516361660427517
0 0.0767726719379425 0.4059342278374566 0.059138786792755124 0.049324883355034724
1 0.05235669687390328 0.6650697284274631 0.06754580587148666 0.09098387824164497
0 0.370685350894928 0.24672775268554686 0.016380906105041504 0.050457594129774304
0 0.34055731296539304 0.23885871039496528 0.016855573654174803 0.054465993245442705
3 0.23081676959991454 0.446372471915351 0.04310431480407715 0.10591601265801323
0 0.192794132232666 0.4454737345377604 0.036972665786743165 0.0934566921657986
