0 0.6856910347938537 0.6487687852647569 0.039454102516174316 0.12468465169270833
0 0.07363195419311523 0.39587766859266493 0.053148841857910155 0.07247492472330729
0 0.7986926078796387 0.5443692525227865 0.03821544647216797 0.12468193901909722
0 0.40592007637023925 0.8614164564344619 0.06297988891601562 0.18777533637152777
0 0.6524210333824157 0.4772679858737522 0.04980766773223877 0.1040318383110894
0 0.2923564434051514 0.7639778984917535 0.06553525924682617 0.15362650553385418
0 0.8950307846069336 0.8252499050564236 0.056058502197265624 0.17493964301215278
0 0.3068592190742493 0.40522325303819445 0.02371261119842529 0.08762910630967882
0 0.1507474660873413 0.5833706325954862 0.04201273918151856 0.12833463880750867
0 0.763545137643814 0.7570171780056424 0.047883260250091556 0.15879779391818577
1 0.5149094939231873 0.17818479008144802 0.02500598430633545 0.04681353039211697
0 0.20823497772216798 0.5701707204182943 0.04172583818435669 0.13262710571289063
0 0.7029475450515748 0.2944600529140896 0.034258031845092775 0.05647080739339193
0 0.3549039676785469 0.39847412109375 0.022661575675010683 0.09958453708224826
0 0.3003087997436523 0.6300607045491536 0.05104141235351563 0.1352307637532552
0 0.6700591653585434 0.2990326987372504 0.017312318086624146 0.06944537692599827
0 0.7567608058452606 0.6513011508517795 0.041710054874420165 0.10765355428059896
0 0.9771818161010742 0.9238756815592448 0.04563636779785156 0.14950781928168402
0 0.28128466606140134 0.3920190175374349 0.021547794342041016 0.09941618177625867
0 0.546466875076294 0.1534071021609836 0.008476066589355468 0.0357396125793457
0 0.7444401741027832 0.5743002149793837 0.03510265350341797 0.12776879204644098
0 0.43471874594688414 0.34337715572781036 0.019822776317596436 0.07308243645562065
1 0.46483697891235354 0.2896557278103299 0.03776874542236328 0.07861268785264756
0 0.8602925300598144 0.9573412577311198 0.06168422698974609 0.08131001790364584
0 0.327255367487669 0.3231514506869846 0.013885734975337983 0.07429061465793185
0 0.3953627675771713 0.3388737678527832 0.025613993406295776 0.08479137420654297
3 0.08828562498092651 0.9159019470214844 0.1763052225112915 0.16819610595703124
0 0.7147836685180664 0.3439666854010688 0.011057662963867187 0.06594049665662978
0 0.8140148162841797 0.44083807203504777 0.03217296600341797 0.08827845255533855
0 0.36079810559749603 0.3060829692416721 0.0224345862865448 0.06414674123128256
0 0.42317705154418944 0.31792857067452535 0.013548660278320312 0.05421023468176524
0 0.34083813056349754 0.2886124716864692 0.01504986435174942 0.058279164632161456
0 0.2937548518180847 0.3397085401746962 0.018191981315612792 0.07463489108615451
0 0.3097903490066528 0.34417238235473635 0.018325662612915038 0.0648072772555881
0 0.8728155612945556 0.44662628173828123 0.022186279296875 0.061790847778320314
0 0.013988116383552551 0.3381873236762153 0.027976232767105102 0.07211505042182074
0 0.9877943515777587 0.8198475307888455 0.02441129684448242 0.13831380208333333
1 0.4017390936613083 0.27020066579182944 0.03672471642494202 0.06943800184461806
0 0.6494130045175552 0.2500475247701009 0.014289361238479615 0.05729524824354384
0 0.3450470522046089 0.3451467129919264 0.01907245218753815 0.06772769557105171
3 0.4628574013710022 0.19992424647013346 0.03895843029022217 0.10993014441596137
0 0.11866378784179688 0.36406173176235623 0.033307647705078124 0.0577868037753635
2 0.4646594047546387 0.3064977354473538 0.03891913890838623 0.03345506985982259
0 0.7449917495250702 0.5069716771443685 0.031153166294097902 0.06851488749186198
