1 0.5548826277256012 0.6216790093315973 0.11803582906723023 0.1743332756890191
2 0.35576202869415285 0.28495670954386393 0.08260903358459473 0.17407919565836588
1 0.291813588142395 0.5628556145562066 0.10446572303771973 0.21801113552517362
0 0.7062752962112426 0.4078700807359483 0.023113942146301268 0.08452652825249565
0 0.6518080234527588 0.6620585865444607 0.040138626098632814 0.14832384321424696
0 0.22307491302490234 0.550928243001302 0.03310661315917969 0.13832931518554686
0 0.8439292907714844 0.7524726655748155 0.050863027572631836 0.1535252465142144
0 0.823422908782959 0.5210868835449218 0.06619453430175781 0.10196363661024306
0 0.18303232192993163 0.3796566857231988 0.05063762664794922 0.08248672485351563
0 0.06701099276542663 0.4092550065782335 0.06209608316421509 0.09207873874240452
0 0.6032360076904297 0.8024512396918403 0.044599723815917966 0.15827738444010417
3 0.40363163948059083 0.6051065656873915 0.07458410263061524 0.24044164021809897
0 0.1334153175354004 0.7222262064615885 0.03764643669128418 0.17631818983289932
0 0.06944288313388824 0.6716794967651367 0.040025919675827026 0.07775077819824219
0 0.6219572812318802 0.33189143074883354 0.018430095911026 0.07069547441270617
0 0.6156206893967464 0.4174126519097222 0.030692090978845954 0.08670883178710938
3 0.4554780960083008 0.3505316840277778 0.057842445373535153 0.1623742209540473
0 0.5512927055358887 0.9050721910264757 0.057352447509765626 0.17703891330295138
0 0.4075459122657776 0.3512587547302246 0.020422852039337157 0.09069860246446397
0 0.7027951836585998 0.34458466635810003 0.019238734245300294 0.0681171629163954
0 0.16959092617034913 0.8653308444552952 0.04674091339111328 0.1900634765625
0 0.644235897064209 0.3638650682237413 0.022991752624511717 0.09242468939887152
1 0.42732746005058286 0.23179461161295573 0.031249082088470458 0.05874756707085504
0 0.5362052202224732 0.2445397694905599 0.01261887550354004 0.05736965603298611
0 0.5911546349525452 0.31814345253838433 0.018095183372497558 0.07733614179823134
0 0.6840728759765625 0.8804714626736111 0.06025533676147461 0.18522847493489583
0 0.6250761985778809 0.9102255079481337 0.05884113311767578 0.17091929117838542
0 0.2725071907043457 0.4499017079671224 0.023115921020507812 0.09881829155815972
0 0.4441650390625 0.4849853515625 0.02469158172607422 0.12260386149088541
0 0.2926416039466858 0.4038688235812717 0.02301499843597412 0.09594616360134549
0 0.6107885936275125 0.2606276724073622 0.016072295233607294 0.06069922977023655
0 0.5521756887435914 0.739134258694119 0.033094596862792966 0.09822591145833333
3 0.5274628877639771 0.20804874632093642 0.02404160499572754 0.06333226097954645
0 0.9225826263427734 0.5603530883789063 0.05485992431640625 0.10203882853190104
0 0.31020685434341433 0.31667985227993795 0.017008519172668456 0.05519013191676802
0 0.5897845268249512 0.7112007988823785 0.04283828735351562 0.13179456922743055
0 0.09112310409545898 0.365236324734158 0.04545638561248779 0.07469846937391493
0 0.18782104253768922 0.9755549536810981 0.027711939811706544 0.048836771647135416
0 0.7027652144432068 0.29330485661824546 0.03509457111358642 0.05873283810085721
0 0.013083407282829284 0.33784412807888453 0.02616681456565857 0.07363577948676216
0 0.5648148059844971 0.2661892573038737 0.01591935157775879 0.06181746588812934
1 0.5096636474132538 0.17116237216525607 0.021670162677764893 0.042982864379882815
0 0.5589424133300781 0.32984565099080404 0.02263045310974121 0.08135390811496311
0 0.541164231300354 0.32657609515719943 0.020866870880126953 0.08457567426893446
3 0.3333973929286003 0.5509130795796712 0.026169785857200624 0.22875330183241102
0 0.273175048828125 0.31140193914373715 0.017031145095825196 0.04356262998448478
0 0.5774038076400757 0.9760484483506945 0.03807353973388672 0.04790310329861111
0 0.5508347392082215 0.22194964090983074 0.013234162330627441 0.05142775641547309
1 0.3812994360923767 0.622035969628228 0.037401127815246585 0.19435935550265843
0 0.6745703935623169 0.2680307812160916 0.024411773681640624 0.05021887885199653
0 0.6396645933389664 0.2804461373223199 0.018185698986053468 0.057252120971679685
0 0.8112485885620118 0.4197472466362847 0.03134951591491699 0.08568589952256944
0 0.026091214269399643 0.22716634538438585 0.015429450571537018 0.04103224012586806
3 0.3607442855834961 0.2881724039713542 0.07927083969116211 0.1663107130262587
