3 0.11129358299076557 0.8045663833618164 0.20376094803214073 0.3908672332763672
0 0.4409941673278809 0.554265848795573 0.07488870620727539 0.11705847846137153
0 0.48078619241714476 0.48516981336805554 0.04206347465515137 0.10414699978298611
0 0.7210772514343262 0.5632109747992622 0.06659812927246093 0.11626383463541666
0 0.30930945873260496 0.6213003370496962 0.08215551376342774 0.12896881103515626
0 0.817806625366211 0.5808283487955729 0.06139163970947266 0.11793721516927083
0 0.6129393100738525 0.2837890519036187 0.01535048484802246 0.06750532786051432
0 0.4043338418006897 0.3700987497965495 0.03778772354125977 0.07650689019097222
0 0.5601430892944336 0.40946138170030383 0.050123405456542966 0.08822199503580729
0 0.08537803888320923 0.3633970154656304 0.046230745315551755 0.07490978240966797
0 0.5866020441055297 0.35913266075981987 0.022505474090576173 0.08009190029568142
0 0.6661842465400696 0.5000938150617812 0.04950745105743408 0.10048180686102973
0 0.8682075500488281 0.5627314673529731 0.05538864135742187 0.10587514241536458
0 0.8050990104675293 0.4505253685845269 0.06404895782470703 0.09492908053927951
2 0.10984176397323608 0.7832605150010851 0.21934111118316652 0.4146831936306424
3 0.45278926491737365 0.24919782214694552 0.04270063638687134 0.11890744103325737
0 0.5965910792350769 0.23566900889078776 0.013046479225158692 0.05780910915798611
0 0.5648868203163147 0.27322310341729056 0.01373436450958252 0.062338532341851126
0 0.5514131188392639 0.29793104595608183 0.015495944023132324 0.0730592303805881
0 0.13492783308029174 0.6032524956597223 0.07307512760162353 0.11833055284288195
1 0.24394097328186035 0.4382746378580729 0.1326663851737976 0.10722757975260416
1 0.211350679397583 0.5467940436469184 0.14468175172805786 0.11829291449652778
0 0.973238754272461 0.7168359544542101 0.052794265747070315 0.1425442165798611
0 0.5458807229995728 0.22292585372924806 0.012709712982177735 0.054928525288899736
0 0.5792935490608215 0.2510846455891927 0.012385106086730957 0.06116286383734809
0 0.5617559909820556 0.6130169762505425 0.0759608268737793 0.12320081922743055
0 0.46459484100341797 0.3726795620388455 0.04133625030517578 0.08006634182400174
1 0.4592125654220581 0.15682237943013508 0.02004375457763672 0.03664318720499674
0 0.5230480551719665 0.3173066880967882 0.021359705924987794 0.07946192423502604
0 0.34002697467803955 0.5511423746744791 0.07081022262573242 0.11416456434461805
0 0.7028775453567505 0.2909772449069553 0.03451995849609375 0.06082450018988715
0 0.49095810055732725 0.3119008011288113 0.02293914556503296 0.046023824479844835
0 0.37427197992801664 0.20813382466634114 0.012563163042068481 0.048701180352105036
0 0.8637823581695556 0.43142144944932725 0.03905186653137207 0.07836252848307292
0 0.9116886377334594 0.5531168301900228 0.025875282287597657 0.07334846920437282
0 0.9459327697753906 0.5534045537312825 0.01995253562927246 0.072076416015625
0 0.5376200437545776 0.5677220026652018 0.030916595458984376 0.09050721062554254
0 0.2687089204788208 0.6084771898057726 0.03856158256530762 0.08489066229926215
0 0.43883190155029295 0.40661705864800346 0.039108657836914064 0.07953109741210937
0 0.4121858596801758 0.2725873841179742 0.014472615718841553 0.06554347144232855
0 0.2523802757263184 0.3617304484049479 0.03791337013244629 0.07147284613715278
0 0.7121528953313827 0.49585408634609646 0.025814133882522582 0.060381476084391275
0 0.5187637388706208 0.6023800532023112 0.036424720287323 0.07900513543023004
0 0.4005285859107971 0.296616088019477 0.015163135528564454 0.059239705403645836
0 0.4346336781978607 0.15670932663811576 0.00875781774520874 0.034880479176839195
0 0.9309950351715088 0.5173166380988227 0.01839003562927246 0.07085391150580513
0 0.35874146670103074 0.2948194821675619 0.018544545769691466 0.06535074445936415
0 0.41768854260444643 0.19975433349609376 0.011172330379486084 0.04372851053873698
0 0.3419325891882181 0.29950752258300783 0.019524937123060228 0.05672565036349826
0 0.6908846855163574 0.5451196246676975 0.025987887382507326 0.09566637674967447
1 0.45152097940444946 0.30169400798363816 0.038665390014648436 0.024769122857186528
0 0.3298011659178883 0.28855872684054906 0.016304704826325178 0.06450322469075521
0 0.6740154981613159 0.2679013146294488 0.024324798583984376 0.050589794582790795
0 0.3784968048334122 0.2977408938937717 0.019162911176681518 0.06338810390896267
0 0.014423620700836182 0.33712683783637154 0.028847241401672365 0.07408337063259549
0 0.9906665802001953 0.9408751593695747 0.01761207580566406 0.1182496812608507
0 0.3900440990924835 0.25225583182440864 0.014457440376281739 0.04556106991238064
1 0.528488302230835 0.1490332391526964 0.018419313430786132 0.033784442477756076
0 0.2732272148132324 0.3115657605075588 0.017290925979614256 0.045181929268356825
0 0.9150971293449401 0.4876208570268419 0.029794144630432128 0.06404025819566515
0 0.02594635933637619 0.22633625666300455 0.015493366122245788 0.040715599060058595
0 0.895439875125885 0.5304515308803982 0.022937989234924315 0.05749492645263672
0 0.8084493100643158 0.40500055948893227 0.02132970094680786 0.07028766208224826
