0 0.30721129179000856 0.3678266737196181 0.029795193672180177 0.09967948065863716
0 0.6236142851412296 0.2636834250556098 0.01976318806409836 0.06512264675564236
0 0.5925168752670288 0.2448498937818739 0.018386077880859376 0.05977687835693359
0 0.220894193649292 0.41172315809461807 0.030403995513916017 0.10926276312934027
0 0.6900764465332031 0.26585506863064234 0.022368621826171876 0.07267481486002604
0 0.07644219398498535 0.39566972520616317 0.059628629684448244 0.07321946885850694
0 0.6159381985664367 0.2125316407945421 0.022043681144714354 0.04458897908528646
0 0.5956940531730652 0.17067286703321669 0.014830565452575684 0.0442941771613227
0 0.0332842193543911 0.38184394836425783 0.03762654811143875 0.053415934244791664
0 0.6898281097412109 0.29901910821596783 0.015133142471313477 0.02026043865415785
