0 0.8543502807617187 0.7011284722222222 0.07740859985351563 0.19233194986979166
1 0.4008176147937775 0.5043463601006402 0.10631433725357056 0.20470441182454427
0 0.17575260996818542 0.532651752895779 0.0561259388923645 0.13349681430392796
0 0.24455654621124268 0.4751534356011285 0.04927535057067871 0.11141577826605903
1 0.5917171478271485 0.4245782640245226 0.07938346862792969 0.11866302490234375
0 0.3549187943339348 0.35329465866088866 0.03277151882648468 0.08483041127522786
0 0.04932959973812103 0.7538709852430555 0.07160970568656921 0.17030775282118055
2 0.5744460105895997 0.2689866383870443 0.08530521392822266 0.16647143893771701
1 0.8526434063911438 0.6995741844177246 0.0756221055984497 0.19137736426459417
0 0.07392054796218872 0.3911195543077257 0.052639126777648926 0.09158121744791667
0 0.27762589454650877 0.38882810804578993 0.028582954406738283 0.09537845187717015
0 0.3772053599357605 0.31111955642700195 0.023977065086364747 0.06519722408718533
3 0.37429330348968504 0.5144361231062148 0.05008392333984375 0.197516049279107
1 0.43365511298179626 0.32253363927205403 0.07616244554519654 0.13792044321695965
0 0.7269853830337525 0.4172382354736328 0.037085747718811034 0.10000661214192709
0 0.36255272626876833 0.25558234320746526 0.023297572135925294 0.05706058078342014
3 0.48157292008399966 0.31815409821768603 0.02408698797225952 0.055868929707341725
1 0.04698891155421734 0.689490720960829 0.07222004905343056 0.04245741102430556
2 0.5911230564117431 0.42415134641859265 0.07525734901428223 0.11238909827338325
0 0.029990759491920472 0.39647244347466365 0.040639573335647584 0.08010130988226996
0 0.3234775304794312 0.35344034830729165 0.03404116630554199 0.1025022718641493
1 0.243890118598938 0.4760566234588623 0.04949078559875488 0.11073406007554797
0 0.44802343249320986 0.40902267032199435 0.01778815984725952 0.0503798590766059
0 0.39290374517440796 0.206230534447564 0.012786793708801269 0.04076158735487196
0 0.35338788032531737 0.22301834954155816 0.01517934799194336 0.05605375501844618
0 0.6151624044752679 0.42792271508110896 0.029601981048472226 0.11562182108561198
0 0.4589240252971649 0.22145234213935006 0.016466176509857176 0.04688612620035807
0 0.6213314056396484 0.22656591203477647 0.016295814514160158 0.05519222683376736
3 0.4358005255460739 0.3415174653753638 0.07573307156562806 0.10443582323690255
