0 0.33677064180374144 0.37192841635810003 0.027813410758972167 0.0773164325290256
0 0.24488263130187987 0.4961915757921007 0.04171171188354492 0.13426937527126737
0 0.7260030329227447 0.41888904571533203 0.03868719339370728 0.10812390645345052
0 0.35258204489946365 0.30147795147365997 0.017699995636940004 0.07055445777045356
0 0.31291176080703736 0.4457747353447808 0.030155396461486815 0.10746879577636718
0 0.32469600439071655 0.28866234885321723 0.023124003410339357 0.06785839928521051
0 0.37677126973867414 0.2690518485175239 0.021798458695411683 0.06326361762152778
0 0.33756537437438966 0.6493803024291992 0.052051877975463866 0.12176458570692274
0 0.13200159072875978 0.5948420206705729 0.045274090766906736 0.1536890665690104
0 0.07683322429656983 0.3935153537326389 0.0595360517501831 0.06743130154079861
0 0.025236549135297538 0.6381958643595378 0.04627660680562258 0.11811171637641059
0 0.03114892542362213 0.4036727481418186 0.04174678921699524 0.09445834689670139
3 0.5188007414340973 0.11721821361117893 0.026448523998260497 0.054434087541368276
0 0.3447039484977722 0.43627567291259767 0.014879155158996581 0.051333109537760414
0 0.37198219299316404 0.4315319273206923 0.02182450294494629 0.06621191236707899
0 0.3286589480936527 0.5665236790974935 0.01669289618730545 0.062089029947916666
