1 0.550783097743988 0.3581763373480903 0.056371426582336424 0.0956708272298177
3 0.6586875915527344 0.4406064881218804 0.12324981689453125 0.30343519846598305
2 0.6960796559229493 0.4488095071580675 0.1841370414942503 0.3198412365383572
3 0.4349919527769089 0.26342185338338214 0.04734218716621399 0.09648732079399956
0 0.8975311279296875 0.5988786909315321 0.06695423126220704 0.167765384250217
0 0.080290025472641 0.39501293765174017 0.04252737760543823 0.07919810083177355
0 0.5949258804321289 0.37166239420572916 0.027312755584716797 0.09552730984157987
2 0.5515395760536194 0.3591629637612237 0.05799272060394287 0.09477503564622668
1 0.4343257904052734 0.2626934263441298 0.04933986663818359 0.09805679321289062
0 0.6054229617118836 0.1781765831841363 0.013176846504211425 0.03993788825141059
0 0.4347247123718262 0.26459630330403644 0.04839258193969727 0.09655821058485244
0 0.03375468850135803 0.43369098239474824 0.06317795515060425 0.09673004150390625
