1 0.5550368964672089 0.6228843265109592 0.1141320824623108 0.1699156019422743
2 0.4388430804014206 0.42114010055859885 0.08328552842140198 0.2415349284807841
1 0.28753278255462644 0.7277023315429687 0.11115813255310059 0.24274800618489584
3 0.43823609352111814 0.4220491197374132 0.08004388809204102 0.23895685407850478
0 0.6802606582641602 0.5496944003634983 0.02968177795410156 0.13671976725260418
0 0.7386201679706573 0.5379867553710938 0.027449190616607666 0.09949251810709635
0 0.3351540446281433 0.43022732204861114 0.022646498680114747 0.09694459703233507
0 0.7980035483837128 0.51117066277398 0.027830135822296143 0.09779595269097222
0 0.8527003526687622 0.64391114976671 0.04476852416992187 0.12503526475694443
0 0.1068114161491394 0.9155300564236111 0.05519556999206543 0.16508890787760416
0 0.67901611328125 0.8842870076497396 0.06795005798339844 0.1901885986328125
0 0.8513532638549804 0.75833740234375 0.05067520141601563 0.16472337510850693
3 0.567754590511322 0.3228605800204807 0.04427216053009033 0.10936239030626085
0 0.6039483070373535 0.8051191541883681 0.045103931427001955 0.16179606119791667
0 0.6034902215003968 0.5061515808105469 0.04461767673492432 0.1021926032172309
0 0.9035659790039062 0.9039677090115017 0.0725860595703125 0.17753160264756945
1 0.5371812522411347 0.24987942377726238 0.033936703205108644 0.0623308605617947
0 0.7265026688575744 0.44308516184488933 0.02576146125793457 0.08879848056369358
0 0.6025181174278259 0.2702827665540907 0.014421534538269044 0.06483031378851997
0 0.5149374008178711 0.37105848524305557 0.02267589569091797 0.09314422607421875
0 0.6702047914266587 0.44790560404459634 0.026029318571090698 0.08573472764756944
0 0.5914147973060608 0.38690436681111656 0.018996214866638182 0.08158380720350478
0 0.6181253861635924 0.3663688235812717 0.018704155832529067 0.07685792711046006
1 0.3875632300972939 0.282009760538737 0.0462174266576767 0.08800909254286024
0 0.06009875535964966 0.8188649495442708 0.046887776255607604 0.1979885525173611
0 0.7719275474548339 0.5339718288845486 0.028942298889160157 0.11825942993164062
0 0.34985103607177737 0.3507316165500217 0.020351982116699217 0.08729561699761285
0 0.5563811779022216 0.9141500684950087 0.058114147186279295 0.16188880072699652
0 0.1516507625579834 0.7785093519422743 0.045718932151794435 0.20941632588704426
0 0.36048392951488495 0.25871674219767254 0.012811994552612305 0.05672681596544054
0 0.6040900826454163 0.4296383062998454 0.02090446949005127 0.0731159316168891
0 0.6253725528717041 0.9134776645236545 0.05776557922363281 0.1622807820638021
0 0.7026712417602539 0.29138146506415474 0.03512558937072754 0.059820365905761716
0 0.6298236846923828 0.4135789235432943 0.021286964416503906 0.09998855590820313
0 0.7091768741607666 0.3585181660122342 0.02101287841796875 0.07710904015435113
0 0.8622612357139587 0.4312248653835721 0.04158294200897217 0.08079562717013888
0 0.5827740430831909 0.2233253690931532 0.01229400634765625 0.055517790052625866
0 0.6917128413915634 0.38856982125176326 0.026398664712905882 0.08024171193440756
2 0.4035481482744217 0.19877370728386773 0.04961301684379578 0.10011481179131401
0 0.6455214619636536 0.3241243574354384 0.019013094902038574 0.07862209743923611
0 0.5653815507888794 0.23349821302625867 0.011975479125976563 0.053782611423068574
3 0.4502290666103363 0.2221335728963216 0.039648020267486574 0.07651918199327257
0 0.3269023953376745 0.3158686531914605 0.013142773807339836 0.07208904690212674
0 0.7276853382587433 0.385092658466763 0.02173565626144409 0.06992781427171495
0 0.5489454746246338 0.742555914984809 0.04474172592163086 0.13956464131673177
0 0.8142893552780152 0.43605931599934894 0.026165771484375 0.07571495903862847
0 0.3321286737918854 0.6610078387790256 0.023632347583770752 0.100206544664171
0 0.3143821835517883 0.30975376764933266 0.017856526374816894 0.07539102766248915
0 0.5885680198669434 0.71759033203125 0.044251632690429685 0.13957756890190973
0 0.5794670939445495 0.9815303590562608 0.03555366992950439 0.03675185309516059
2 0.2870741248130798 0.7288646486070421 0.11309006214141845 0.25069974263509115
0 0.6667376399040222 0.3914096514383952 0.021707320213317872 0.080765257941352
0 0.08234468102455139 0.3667357974582248 0.04409092664718628 0.0828259785970052
0 0.6696615517139435 0.3415236473083496 0.016359174251556398 0.06755195193820529
0 0.7401416420936584 0.3322094175550673 0.019652557373046876 0.0744437747531467
0 0.6082915822044015 0.2131116231282552 0.013311193510890006 0.052649307250976565
0 0.014362823963165284 0.33868170844184026 0.028725647926330568 0.07269499037000868
1 0.4460449039936066 0.16758962207370334 0.019790685176849364 0.03786101871066623
0 0.1552272319793701 0.6848664813571506 0.04941060543060303 0.05248925950792101
0 0.34309459924697877 0.29793586730957033 0.019395661354064942 0.06737047831217448
0 0.6128214292228222 0.3159899605645074 0.023733316361904143 0.06761453416612413
0 0.718747341632843 0.3996230416827732 0.003076481819152832 0.06025946405198839
3 0.49756553769111633 0.9652235243055556 0.03346718549728393 0.06799070570203992
0 0.6063808876264375 0.6492075602213542 0.012558397057000547 0.10678007337782118
0 0.5124934017658234 0.3138878960162401 0.01782592535018921 0.04906867767373721
0 0.47907490134239195 0.30199351840549044 0.015195119380950927 0.07107916937934028
0 0.36516459435224535 0.22206380632188585 0.013283100724220277 0.043532647026909725
3 0.4033310890197754 0.206236203511556 0.046588134765625 0.10881996154785156
0 0.6370474219322204 0.22508188883463542 0.01475226879119873 0.05161302354600694
0 0.4063297301530838 0.3275996208190918 0.018425768613815306 0.07275172339545356
