0 0.36211380511522295 0.34022544225056967 0.036283692717552184 0.08986356523301867
0 0.7458555221557617 0.5058246188693576 0.04944171905517578 0.12608506944444445
0 0.8557485580444336 0.603313234117296 0.06597366333007812 0.15154817369249132
0 0.07314274907112121 0.3937476370069716 0.046683216094970705 0.0893816418117947
0 0.38806426227092744 0.23388947380913627 0.01532922387123108 0.06319702996148004
3 0.3619650721549988 0.33869532379839157 0.03674070835113526 0.09049191143777635
0 0.40390682220458984 0.23969976637098525 0.01692485809326172 0.06192139519585504
0 0.5935778260231018 0.16771110428704156 0.013118672370910644 0.039440716637505424
0 0.39233734607696535 0.19459184540642632 0.014009714126586914 0.04941854476928711
0 0.3717456102371216 0.18937686814202204 0.010151004791259766 0.04544746610853407
0 0.029845276102423667 0.396764522128635 0.04303185418248177 0.08023736741807726
0 0.003458460420370102 0.40276630189683704 0.006916920840740204 0.044638442993164065
