0 0.34599708653986455 0.3811603440178765 0.03468913957476616 0.08566922081841363
0 0.23891663551330566 0.5194773356119792 0.048848962783813475 0.11817237006293403
0 0.10496338605880737 0.644865714179145 0.06987302303314209 0.1610549079047309
0 0.3457655906677246 0.6151061164008247 0.06952767372131348 0.16794331868489584
0 0.22930006980895995 0.6866682264539931 0.0674066424369812 0.16881311204698352
1 0.35125071704387667 0.6169280582004123 0.0618764340877533 0.17493489583333333
0 0.0749087929725647 0.394315677218967 0.052037405967712405 0.08747287326388889
1 0.5576684236526489 0.30994542439778644 0.06063499450683594 0.10396728515625
0 0.3447572350502014 0.28267440795898435 0.023969054222106934 0.060971238878038195
0 0.3153299570083618 0.38444030549791125 0.02956705093383789 0.0855417251586914
0 0.2831993579864502 0.3257184876335992 0.0312319278717041 0.07384963565402561
0 0.3144641757011414 0.3113910039265951 0.02351963520050049 0.06922251383463542
0 0.5812641859054566 0.2135798242357042 0.02613201141357422 0.06072122785780165
0 0.6982085436582566 0.30365218056572807 0.030792242288589476 0.08297371334499783
0 0.3825222969055176 0.24917878044976127 0.017443752288818358 0.06563661363389757
1 0.22800269722938538 0.6555828306410048 0.0668678641319275 0.11105656094021267
0 0.6018771409988404 0.19163157675001358 0.014080047607421875 0.04738492965698242
1 0.5326485097408294 0.19385661549038358 0.03412925004959107 0.053533607059054904
0 0.4065143585205078 0.24310904608832465 0.01895771026611328 0.06424611409505208
1 0.10457644164562226 0.6452000617980957 0.06889548897743225 0.16691688961452908
0 0.24573518037796022 0.8275948206583659 0.041780400276184085 0.120622804429796
0 0.3540088653564453 0.449187183380127 0.03210053443908691 0.05871431562635634
3 0.2845053434371948 0.32653064355254174 0.034452056884765624 0.07181050727764765
0 0.4119578391313553 0.18398740026685928 0.012793844938278199 0.0390660285949707
0 0.030156316235661507 0.3820038583543566 0.036567040532827375 0.05322589874267578
0 0.5369845390319824 0.3168712294763989 0.013722944259643554 0.04328330424096849
0 0.4419217109680176 0.235036744011773 0.01911296844482422 0.057732645670572916
3 0.10587909817695618 0.6444468286302355 0.06845861673355103 0.1676513459947374
