2 0.7567084759473801 0.5478097491794163 0.18719196915626526 0.32660272386338973
3 0.5972354888916016 0.5149661170111762 0.11243934631347656 0.28529535929361977
0 0.4614075183868408 0.7585730658637153 0.04601297378540039 0.16482832166883682
0 0.18982215523719786 0.5520798153347439 0.03201888799667359 0.12803955078125
1 0.5304073810577392 0.2717630174424913 0.03648133277893066 0.07050730387369791
0 0.3352156162261963 0.5306475957234701 0.030846166610717773 0.12766287061903211
0 0.49946808218955996 0.5493427594502767 0.027688443660736084 0.13335374196370442
0 0.13262908458709716 0.7480787489149305 0.03832640647888184 0.18441348605685765
0 0.2242189407348633 0.6012436760796441 0.03070411682128906 0.1480728997124566
0 0.3472159214317799 0.4302117453681098 0.02679772824048996 0.10201267666286892
0 0.9285966873168945 0.766084713406033 0.056290817260742185 0.15733778211805555
0 0.08468248248100281 0.8635179307725694 0.045346081256866455 0.20227457682291666
0 0.375044746696949 0.28055362701416015 0.01549602448940277 0.06813829210069444
0 0.23279135227203368 0.4728518591986762 0.028052854537963866 0.11825459798177083
0 0.925206458568573 0.6642206192016602 0.04454514980316162 0.0937809838189019
0 0.08516227304935456 0.36232896380954316 0.0470540463924408 0.07342353396945529
3 0.8144454270601272 0.7787708600362142 0.2679409921169281 0.44245827992757164
0 0.20204875469207764 0.732332526312934 0.04205498695373535 0.17308841281467013
0 0.3251598715782166 0.28121793535020617 0.01607329845428467 0.06609734429253472
1 0.5526218056678772 0.36054309209187824 0.060132384300231934 0.0845380359225803
0 0.2862123489379883 0.7197926839192709 0.04062662124633789 0.18083852132161457
0 0.2969516277313232 0.35688709682888453 0.028365516662597658 0.09285820855034722
0 0.28039233684539794 0.6018049558003743 0.03647193908691406 0.11303378211127388
0 0.39206643402576447 0.19136454264322916 0.01135541796684265 0.04511934916178385
2 0.623344898223877 0.31637338002522786 0.10610809326171874 0.1741619110107422
0 0.3426037788391113 0.7542873806423611 0.04071044921875 0.1937013414171007
0 0.41777849197387695 0.5214635213216146 0.042716598510742186 0.12405954996744792
0 0.42340450584888456 0.19614041646321614 0.010006684064865112 0.04617635938856337
0 0.2080466032028198 0.9027125040690104 0.057121992111206055 0.177056884765625
3 0.45707336664199827 0.2558126025729709 0.03898587226867676 0.1122651841905382
0 0.5051578521728516 0.4622657775878906 0.02328357696533203 0.10861596001519097
0 0.684179174900055 0.3371299213833279 0.0180464506149292 0.07534809112548828
0 0.23471558094024658 0.36682116190592445 0.044458627700805664 0.0844907972547743
2 0.5635853290557862 0.20929670863681368 0.061583328247070315 0.10864135954115126
3 0.6884998798370361 0.5439561420016819 0.05977821350097656 0.3343099382188585
1 0.5090080499649048 0.1819428178999159 0.02043335437774658 0.04173922008938259
3 0.6481036804616451 0.35591596816149024 0.06121794730424881 0.13195561725232335
0 0.5646736860275269 0.27866769366794164 0.016295623779296876 0.06381087832980686
1 0.45548154711723327 0.1809617148505317 0.025042188167572022 0.047657140096028644
0 0.8170070290565491 0.4662043677435981 0.03238828182220459 0.07618569268120659
0 0.27335726022720336 0.31210861100504794 0.016099429130554198 0.04519909963839584
0 0.808086097240448 0.40897496541341144 0.019572758674621583 0.07888141208224826
0 0.013467976450920105 0.33746876186794705 0.02693595290184021 0.07387873331705729
0 0.8628876447677613 0.43262195587158203 0.04056987762451172 0.07607705858018664
2 0.7976781845092773 0.9356973436143663 0.3223215103149414 0.12860531277126735
0 0.068666011095047 0.9694292916191949 0.03471276760101318 0.061141416761610244
0 0.841613233089447 0.5028597089979384 0.02937018871307373 0.06661444769965277
3 0.46643239855766294 0.13759238984849717 0.020354044437408448 0.05317840576171875
0 0.46192999482154845 0.6905312220255534 0.040751302242279054 0.04115977817111545
2 0.5522768497467041 0.35861467255486384 0.059313058853149414 0.07770959006415473
1 0.4568380355834961 0.30132467879189384 0.038340187072753905 0.02379257149166531
0 0.9922569632530213 0.9143512725830079 0.01548607349395752 0.09415469699435763
3 0.4417318880558014 0.13174960878160263 0.021819841861724854 0.05271746317545573
0 0.7028202891349793 0.2921552340189616 0.0349844217300415 0.05763522254096137
0 0.5283864617347718 0.1826719919840495 0.011021256446838379 0.0429862552218967
0 0.02738284096121788 0.22836063173082138 0.01821488291025162 0.04062925974527995
3 0.5626802444458008 0.21326914893256294 0.05585193634033203 0.11741362677680121
