3 0.7393272448331117 0.7542378743489583 0.25782670006155967 0.45605426364474827
2 0.6843071460723877 0.6949582629733615 0.3654767036437988 0.6100834740532769
0 0.18167319297790527 0.5752352396647136 0.06484651565551758 0.14967905680338542
0 0.6750061511993408 0.29507127337985567 0.02648855447769165 0.06972018347846137
0 0.8778953552246094 0.6726635403103298 0.06111297607421875 0.14857347276475694
0 0.6345177628099918 0.29868849648369683 0.032617466151714326 0.07219354841444227
0 0.07336230874061585 0.39459796481662324 0.053198492527008055 0.0900054931640625
0 0.6954938918352127 0.3682517475552029 0.028781622648239136 0.06384635501437717
0 0.7211383223533631 0.34594106674194336 0.029655075073242186 0.08836875491672092
0 0.32718134731403553 0.285905032687717 0.013376500003505497 0.06932546827528212
3 0.42810176610946654 0.7555600696139866 0.20979583263397217 0.4888798607720269
3 0.608636325597763 0.5626242107815213 0.2220016598701477 0.29697380065917967
3 0.18174473643302919 0.5754822307162815 0.06650959253311158 0.15449979570176867
1 0.18150893449783326 0.5760658899943034 0.0666815996170044 0.15461803012424044
0 0.7127476572990418 0.18113023969862196 0.01417710781097412 0.047601869371202254
0 0.03191198781132698 0.3964027616712782 0.0416692242026329 0.07949740091959635
0 0.38762017488479616 0.17292202843560112 0.012817072868347167 0.03316807217068142
0 0.5909436702728271 0.1765359507666694 0.012843751907348632 0.04369141260782878
0 0.7591057419776917 0.4799814224243164 0.02841916084289551 0.09321183098687066
