0 0.212182879447937 0.42173741658528646 0.05516829490661621 0.09339243570963542
0 0.10514121055603028 0.7836212158203125 0.10056133270263672 0.15758158365885416
3 0.6368273206055164 0.32846930186367695 0.04006738513708115 0.07859402973618772
3 0.45379026532173156 0.24996617635091145 0.04373530149459839 0.11821250915527344
0 0.16467568874359131 0.7268970913357204 0.08154296875 0.13787655300564236
0 0.5633699417114257 0.28147129482693145 0.012949609756469726 0.06094563802083333
0 0.03474467992782593 0.39064593844943574 0.03982512950897217 0.08493601481119792
0 0.61383056640625 0.9158206515842013 0.05023899078369141 0.16307305230034722
0 0.4244659036397934 0.25760332743326825 0.013041383028030396 0.0586600833468967
0 0.4168676048517227 0.2037766032748752 0.011255878210067748 0.0485521740383572
0 0.22705357074737548 0.5334250344170465 0.029825162887573243 0.10004259745279948
0 0.3393221855163574 0.8960132175021701 0.050433921813964847 0.19690416124131943
1 0.5320185840129852 0.28842716217041015 0.04111534357070923 0.06606343587239584
0 0.2153349280357361 0.629912100897895 0.03236777782440185 0.07965766059027778
0 0.2405402183532715 0.7527292039659288 0.050879049301147464 0.1662689208984375
0 0.3028244495391846 0.41041573418511285 0.053763723373413085 0.08944329155815972
0 0.6622422814369202 0.3052749315897624 0.019173598289489745 0.06855347951253256
0 0.5647563934326172 0.20402958128187393 0.011093378067016602 0.047769991556803386
0 0.08755506873130799 0.362460454305013 0.04985200166702271 0.0812060038248698
0 0.5844893455505371 0.3215972476535373 0.019671535491943358 0.08143047756618924
0 0.3184231758117676 0.6486493428548177 0.036536026000976565 0.15371212429470485
0 0.2811405181884766 0.6789424472384983 0.03697681427001953 0.15340542263454862
0 0.40169896483421325 0.29050365024142794 0.019479751586914062 0.0669242435031467
0 0.7028306603431702 0.2920858171251085 0.03469054698944092 0.05782415601942274
0 0.4214527755975723 0.16202531390719943 0.008615344762802124 0.0363909191555447
0 0.39978440999984743 0.16427168316311305 0.010081017017364502 0.03911736806233724
0 0.5514261603355408 0.2539637671576606 0.013620305061340331 0.05786302354600695
0 0.37630490511655806 0.6547858979966905 0.0680193692445755 0.11145913865831163
0 0.2656386375427246 0.5514259338378906 0.030993318557739256 0.09346610175238715
0 0.3283394813537598 0.7512680053710937 0.05690622329711914 0.10492960611979167
0 0.05763999223709106 0.6681108686659071 0.06399160623550415 0.1207903544108073
0 0.12488828897476197 0.6526585578918457 0.03989577293395996 0.08335272471110027
0 0.09656619131565095 0.6869601885477702 0.03381304144859314 0.08575377994113498
0 0.3588131293654442 0.29446099599202474 0.018162336945533753 0.06277728610568577
0 0.3303274273872375 0.39045323265923393 0.0200298547744751 0.08300293816460504
1 0.6369434356689453 0.32642321056789825 0.039209747314453126 0.08935345543755426
0 0.8117829322814941 0.42165116204155817 0.030957984924316406 0.09688975016276041
1 0.45117029547691345 0.3016391865391698 0.040262115001678464 0.02493450271172656
0 0.582222294807434 0.22342967987060547 0.013974857330322266 0.045441351996527775
0 0.05338553488254547 0.5004091474745008 0.040524238348007204 0.08967742919921876
0 0.253371000289917 0.6297350565592448 0.03136568069458008 0.12981092664930555
0 0.646550989151001 0.737888420952691 0.09500341415405274 0.16734381781684027
1 0.5392705798149109 0.16838218371073405 0.023534941673278808 0.04118570751614041
0 0.36446388959884646 0.8047143300374349 0.0351125955581665 0.07640940348307292
0 0.3460706099867821 0.2574800067477756 0.016043201088905334 0.05318417019314236
0 0.34199566915631296 0.29637526406182185 0.017252056300640105 0.05962335798475477
0 0.5765129804611206 0.18760879304673936 0.011423492431640625 0.04037651485866971
0 0.00994240790605545 0.3557345496283637 0.0198848158121109 0.07837125990125868
0 0.1953115165233612 0.6719364590115018 0.04927331209182739 0.0783368428548177
0 0.30020549297332766 0.577384885152181 0.024882125854492187 0.09299227396647135
0 0.013389137387275696 0.5465912712944878 0.026778274774551393 0.08766114976671006
0 0.15213611721992493 0.6868716133965387 0.0329647421836853 0.048478995429144967
0 0.606715022624121 0.2951599968804253 0.013235290645388887 0.06026174757215712
0 0.1704026222229004 0.5570037841796875 0.032124781608581544 0.06263440450032552
0 0.30759167671203613 0.8119579739040799 0.060265731811523435 0.09869283040364583
1 0.09610206484794617 0.4645375410715739 0.10881732702255249 0.0977269384596083
3 0.6444972634315491 0.8026305834452311 0.1440358877182007 0.3947388331095378
0 0.10912153422832489 0.56258118947347 0.03461485505104065 0.07699139912923177
0 0.2733308434486389 0.3116959974531912 0.016526961326599122 0.04537979125355681
0 0.43614019751548766 0.15362170537312825 0.008194434642791747 0.03480512830946181
0 0.37875654697418215 0.2996340221828885 0.016904258728027345 0.06454132927788628
0 0.8632381439208985 0.4356244405110677 0.04300251007080078 0.08502612643771701
0 0.37436115741729736 0.7393449359469944 0.048631811141967775 0.07927258809407552
0 0.5343715667724609 0.2402311537000868 0.012287330627441407 0.04050564236111111
1 0.7034224748611451 0.30295821958118013 0.033735036849975586 0.02813866138458252
