1 0.6469318866729736 0.6570339626736111 0.13280324935913085 0.27845170762803817
1 0.5696805119514465 0.3056436962551541 0.056807971000671385 0.09220513237847222
1 0.579718017578125 0.38837646643320717 0.06343498229980468 0.0920968214670817
0 0.6573927700519562 0.2761620415581597 0.018348181247711183 0.061909654405381945
0 0.6769899845123291 0.29685984717475045 0.02201704978942871 0.07181116739908854
3 0.5703449130058289 0.32125124136606853 0.057866263389587405 0.0640531063079834
0 0.6997446924448013 0.3154481675889757 0.02427911162376404 0.07992011176215277
0 0.6354993037879467 0.2862151781717936 0.025413574278354646 0.06700886620415582
3 0.613997095823288 0.8926755905151367 0.21263080835342407 0.21464881896972657
2 0.6571579206269235 0.6571419927808974 0.11256458992138504 0.2852579116821289
0 0.5169191062450409 0.2562842792934842 0.0393506646156311 0.05787008073594835
0 0.07672085165977478 0.3973197937011719 0.06268192529678344 0.07528127034505208
1 0.5170657217502594 0.2560773213704427 0.03869098424911499 0.057806099785698783
3 0.6564681708812714 0.65669191148546 0.11293634176254272 0.27838177151150173
3 0.40920495986938477 0.6318805694580079 0.17778491973876953 0.15583724975585939
0 0.6398781076073646 0.2364502165052626 0.019451990723609924 0.05634388393825955
0 0.712832796573639 0.17925114631652833 0.014707732200622558 0.04673804177178277
0 0.5700246810913085 0.1413010173373752 0.011967039108276368 0.03258904351128472
