0 0.6422044411301613 0.2578429857889811 0.029296740889549255 0.07358629438612196
0 0.042384931445121767 0.8797775268554687 0.07425300478935241 0.17808363172743055
0 0.8555309295654296 0.6059331258138021 0.06845550537109375 0.1619569566514757
0 0.32255604267120364 0.36856374740600584 0.033090734481811525 0.08754469553629557
0 0.07369629442691802 0.3952212863498264 0.047301477193832396 0.09199108547634549
0 0.35594635978341105 0.24261611302693684 0.021573732793331146 0.06223184797498915
1 0.5611051797866822 0.23866139517890084 0.04339022636413574 0.07728193071153429
0 0.06564230918884277 0.6886983235677083 0.06476758718490601 0.17129906548394097
0 0.7288901805877686 0.4265885247124566 0.04545297622680664 0.10925716824001735
0 0.31516321897506716 0.29428867763943145 0.026375222206115722 0.059424972534179686
0 0.37061491459608076 0.38884365293714734 0.03163998425006866 0.11001546647813586
0 0.3463468745350838 0.3260949664645725 0.024951305985450745 0.07042927212185329
1 0.04219711422920227 0.8791741265190972 0.07349940538406372 0.18043212890625
0 0.38781158030033114 0.23764718373616536 0.023190385103225707 0.06157887776692708
3 0.3229153394699097 0.3672919405831231 0.03355851173400879 0.0868280569712321
0 0.32454261862440037 0.30675502353244355 0.007876404956914485 0.035732269287109375
0 0.34592925384640694 0.3835805442598131 0.01707581728696823 0.048778963088989255
3 0.7291244387626648 0.42311797142028806 0.042687511444091795 0.10853153864542643
0 0.0290157288312912 0.3960444980197483 0.04691066145896912 0.07790874905056423
1 0.8539554238319397 0.6047990587022569 0.06612451076507568 0.17224002414279513
0 0.4312897980213165 0.31573987702528633 0.011882388591766357 0.0373150368531545
1 0.06596789509057999 0.6582186804877387 0.06466804444789886 0.10511271158854167
0 0.0033874606342578772 0.40190531412760416 0.006746951192326378 0.042607286241319445
0 0.10742443203926086 0.7195638020833334 0.02605034112930298 0.10234375
