0 0.269012975692749 0.40941789415147567 0.03957266807556152 0.1070996602376302
0 0.8321316719055176 0.784623548719618 0.06781330108642578 0.18780721028645833
0 0.26986037492752074 0.5854960335625543 0.05493476390838623 0.13366550869411892
0 0.5958719730377198 0.2996658855014377 0.02630157470703125 0.0792208989461263
0 0.6992549449205399 0.38050401475694445 0.029428166151046754 0.08652672237820096
0 0.14641933441162108 0.8110402425130209 0.07408261299133301 0.1690884060329861
0 0.8054616928100586 0.5072157965766059 0.04754486083984375 0.1364525689019097
0 0.07753719240427018 0.39488699171278213 0.06058635413646698 0.07433988783094618
0 0.3225632905960083 0.3953025711907281 0.03185873031616211 0.11264328426784939
0 0.8137403905391694 0.6296342002020942 0.04801446199417114 0.11715126037597656
0 0.3500377759337425 0.32246338526407875 0.02110675871372223 0.07748169369167751
0 0.11746238470077515 0.6201371086968316 0.05963919162750244 0.15097554524739584
0 0.18096392154693602 0.44760954115125867 0.0547184944152832 0.10231314765082465
1 0.18045543432235717 0.4491224924723307 0.05507829189300537 0.10384962293836805
1 0.5395813763141633 0.26797557406955297 0.05707129240036011 0.10968153211805555
0 0.5333935976028442 0.4216331058078342 0.03147854804992676 0.08361858791775173
1 0.8314940869808197 0.7841703414916992 0.0686834454536438 0.189576170179579
0 0.47485013008117677 0.22779255972968207 0.017409920692443848 0.05208407508002387
0 0.030121241137385367 0.39756863911946616 0.03569059148430824 0.07890065511067708
3 0.11880724132061005 0.6182438214619954 0.05775802731513977 0.1538698196411133
1 0.5324415266513824 0.3476852549446954 0.04173630475997925 0.06450006167093912
2 0.5397477328777314 0.26770311991373696 0.057476723194122316 0.11123589409722222
1 0.14702906012535094 0.8114312277899848 0.07261399030685425 0.1756993187798394
0 0.6034557490784209 0.1502650472852919 0.006711898895446211 0.03590636783175998
0 0.3772597312927246 0.23627120123969184 0.017062997817993163 0.05737152099609375
0 0.406767749786377 0.19903683132595487 0.016106581687927245 0.05593554178873698
0 0.003560372814536095 0.4009045071072049 0.00712074562907219 0.04121890597873264
0 0.8740345954895019 0.5144115871853299 0.032699203491210936 0.1114106920030382
0 0.5321310102939606 0.34785868326822916 0.04056380987167359 0.06701592339409722
0 0.2750098705291748 0.9601491292317709 0.05347862243652344 0.07550286187065972
