0 0.1903446078300476 0.714265865749783 0.07935702800750732 0.18628913031684027
0 0.05669273734092713 0.8526523166232639 0.0815812587738037 0.1928593953450521
2 0.5585049152374267 0.24419791963365342 0.07578101158142089 0.16119564904106987
1 0.1890294909477234 0.7126161999172634 0.07696735858917236 0.19009276496039496
0 0.6601640626788139 0.3723494423760308 0.02951759397983551 0.08990694681803385
0 0.19731011390686035 0.46551823086208766 0.04926614761352539 0.09866383870442709
0 0.07264234125614166 0.39541952345106335 0.0443112313747406 0.08778516981336805
0 0.29703686237335203 0.42585839165581596 0.04348464012145996 0.11691250271267362
0 0.34530008137226104 0.24012441635131837 0.024956899881362914 0.05491072336832682
0 0.5521255493164062 0.5328355365329318 0.031649017333984376 0.13678050571017794
0 0.3991683393716812 0.3117545869615343 0.02825309634208679 0.0702175564236111
0 0.299432373046875 0.2821045663621691 0.02621293067932129 0.07315794626871745
3 0.5579842567443848 0.24621751573350695 0.07829408645629883 0.16567340426974828
2 0.5815846443176269 0.410653559366862 0.07388458251953126 0.18751661512586806
0 0.08519816398620605 0.6421341790093316 0.06304512023925782 0.16109076605902778
1 0.6615533828735352 0.9234310574001736 0.15678901672363282 0.14721645779079862
1 0.2962482213973999 0.42094105084737143 0.04362545013427734 0.11805353164672852
3 0.5808163166046143 0.4134092926979065 0.07209992408752441 0.19493002096811932
0 0.03429656997323036 0.38186170789930557 0.03466089218854904 0.051032172309027776
0 0.38260831832885744 0.2353353712293837 0.01799497604370117 0.06105685763888889
3 0.05820271745324135 0.8537677552964952 0.08474092930555344 0.19572707282172308
0 0.42502099871635435 0.2999748541249169 0.014341962337493897 0.021185640494028726
0 0.3636991083621979 0.24799471961127387 0.011712485551834106 0.04039883083767361
0 0.42122799456119536 0.40323096381293405 0.017310088872909545 0.053298272026909725
1 0.0580013744533062 0.8515399932861328 0.08483503013849258 0.19616512722439236
0 0.6204178716987372 0.21718658871120877 0.019611943513154984 0.05908961825900608
0 0.4099201589822769 0.22300886578030057 0.011339205503463744 0.045071178012424044
0 0.3253117164247669 0.22697171105278863 0.00972338959109038 0.057176166110568576
1 0.19784279465675353 0.4639153321584066 0.04938949346542358 0.10726488961113824
3 0.5898706912994385 0.8182473076714409 0.25563902854919435 0.36350538465711807
0 0.39676767587661743 0.19516524208916558 0.006464648246765137 0.03785936567518446
0 0.642630971968174 0.21331247753567165 0.014925870299339294 0.051122093200683595
0 0.799807196855545 0.3556688043806288 0.01358097791671753 0.022803412543402776
0 0.4025716304779053 0.39283892313639324 0.03758029937744141 0.09202346801757813
