0 0.5779075145721435 0.4395133972167969 0.046778392791748044 0.12222934299045139
0 0.7818404018878937 0.4412187099456787 0.033644020557403564 0.09592150582207573
0 0.14091019630432128 0.5860909779866537 0.04762611389160156 0.15690010918511285
0 0.06627720594406128 0.766009521484375 0.0696648359298706 0.16763492160373264
0 0.26084877252578736 0.4016403622097439 0.03299720287322998 0.11042141384548611
0 0.19820464849472047 0.4391256120469835 0.03721053600311279 0.11210157606336806
3 0.3736992597579956 0.3954904662238227 0.051714324951171876 0.2504756715562608
0 0.32591828107833865 0.3051999939812554 0.023610854148864747 0.07506143781873915
0 0.2471657395362854 0.5556694242689345 0.034522509574890135 0.1500663333468967
0 0.5205858469009399 0.25711307525634763 0.018190765380859376 0.05977219475640191
0 0.08171923160552978 0.3952053493923611 0.06731648445129394 0.07131296793619792
0 0.7093502819538117 0.3239164670308431 0.0256710410118103 0.07616515689425998
0 0.6423394441604614 0.2454384591844347 0.016336333751678467 0.04733219146728516
2 0.4040984153747559 0.3878028869628906 0.10959320068359375 0.24790785047743055
3 0.4702559769153595 0.1778668721516927 0.032178747653961184 0.08513365851508246
1 0.560388731956482 0.2203401141696506 0.034218978881835935 0.06216227213541667
0 0.7422938764095306 0.34618985917833117 0.033352887630462645 0.1127494388156467
0 0.03176815733313561 0.39498007032606336 0.0338044598698616 0.07703747219509549
0 0.3918558478355408 0.2422145101759169 0.014665532112121581 0.04132836659749349
1 0.08063634335994721 0.39335606098175047 0.06923838257789612 0.07167777485317654
0 0.39378035068511963 0.20268206066555447 0.012439298629760741 0.041782103644476994
0 0.4211924374103546 0.23000762727525498 0.01759754419326782 0.05049546559651693
0 0.37523203045129777 0.2228163613213433 0.01445295512676239 0.047722710503472224
1 0.5920100092887879 0.1972162405649821 0.034092116355896 0.05437267091539171
0 0.9967111349105835 0.3979744593302409 0.006388092041015625 0.05206489562988281
0 0.506633722782135 0.3155708159837458 0.013918566703796386 0.04966335180732939
0 0.08030662834644317 0.6974196539984809 0.0550710380077362 0.026849789089626735
0 0.35747661590576174 0.2797886742485894 0.01853456497192383 0.06454739040798611
3 0.709410697221756 0.32596746765904955 0.026458704471588136 0.07070107559363047
