0 0.7384604930877685 0.4083998786078559 0.03722374439239502 0.09839409722222223
0 0.7919750213623047 0.590061526828342 0.053838348388671874 0.13947796291775175
0 0.6429163753986359 0.30885533226860895 0.03126842975616455 0.07442529466417101
0 0.2210994243621826 0.517799801296658 0.05851858854293823 0.1346037122938368
0 0.38479084670543673 0.2853022681342231 0.03628390431404114 0.08531256781684028
0 0.6883458733558655 0.3660976515875922 0.03171989917755127 0.07842812008327908
0 0.924927043914795 0.7819827609592014 0.07490901947021485 0.1842736138237847
0 0.6583323001861572 0.24482674068874782 0.025311279296875 0.062134806315104166
0 0.6268098555505276 0.24256682925754122 0.027465058863162993 0.0640682644314236
3 0.6885862469673156 0.3667463117175632 0.031113338470458985 0.07861628532409667
0 0.07895063161849976 0.397714360555013 0.059367942810058597 0.07606201171875
3 0.9232811808586121 0.7762188805474175 0.07256844043731689 0.17343385484483506
0 0.6702893137931824 0.41297772725423176 0.03024308681488037 0.10870429144965278
0 0.4124061405658722 0.1729959117041694 0.01211082935333252 0.036668554941813154
3 0.22073766589164734 0.5183691766526964 0.05651923418045044 0.13933404286702475
3 0.4099837303161621 0.6220095952351888 0.17934246063232423 0.17820303175184463
0 0.031186892464756966 0.40487808651394314 0.04250696524977684 0.09567375183105468
3 0.3836535900831223 0.3082749345650276 0.035556632280349734 0.037547878672679266
3 0.7380608499050141 0.40763825310601126 0.03807257413864136 0.09921476576063368
0 0.3950252652168274 0.23995930353800457 0.009421992301940917 0.0331615236070421
0 0.3964423894882202 0.20614213943481446 0.00698089599609375 0.03893616994222005
1 0.38299347162246705 0.28560333251953124 0.033684611320495605 0.08812480502658421
