0 0.07400576174259185 0.3947598033481174 0.045830529928207395 0.08644568125406901
0 0.36016002893447874 0.23014458550347222 0.015997147560119628 0.05897170172797309
0 0.40028471052646636 0.2817965507507324 0.0240544855594635 0.071821657816569
0 0.36528658866882324 0.3011296166314019 0.02434854507446289 0.07570834689670139
0 0.6186053693294525 0.2892436769273546 0.020156657695770262 0.0499983893500434
0 0.029207634925842284 0.3998017284605238 0.0470088005065918 0.0856179608239068
3 0.5615828514099122 0.24764020707872178 0.08243637084960938 0.10943251715766059
0 0.6893575310707092 0.20514026217990453 0.012745213508605958 0.053542073567708334
0 0.38043060302734377 0.24440854390462238 0.01560821533203125 0.05396915011935764
0 0.4182015895843506 0.24253099229600694 0.019429397583007813 0.06425849066840278
0 0.4559206485748291 0.34273764027489556 0.014114952087402344 0.026526043150160047
0 0.6161653199931607 0.22837962044609916 0.03130585965700448 0.07742621103922526
2 0.5641848564147949 0.2435158199734158 0.08706798553466796 0.10339007907443576
