0 0.07728647589683532 0.8180960761176215 0.06502126455307007 0.2416654798719618
0 0.26532005071640014 0.3742362552218967 0.03715317249298096 0.08059599134657118
0 0.20018584728240968 0.5964524163140191 0.05045475959777832 0.16688334147135417
0 0.0751460075378418 0.39609129163953993 0.06148421764373779 0.09058074951171875
0 0.2755316972732544 0.4579450607299805 0.05346426963806152 0.09572054545084635
0 0.06223057955503464 0.6499748335944282 0.05603647530078888 0.10938896603054471
1 0.41214642524719236 0.4095518747965495 0.07143819332122803 0.15747612847222223
0 0.3378304049372673 0.3151506847805447 0.02200978696346283 0.08261833190917969
0 0.17811821699142455 0.4610435485839844 0.04446747303009033 0.12072440253363716
0 0.3413169503211975 0.41815551651848687 0.04713928699493408 0.1265488624572754
0 0.36390355974435806 0.24863748550415038 0.017266902327537536 0.0542125489976671
0 0.678997278213501 0.2536519792344835 0.014745950698852539 0.05529017978244358
0 0.3887702763080597 0.26788188086615666 0.018350720405578613 0.05888476901584201
0 0.3709991455078125 0.3138493537902832 0.01972823143005371 0.08323040008544921
0 0.3452653527259827 0.24891127480400932 0.017386317253112793 0.05461813608805339
2 0.4382480621337891 0.2740698920355903 0.05488796234130859 0.10968873765733507
1 0.4378751963376999 0.2746173434787326 0.05782032608985901 0.10509461296929254
0 0.30552350282669066 0.34045018090142143 0.027250218391418456 0.09389635721842447
1 0.07336275130510331 0.39833867020077174 0.06610494554042816 0.09208377732170953
3 0.07736125886440277 0.8176687452528212 0.06330915093421936 0.24368057250976563
3 0.41241036355495453 0.40882210069232516 0.07221620678901672 0.15868149068620468
0 0.413341161608696 0.2051501433054606 0.01691756844520569 0.05647264056735569
0 0.025781340897083282 0.3841265148586697 0.031020680069923402 0.05146878560384115
1 0.32721335887908937 0.8433111402723524 0.15986361503601074 0.3106228298611111
0 0.0646842062473297 0.5696239047580295 0.04971128702163696 0.0654280768500434
3 0.32416019439697263 0.8139085557725695 0.1516796112060547 0.37218288845486114
0 0.35734703540802004 0.20237699084811742 0.012537240982055664 0.04361871083577474
