1 0.5312385201454163 0.5993927001953125 0.12159135341644287 0.19040976630316842
1 0.8372434616088867 0.882864252726237 0.18967127799987793 0.23427149454752605
0 0.759703916311264 0.6108881208631728 0.029581892490386962 0.1177032470703125
3 0.2896704375743866 0.8217818260192871 0.21874767541885376 0.35643634796142576
0 0.8229724168777466 0.6012595706515842 0.03483438491821289 0.12346869574652777
3 0.43858957290649414 0.32866931491427953 0.05802831649780273 0.14149509006076388
0 0.7027617186307907 0.5335170745849609 0.02759578824043274 0.10894296434190538
0 0.506516981124878 0.7957592434353299 0.041873836517333986 0.17421451144748265
0 0.4732689499855042 0.6709672715928819 0.035661625862121585 0.13582450018988715
1 0.40114498138427734 0.4410639444986979 0.05772345066070557 0.12019229465060764
1 0.6077425003051757 0.43546583387586807 0.07148513793945313 0.12066930135091146
0 0.3135850548744202 0.4787366443210178 0.025380539894104003 0.1038216061062283
0 0.5775129318237304 0.7279974195692275 0.08702545166015625 0.13688269721137153
0 0.1310226798057556 0.7749192131890191 0.042198920249938966 0.20188869900173612
0 0.34122214317321775 0.42681011623806425 0.027113914489746094 0.10664579603407118
1 0.2522331953048706 0.4060320112440321 0.10030059814453125 0.09060245090060765
0 0.6187279224395752 0.29067518446180557 0.015018796920776368 0.06762797037760417
0 0.6695616245269775 0.2997519387139214 0.016716909408569337 0.06859279208713108
0 0.6350168228149414 0.2728614807128906 0.01563262939453125 0.061623170640733506
0 0.01334419846534729 0.3885797288682726 0.02668839693069458 0.0864654541015625
0 0.4676300048828125 0.4802093082004123 0.06374015808105468 0.10056525336371527
0 0.703142249584198 0.29381639692518446 0.034340500831604004 0.05757471720377604
0 0.7067312926054001 0.46653951009114586 0.02476041913032532 0.08857693142361112
0 0.5423007726669311 0.27506717046101886 0.013869476318359376 0.06329101986355251
0 0.20257155895233153 0.8428905910915798 0.03818955421447754 0.1590152316623264
0 0.3042780041694641 0.36233385933770074 0.019614291191101075 0.07697251637776693
1 0.5110751688480377 0.16956115828620064 0.019495809078216554 0.03916760550604926
0 0.5512310147285462 0.31387241151597767 0.03378403186798096 0.06626254187689887
1 0.57136310338974 0.24665597279866536 0.028887104988098145 0.0627060784233941
0 0.7659404754638672 0.5151457044813368 0.033355712890625 0.10961812337239583
0 0.3760268554091454 0.3545318603515625 0.026771774888038634 0.07934604220920138
0 0.5785499453544617 0.30494822396172416 0.021070647239685058 0.07781649695502388
1 0.5509372353553772 0.21235884560479057 0.025348496437072755 0.04706889258490669
1 0.6447779655456543 0.9421678331163195 0.14748020172119142 0.11566433376736111
0 0.28783473968505857 0.3309035301208496 0.017063188552856445 0.060455936855740015
0 0.3513821892440319 0.32614608340793183 0.018156929314136504 0.07457237243652344
1 0.3855505958199501 0.2975172996520996 0.033423349261283875 0.06985390981038411
0 0.7148859381675721 0.34219400617811413 0.010853123664855958 0.06663763258192275
3 0.45471508502960206 0.1818458769056532 0.03813488483428955 0.08970959981282552
0 0.5932751178741456 0.2695384661356608 0.013785886764526366 0.059576988220214844
1 0.4260657012462616 0.17074195543924967 0.022238767147064208 0.0454355345831977
0 0.5585246324539185 0.17570096121893988 0.01174006462097168 0.04064968956841363
0 0.3837205022573471 0.24250347349378798 0.01481044888496399 0.049618297153049044
0 0.3318577170372009 0.3659476704067654 0.019193339347839355 0.07762071821424696
0 0.1350571870803833 0.6875795152452256 0.03727695941925049 0.047063191731770836
0 0.8124338150024414 0.4358264499240451 0.032172203063964844 0.09451022677951389
2 0.43145116567611697 0.3571023178597291 0.067168927192688 0.13176882416009902
2 0.833530730009079 0.8771973927815755 0.19599319696426393 0.243927001953125
0 0.1177072525024414 0.36130514012442694 0.033649444580078125 0.05909888214535183
0 0.40286842584609983 0.24744592242770724 0.014791178703308105 0.05022797054714627
0 0.612356984615326 0.7590599907769098 0.024713969230651854 0.10332565307617188
1 0.45651631951332095 0.23713610967000326 0.02825723886489868 0.054333941141764326
0 0.39142991304397584 0.20055015352037217 0.011465001106262206 0.044107882181803386
0 0.8631957054138184 0.429477055867513 0.04082188606262207 0.07860683865017361
0 0.37273155301809313 0.21191611819797093 0.014893200993537904 0.04911287095811632
0 0.27159905433654785 0.3104588876892295 0.015468597412109375 0.0424687125823564
0 0.569708240032196 0.19550947613186306 0.011564850807189941 0.04330827924940321
0 0.4044065296649933 0.35008680555555555 0.01890437602996826 0.06662462022569444
0 0.32637945406604557 0.3054842789967855 0.011585621675476433 0.033190780215793185
0 0.025923280417919158 0.22707320319281685 0.01611529290676117 0.04115952385796441
3 0.38621123433113097 0.31066859219637183 0.03455352783203125 0.04280139232675235
