0 0.26775513887405394 0.3936872164408366 0.03543961048126221 0.09057619306776259
1 0.6446577854454517 0.3307385974460178 0.07352113574743271 0.13095707363552517
0 0.22247965335845948 0.5181079440646701 0.05410676002502442 0.1275311787923177
0 0.7524110436439514 0.3676179673936632 0.04014077186584473 0.0932324727376302
0 0.07418162822723388 0.39485915501912433 0.04682179689407349 0.0916444354587131
0 0.33472618132364007 0.352362855275472 0.02729177535511553 0.09506329430474175
3 0.645639868453145 0.34272559271970143 0.07394380196928978 0.10750900268451208
0 0.3447977341711521 0.25605060789320205 0.02147294133901596 0.0581082026163737
0 0.6513086572289467 0.23461056815253364 0.02359311282634735 0.06303730010986328
2 0.601952600479126 0.23961556752522786 0.05652484893798828 0.09110722011990018
0 0.20560653805732726 0.2832700623406304 0.03206676244735718 0.05710061391194662
1 0.4587514936923981 0.23663482666015626 0.03739608526229858 0.06504855685763888
0 0.028461994044482707 0.3974745008680556 0.045510003343224525 0.08113310072157118
0 0.540585172176361 0.27020209630330405 0.03744957447052002 0.08088804880777994
3 0.330247962474823 0.3508162279923757 0.0377004861831665 0.09953952497906154
0 0.3912233352661133 0.22842624452379015 0.015545129776000977 0.05651429494222005
1 0.5408856391906738 0.27092461056179473 0.041244888305664064 0.07694507175021702
0 0.10335962772369385 0.8277066548665365 0.06264037489891053 0.1879335191514757
1 0.6050974607467652 0.2382722642686632 0.06431732177734376 0.07766058180067274
0 0.4061137676239014 0.7330225414699978 0.013558709621429443 0.04626655578613281
0 0.45894819498062134 0.2368188540140788 0.03837158679962158 0.06537503136528863
3 0.5384572386741638 0.30148294501834444 0.035154986381530764 0.025188112258911134
0 0.37809876203536985 0.192438628938463 0.013820338249206542 0.03643202251858181
