1 0.5990359902381897 0.5088343355390761 0.07681100368499756 0.130730046166314
3 0.429719066619873 0.5993281046549479 0.10132665634155273 0.3604924519856771
0 0.7604022979736328 0.503978517320421 0.03412628173828125 0.11606725056966145
1 0.7389147758483887 0.6063417646620008 0.11098871231079102 0.1471512688530816
0 0.17231546640396117 0.6198235829671224 0.036219024658203126 0.14284176296657985
0 0.19261839389801025 0.4198084513346354 0.021821308135986327 0.09611952039930556
0 0.7261068642139434 0.7284974628024631 0.044365870952606204 0.12442342970106336
0 0.7208970189094543 0.3885682635837131 0.023447465896606446 0.0823966556125217
0 0.18142448663711547 0.5156293233235677 0.02425093650817871 0.10613742404513889
0 0.09093287885189057 0.5139366785685221 0.028716546297073365 0.09442138671875
0 0.6272881679236889 0.4036823272705078 0.01906291991472244 0.07743165757921007
0 0.36855309009552 0.47700867123074003 0.01932663917541504 0.07469143337673612
0 0.18010299205780028 0.760021718343099 0.04063658714294434 0.17535637749565972
1 0.5620034813880921 0.3472496880425347 0.05553534030914307 0.09380832248263889
0 0.6029695630073547 0.2808107376098633 0.014190220832824707 0.06730545891655816
0 0.16202914714813232 0.9118540445963542 0.04938805103302002 0.17174733479817708
0 0.9380594253540039 0.9136744181315104 0.06315498352050782 0.1579376220703125
0 0.8598714828491211 0.9058200412326389 0.056850433349609375 0.16985575358072916
0 0.6883190155029297 0.33440275192260743 0.019273996353149414 0.07401150597466363
0 0.6166449308395385 0.35864488813612194 0.019097137451171874 0.07910101148817274
0 0.5187660813331604 0.44457170698377824 0.025153231620788575 0.10745802985297309
0 0.6220248274505138 0.24283849928114148 0.01456146389245987 0.05488421122233073
3 0.5507466316223144 0.24755613538953994 0.04627285003662109 0.10240775214301215
1 0.2835400104522705 0.38558917575412327 0.11259956359863281 0.08741539849175348
0 0.012592134179431013 0.4917902416653103 0.025050973292673008 0.08315323723687065
0 0.6196145057678223 0.9539783053927952 0.059268951416015625 0.09048868815104166
0 0.37229450792074203 0.2947121090359158 0.013488951325416564 0.06511285569932726
0 0.642053747177124 0.35962486267089844 0.018941974639892577 0.08203031751844618
1 0.40044718980789185 0.2948406325446235 0.02978677749633789 0.0744677013821072
0 0.3647302731871605 0.39977207183837893 0.023133566975593566 0.09777683681911892
3 0.4090684503316879 0.22176263597276474 0.03721614480018616 0.07257745530870226
3 0.44319748878479004 0.3693128373887804 0.06485939025878906 0.1300607469346788
0 0.5067235946655273 0.328769408331977 0.025639653205871582 0.07362564934624566
1 0.4517181694507599 0.21241764492458767 0.03108290433883667 0.06688198513454861
0 0.5223537921905518 0.37784502241346574 0.021418237686157228 0.07630627950032552
0 0.7027666449546814 0.2933459493849013 0.035091710090637204 0.05868829091389974
0 0.39223083257675173 0.2970922787984212 0.015538334846496582 0.07331748538547092
0 0.3858899712562561 0.22613343132866753 0.011929631233215332 0.05007514953613281
0 0.3173470377922058 0.2924732526143392 0.03238480091094971 0.054128074645996095
0 0.8624019622802734 0.4301139831542969 0.042546653747558595 0.09110531277126736
1 0.7577271461486816 0.9456091139051649 0.15348682403564454 0.10878177218967014
2 0.5619718790054321 0.3456164042154948 0.055951690673828124 0.09608086480034722
0 0.3703425645828247 0.25303802490234373 0.015401744842529297 0.05407358805338542
0 0.35734855085611344 0.3210251914130317 0.01635247766971588 0.07427075703938803
0 0.8123444557189942 0.43149642944335936 0.028664779663085938 0.09623480902777778
0 0.3548122361302376 0.24144955741034613 0.014244088530540466 0.053191990322536895
0 0.3700160697102547 0.3387286762396495 0.01535916030406952 0.05594227181540595
0 0.3503437452018261 0.2823097334967719 0.017220987379550932 0.054897838168674044
0 0.6778577446937561 0.2662156740824381 0.03071305751800537 0.052856127421061196
0 0.9410942792892456 0.8074277877807617 0.05121889114379883 0.1288082970513238
0 0.015009735524654389 0.3378578186035156 0.030019471049308778 0.07345648871527778
0 0.5875155091285705 0.2027715047200521 0.013408780097961426 0.05097092522515191
0 0.02670648545026779 0.22697533501519096 0.016367492079734803 0.04059698316786024
3 0.4008261114358902 0.310301958459119 0.03236969113349915 0.0423780223975579
