1 0.7950409412384033 0.5488552941216363 0.14501352310180665 0.12276102701822916
0 0.2937595367431641 0.47291539510091146 0.05032615661621094 0.10078218248155382
0 0.6329543590545654 0.28529833687676326 0.013837194442749024 0.06452702416314018
0 0.5831202268600464 0.3063046667310927 0.014969253540039062 0.06581622229682074
0 0.5560869216918946 0.26355120340983074 0.016063690185546875 0.06759075588650174
0 0.5946424722671508 0.5144875155554878 0.05535078048706055 0.11010471979777019
0 0.5660549283027649 0.23047441906399196 0.010544133186340333 0.050323973761664496
0 0.6697261095046997 0.3005586730109321 0.016539478302001955 0.06674912770589193
0 0.3023767113685608 0.3275217692057292 0.018111205101013182 0.07470024956597222
0 0.541389524936676 0.22478485107421875 0.0117387056350708 0.05477316114637587
1 0.46471814513206483 0.27540594736735025 0.03632410764694214 0.07037200927734374
0 0.5419142127037049 0.16943417125278049 0.009273600578308106 0.0365868780348036
1 0.514497572183609 0.19344859653049046 0.025182569026947023 0.042454571194118926
0 0.4338230550289154 0.29564131630791557 0.018394839763641358 0.0695577621459961
1 0.46220295429229735 0.2219423082139757 0.02886078357696533 0.052361382378472224
0 0.3408628661185503 0.2981522030300564 0.01882330998778343 0.06004909939236111
0 0.5982971310615539 0.264336183336046 0.01255195140838623 0.06283039516872829
0 0.32021995782852175 0.2751608106825087 0.015890336036682128 0.0602934095594618
0 0.570595920085907 0.18812775082058378 0.010523200035095215 0.04279501173231337
0 0.7029782176017761 0.2908263100518121 0.03380386829376221 0.060633341471354164
0 0.36909074783325196 0.3124216503567166 0.02340707778930664 0.07812360127766928
0 0.5578076243400574 0.19455785221523708 0.010532164573669433 0.0433503786722819
0 0.3815520375967026 0.2807671440972222 0.014499074220657349 0.0525626712375217
0 0.7151404738426208 0.3424489445156521 0.0103440523147583 0.0662433836195204
0 0.5904462099075317 0.24535147349039713 0.012228107452392578 0.05409664577907986
0 0.4020190626382828 0.29665935304429797 0.0201150119304657 0.0665377934773763
0 0.8627503633499145 0.4320539050632053 0.041902017593383786 0.08024321662055121
1 0.5454014301300049 0.1254480520884196 0.015796661376953125 0.030175961388481987
0 0.6376139521598816 0.22624900605943468 0.015248942375183105 0.04745184580485026
0 0.8098474502563476 0.4200564914279514 0.03391842842102051 0.08993733723958333
0 0.11834923028945923 0.3611739264594184 0.03370869159698486 0.05779813130696614
1 0.4184053033590317 0.21090090009901258 0.034275132417678836 0.04929818047417535
3 0.46238136291503906 0.17139477729797364 0.035192227363586424 0.0714499897427029
0 0.3877269566059113 0.21295227474636502 0.012050366401672364 0.04202588399251302
0 0.015293446183204652 0.3391739739312066 0.030586892366409303 0.07276831732855903
1 0.008256983311730437 0.9552961773342556 0.016397348936880007 0.07582342359754775
0 0.043721440434455874 0.5471571180555556 0.08708273768424987 0.1227171156141493
