0 0.26032803058624265 0.4530011706882053 0.044824981689453126 0.09962103101942274
0 0.2062997341156006 0.6323561774359809 0.06336641311645508 0.14324306911892362
0 0.6953381866216659 0.3429044617546929 0.03943861126899719 0.08821680280897352
0 0.8317005157470703 0.5615528954399956 0.05914878845214844 0.16609827677408853
0 0.48872348070144656 0.2566936280992296 0.034369897842407224 0.057978651258680555
0 0.16384795904159546 0.5168265236748589 0.052390217781066895 0.11587469312879774
0 0.4040251553058624 0.2870734638637967 0.024777722358703614 0.06570101843939888
1 0.3967780590057373 0.4417067633734809 0.07844429016113282 0.17023001776801217
1 0.4341575622558594 0.31514816284179686 0.05078058242797852 0.09784003363715278
0 0.36976929754018784 0.30135796864827474 0.01945301592350006 0.05253893534342448
0 0.0727016031742096 0.6338125440809462 0.05898596048355102 0.16285536024305555
0 0.31801769733428953 0.3883765326605903 0.035587310791015625 0.089642333984375
0 0.24096574783325195 0.3889817131890191 0.03570127487182617 0.09988962809244792
0 0.6063301970134489 0.22241930431789822 0.012241845414973796 0.04821478525797526
0 0.03107101619243622 0.3974496417575412 0.04310645461082459 0.08281474643283421
3 0.4304003745317459 0.3267620854907566 0.058430212736129764 0.0754215505388048
0 0.5064266979694366 0.31526520144608283 0.014784014225006104 0.04812169290251202
0 0.07746845483779907 0.3980573018391927 0.05519459247589111 0.05391650729709201
0 0.3285342216491699 0.31572405497233075 0.036792850494384764 0.07219051784939236
1 0.20582258105278015 0.6334893438551161 0.06145678758621216 0.14030043284098306
0 0.35109634399414064 0.3543004035949707 0.020949792861938477 0.06488077375623914
0 0.40798587799072267 0.22138597700330948 0.017240428924560548 0.05736351013183594
3 0.33249855041503906 0.3199980550342136 0.049939966201782225 0.06201098230150011
3 0.8318341135978699 0.5623039563496908 0.059070372581481935 0.1679199430677626
0 0.3584635257720947 0.22825970119900174 0.018384742736816406 0.06302617390950521
1 0.33138505220413206 0.3156083212958442 0.04659125804901123 0.07185215420193142
2 0.3955491825938225 0.4400660753250122 0.07942163050174714 0.17278711001078287
0 0.8928740382194519 0.3875957383049859 0.01851022243499756 0.07292236751980252
3 0.3957245409488678 0.4411975436740451 0.07721244096755982 0.17443203396267362
0 0.3918978452682495 0.21384652455647787 0.01734747886657715 0.057491641574435766
0 0.39360599517822265 0.17870650291442872 0.012767410278320313 0.04509990480211046
0 0.36500939130783083 0.40351392957899307 0.022595810890197753 0.08394868638780383
0 0.6401413440704345 0.21964352925618488 0.01778268814086914 0.057622867160373265
0 0.3715970993041992 0.9810575697157118 0.017153453826904298 0.03788486056857639
0 0.5705751419067383 0.22418810526529948 0.021692657470703126 0.0640779283311632
