3 0.8270372807979584 0.8204828262329101 0.27768865823745725 0.3590343475341797
1 0.5272599637508393 0.5871538798014323 0.1044538140296936 0.18296008639865452
1 0.6353628993034363 0.5578581492106119 0.08576881885528564 0.1549189249674479
0 0.7744433999061584 0.5445116678873698 0.03419253826141357 0.11151487562391493
3 0.39232473373413085 0.6162489573160808 0.11415786743164062 0.42052569919162325
0 0.5498065829277039 0.43317239549424913 0.02460606098175049 0.09772135416666666
1 0.19118212461471557 0.9068074544270833 0.15263993740081788 0.18608907063802083
1 0.5896869659423828 0.37421954472859703 0.06743617057800293 0.10487054189046224
0 0.896861732006073 0.6053779496086968 0.023462080955505372 0.09041097429063585
0 0.25575301647186277 0.44635206858317056 0.025627899169921874 0.09918615553114149
0 0.16257415413856507 0.524703852335612 0.027810990810394287 0.10040300157335069
3 0.3876010894775391 0.3266955905490451 0.05474405288696289 0.1478787104288737
1 0.5414665579795838 0.27248687744140626 0.03961060047149658 0.06985969543457031
0 0.6522247180342674 0.35451646380954316 0.018686607480049133 0.08164225684271918
0 0.1459599733352661 0.7407034979926215 0.04137697219848633 0.17743343777126735
0 0.6966406822204589 0.4762300279405382 0.02809591293334961 0.12343156602647569
0 0.8305016398429871 0.6308848910861545 0.04689452648162842 0.10151273939344618
0 0.18331661224365234 0.6219026353624132 0.037435293197631836 0.15481804741753472
0 0.10953137874603272 0.36475830078125 0.04869279861450195 0.08107571072048611
0 0.03628985285758972 0.38262964884440104 0.052955007553100585 0.08498314751519097
0 0.32406570911407473 0.42636661529541015 0.02281951904296875 0.09555117289225261
0 0.17104336023330688 0.38796263800727 0.050612664222717284 0.08849885728624132
0 0.7029784083366394 0.2924984402126736 0.034329676628112794 0.05937974717881944
0 0.6302528142929077 0.29806220796373156 0.017020225524902344 0.06619790395100912
0 0.5659506797790528 0.7417104085286458 0.03962917327880859 0.16827083163791232
0 0.4752247452735901 0.8962600708007813 0.03946654796600342 0.10754419962565104
1 0.46412861347198486 0.18248442543877497 0.024028754234313963 0.04286221398247613
1 0.45671725273132324 0.3115751690334744 0.03812618255615234 0.08329344855414497
0 0.300089168548584 0.3772060818142361 0.024001932144165038 0.09702563815646702
1 0.4562924802303314 0.24757165908813478 0.03481148481369019 0.06555182139078776
0 0.35696970075368883 0.24165222379896376 0.013574066758155822 0.05521021948920356
0 0.28849401473999026 0.4425945705837674 0.024544811248779295 0.10576985677083334
1 0.40485540628433225 0.2062402407328288 0.025026166439056398 0.04762037065294054
0 0.7896032333374023 0.48001785278320314 0.025993537902832032 0.09681684705946181
3 0.5145795047283173 0.1756377485063341 0.028396522998809813 0.06138671239217122
0 0.6596526518464089 0.30604916678534616 0.021822890639305113 0.061838849385579424
0 0.5959695816040039 0.30201101303100586 0.030745935440063477 0.06094544728597005
0 0.5791490793228149 0.27270573510064017 0.014112186431884766 0.06287977430555555
0 0.05354394912719727 0.9148678249782987 0.06552712917327881 0.16394822862413194
3 0.4567288041114807 0.31949699189927844 0.03981649875640869 0.06121620602077908
3 0.2943278908729553 0.5655330551995171 0.09973595142364503 0.20673355526394313
0 0.530759048461914 0.8934347364637587 0.057967758178710936 0.17502983940972222
0 0.041078120470047 0.7941814846462674 0.05852853059768677 0.1830783420138889
0 0.5438300371170044 0.21649280124240453 0.013135671615600586 0.05184720357259114
0 0.5269842982292176 0.20406883027818468 0.011181282997131347 0.04840840233696832
2 0.5900117039680481 0.37550629642274647 0.06844680309295655 0.10528684986962213
0 0.5227107048034668 0.7249554104275173 0.040395164489746095 0.14274427625868055
3 0.6897646427154541 0.8231940375434028 0.056366586685180665 0.35361192491319443
0 0.6888615638017654 0.39451070361667206 0.023397892713546753 0.08710509406195746
0 0.37983653843402865 0.22465314865112304 0.012677735090255738 0.05761644575330946
0 0.581611979007721 0.22021576563517253 0.01312425136566162 0.05314006805419922
3 0.5235960006713867 0.12229570282830132 0.022774267196655273 0.05289987987942166
0 0.6208965539932251 0.2679143269856771 0.014429998397827149 0.05614251030815972
0 0.6367312669754028 0.2543754153781467 0.016512060165405275 0.05573098924424913
1 0.4240545243024826 0.42371724446614584 0.0626207411289215 0.08539996676974826
2 0.37958810329437254 0.32720087899102107 0.04005584716796875 0.154843627081977
2 0.5269881129264832 0.5840447425842286 0.10385072231292725 0.17430477142333983
0 0.9022900462150574 0.5466691123114692 0.03261320590972901 0.06143811543782552
0 0.7462897777557373 0.3659807417127821 0.02243356704711914 0.08069347805447048
0 0.5957204103469849 0.19982867770724827 0.012638044357299805 0.04552697075737847
0 0.8639521837234497 0.433742544386122 0.03955674171447754 0.07929700215657552
0 0.8150874614715576 0.44000271691216364 0.024950218200683594 0.08439504835340712
1 0.2936089038848877 0.5633007897271051 0.09937248229980469 0.20105133056640626
0 0.5367615163326264 0.7940165201822916 0.039879238605499266 0.11859698825412326
0 0.18342326879501342 0.5244822820027669 0.0226043701171875 0.08578728569878472
3 0.612567812204361 0.3838702334298028 0.025135624408721923 0.08717019293043349
0 0.3956947922706604 0.20977337095472548 0.008610415458679199 0.04259840647379557
0 0.025969887524843215 0.22686978446112738 0.015349642932415008 0.0405514399210612
0 0.04022947400808334 0.6942409303453233 0.03684355318546295 0.03374036153157552
0 0.4419019937515259 0.16351269086201986 0.00976097583770752 0.03855689366658529
0 0.5979766964912414 0.2656470616658529 0.015070271492004395 0.0515600840250651
2 0.3667805552482605 0.6030381891462538 0.060305333137512206 0.388041443294949
0 0.16825824975967407 0.4751177469889323 0.021784138679504395 0.06703826056586372
0 0.273700213432312 0.30665429433186847 0.017063140869140625 0.06209454006618924
0 0.009984098374843597 0.3408860100640191 0.019968196749687195 0.06709908379448784
1 0.7339612007141113 0.25254077911376954 0.03382842540740967 0.050080659654405384
