0 0.8474819183349609 0.8259706285264757 0.08788375854492188 0.2086391872829861
0 0.25445964336395266 0.5333431667751736 0.06053371429443359 0.1426423814561632
1 0.8462326049804687 0.826829359266493 0.08660812377929687 0.2095083448621962
0 0.6420626789331436 0.2694603284200033 0.02925923466682434 0.07349152035183376
0 0.3232584476470947 0.39416687223646374 0.03665580749511719 0.09755518171522352
0 0.18126095533370973 0.4782258563571506 0.048081183433532716 0.11413697136773003
0 0.4098073571920395 0.3319362852308485 0.03293488621711731 0.08197924296061197
0 0.662138295173645 0.3817663722568088 0.0295867919921875 0.0917584949069553
0 0.0729412317276001 0.39337882995605467 0.048702767491340636 0.0909762912326389
0 0.32333810329437257 0.2716048240661621 0.027505159378051758 0.06658679114447699
0 0.689685869216919 0.33898559146457247 0.032823944091796876 0.08500175476074219
0 0.7124938726425171 0.3353640450371636 0.015439605712890625 0.06075223286946615
0 0.8445390701293946 0.6339868757459852 0.07464942932128907 0.19565489027235244
0 0.21075000762939453 0.28164761861165366 0.045206117630004886 0.04800071716308594
0 0.07120209336280822 0.6079170227050781 0.06553789377212524 0.14544440375434028
0 0.916938841342926 0.3558852301703559 0.0428206205368042 0.04063359366522895
3 0.6905175924301148 0.3382773886124293 0.0334564208984375 0.0854551613330841
0 0.030186915397644044 0.3833213382297092 0.03492361903190613 0.05526784261067708
0 0.6032027125358581 0.21426868438720703 0.017531991004943848 0.039498053656684025
0 0.326780891418457 0.29600716644070213 0.018415212631225586 0.014035056427949005
1 0.25431194305419924 0.5345479753282335 0.06082253456115723 0.14543512132432726
0 0.4124265491962433 0.20421552658081055 0.011918139457702637 0.04872103797064887
0 0.636220109462738 0.2974251369635264 0.01898510456085205 0.017072496149275036
