0 0.04780927300453186 0.409686024983724 0.05482748746871948 0.09301198323567708
0 0.7814476788043976 0.585239749484592 0.03704081773757935 0.1221085442437066
0 0.33804540149867535 0.3412342071533203 0.01740765944123268 0.08292889065212673
0 0.7968919754028321 0.7569447411431207 0.04636397361755371 0.15618964301215277
1 0.1745026707649231 0.6619180467393663 0.1578132390975952 0.1691706339518229
0 0.3510114200413227 0.27182783550686307 0.014653043448925018 0.06535930633544922
0 0.2781787395477295 0.5016612370808919 0.023259687423706054 0.11008288065592448
3 0.4039883613586426 0.36463470458984376 0.08595349788665771 0.2558219061957465
0 0.3934575766324997 0.19474839634365507 0.012581783533096313 0.04595831765068902
1 0.469452702999115 0.3151325861612956 0.040560340881347655 0.07943496704101563
1 0.13901705741882325 0.5004940456814236 0.13697175979614257 0.11872372097439236
3 0.5272005140781403 0.20262018839518228 0.033131730556488034 0.08745168050130209
1 0.44979405403137207 0.9063720703125 0.2601048469543457 0.18313395182291667
0 0.31239469051361085 0.5192335022820367 0.024438095092773438 0.10265585581461588
0 0.3473720669746399 0.5406913969251844 0.035731053352355956 0.12666638692220053
0 0.7030845642089844 0.2934095594618056 0.03445587158203125 0.05797403123643663
1 0.46344133615493777 0.2381708780924479 0.030731916427612305 0.06752891540527343
1 0.46589615345001223 0.5518868128458659 0.08393280506134033 0.20173912048339843
0 0.6683574199676514 0.2973542743259006 0.020811080932617188 0.08146654764811198
0 0.1931285858154297 0.49973699781629777 0.04390273094177246 0.10414326985677083
0 0.25249490737915037 0.4824911753336589 0.02746105194091797 0.12685012817382812
0 0.31485509872436523 0.33300187852647567 0.01861095428466797 0.07038091023763021
0 0.10883176922798157 0.3547814581129286 0.04645935297012329 0.06584161122639974
0 0.41078163385391236 0.1897612518734402 0.01085723638534546 0.0456851429409451
0 0.5621760606765747 0.16437760988871256 0.011177921295166015 0.038025718265109594
0 0.27783975601196287 0.34776089986165365 0.02394523620605469 0.08934978908962674
3 0.4586187779903412 0.151091824637519 0.02463456392288208 0.05646414226955838
0 0.2980406999588013 0.42268939548068574 0.0239926815032959 0.10027406480577257
0 0.8021259367465973 0.6858264923095703 0.033268964290618895 0.05002899169921875
0 0.24993859529495238 0.388980672094557 0.02232367992401123 0.0595924006568061
2 0.4027594581246376 0.39025658501519095 0.0853457659482956 0.20273539225260417
0 0.4222449630498886 0.14843829472859701 0.00817614197731018 0.03497331407335069
1 0.3879229068756104 0.3008235494295756 0.02304229736328125 0.02340191470252143
1 0.5062327265739441 0.15098649130927191 0.01634635925292969 0.03355123731825087
0 0.7145615458488465 0.34295851389567056 0.011501908302307129 0.0663277096218533
0 0.32254310410498876 0.32222331364949547 0.0044051816308638084 0.056315633985731334
0 0.8145427346229553 0.438730165693495 0.025612854957580568 0.08417542775472005
2 0.46987501382827757 0.3217692428165012 0.04113070964813233 0.06532307730780708
0 0.013945817947387695 0.3371416727701823 0.02789163589477539 0.07498408423529732
2 0.35934942960739136 0.9117273754543729 0.08130114078521729 0.1747881147596571
0 0.32303138088318517 0.5024850792355008 0.005218326079193503 0.07843438254462348
3 0.46985985040664674 0.3218753284878201 0.041382455825805665 0.06597287919786242
0 0.36916018575429915 0.22450348536173503 0.012315073609352111 0.05114455752902561
0 0.5730955600738525 0.19243699709574383 0.018770551681518553 0.04560391108194987
0 0.3494858704507351 0.29584019051657784 0.01615495830774307 0.013902603255377875
2 0.40158040821552277 0.301818941170091 0.05918003916740418 0.025789884459744724
