0 0.24167137145996093 0.5277001063028971 0.049214935302734374 0.14894684685601128
0 0.11733512878417969 0.6761944240993923 0.05429173111915588 0.17917158338758682
1 0.4377648651599884 0.30785704718695744 0.051763284206390384 0.10807223849826389
0 0.3494788408279419 0.25865102344089086 0.02115950584411621 0.061419741312662764
0 0.07865965962409974 0.39842867056528725 0.05317503213882446 0.06030246416727702
0 0.38205611407756807 0.2628606266445584 0.02216731905937195 0.06868110232883029
3 0.4383129596710205 0.32643349700503876 0.05247335433959961 0.0750892162322998
0 0.3871517300605774 0.21019138760036893 0.014523327350616455 0.04263678656684028
0 0.03234589993953705 0.3965306599934896 0.04017569422721863 0.07872628106011284
3 0.11619774997234344 0.6765772501627604 0.05451925396919251 0.18661261664496528
0 0.5074482381343841 0.30953039433807134 0.018478095531463623 0.0404432010733419
0 0.9964717507362366 0.38981202443440754 0.007056498527526855 0.06720407274034289
0 0.2865265250205994 0.2324739244249132 0.015532231330871582 0.04310154385036892
