3 0.6266241550445557 0.24420152770148384 0.0898287296295166 0.22270318137274847
0 0.6838134407997132 0.26789672639634876 0.015096509456634521 0.06309956444634332
0 0.07874284386634826 0.39406793382432725 0.05879911184310913 0.08423385620117188
0 0.7816163063049316 0.47821375528971355 0.038639068603515625 0.11828375922309028
0 0.03306424543261528 0.3959174050225152 0.03901881128549576 0.07963922288682726
0 0.3602482616901398 0.2430954721238878 0.01607683300971985 0.05001159244113498
2 0.6329107999801635 0.3216670592625936 0.08801479339599609 0.0655563407474094
0 0.3561237335205078 0.2107566303677029 0.014676475524902343 0.04307583702935113
0 0.39286101460456846 0.2574237505594889 0.0185791015625 0.05542574988471137
1 0.38966522216796873 0.30372333394156564 0.019151687622070312 0.027227399084303112
0 0.37619800567626954 0.25095596313476565 0.019747257232666016 0.07133204142252604
3 0.39059029817581176 0.2684934616088867 0.017915797233581544 0.09820421006944445
0 0.5732478022575378 0.14247701432969834 0.010119748115539551 0.03037183549669054
0 0.6812954425811768 0.29370677835411496 0.013346481323242187 0.009635778930452135
