1 0.46039220690727234 0.6196255366007487 0.09895862340927124 0.1797005123562283
0 0.2863865852355957 0.5068566216362848 0.03026738166809082 0.11760160658094618
0 0.5041687071323395 0.45394115447998046 0.02271484136581421 0.10125465393066406
1 0.6144598841667175 0.5972865846421983 0.10712440013885498 0.17925376892089845
1 0.5279907584190369 0.2472308052910699 0.031858515739440915 0.059303368462456596
0 0.37869241237640383 0.541931872897678 0.029057788848876952 0.13610967000325522
0 0.38374586701393126 0.44570767084757484 0.02574383020401001 0.08066382937961154
1 0.5493039965629578 0.3636531935797797 0.057362914085388184 0.10094246334499783
0 0.3498746156692505 0.6704935709635417 0.03640742301940918 0.16116265190972223
0 0.12250425815582275 0.6449525621202257 0.03622946739196777 0.14289126925998263
0 0.28960843086242677 0.6691693200005425 0.036045169830322264 0.15893003675672743
0 0.41064014434814455 0.38832270304361977 0.02194528579711914 0.09853312174479166
0 0.5718104362487793 0.4220571729871962 0.022023677825927734 0.10240749782986111
0 0.3315328598022461 0.5746152771843804 0.027791213989257813 0.08354167938232422
0 0.471025812625885 0.422190178765191 0.02045612335205078 0.10545450846354167
0 0.8619942188262939 0.632374127705892 0.03881468772888184 0.12623346116807727
0 0.370143224298954 0.34360649320814346 0.020857736468315125 0.07977403004964193
0 0.38428433537483214 0.2728571573893229 0.013919997215270995 0.06533542209201389
1 0.516770213842392 0.19162706269158258 0.02459942102432251 0.04603482352362739
2 0.7308199405670166 0.5267797258165148 0.21759405136108398 0.4071203443739149
0 0.0179333433508873 0.5756165398491754 0.0358666867017746 0.13754908243815103
0 0.30058324337005615 0.8709331936306424 0.05291457176208496 0.20941399468315972
2 0.6068347930908203 0.2992034912109375 0.08856258392333985 0.17009141710069445
0 0.2632193088531494 0.570044665866428 0.02772378921508789 0.13705952962239584
0 0.4164179652929306 0.24402615229288738 0.013922697305679322 0.061876275804307726
0 0.6071197509765625 0.7898708767361111 0.036375999450683594 0.16226738823784723
0 0.329433780326508 0.26711221271091035 0.01710705873556435 0.059559567769368486
3 0.7281985737383365 0.5189024269580841 0.21344037503004074 0.4220558842023214
3 0.7368595790117979 0.8190615230136448 0.25194154754281045 0.3618769539727105
0 0.3579131290316582 0.30073009067111545 0.017739167809486388 0.06847974989149305
3 0.09247027635574341 0.46558642917209203 0.17163095474243165 0.21174333360460068
0 0.4107075989246368 0.31443806754218206 0.01855337619781494 0.07406266530354817
0 0.9030689239501953 0.7358994377983941 0.05645828247070313 0.13317345513237847
2 0.9232292652130127 0.8950134913126627 0.15323967933654786 0.20997301737467447
3 0.46461292505264284 0.1838220755259196 0.028383946418762206 0.07764969931708442
0 0.3307929687201977 0.35492534637451173 0.019416366517543793 0.07388199700249566
0 0.36036615520715715 0.2541626082526313 0.0133061021566391 0.055531756083170576
0 0.3832872599363327 0.22288422054714627 0.012194103002548218 0.05191251966688368
0 0.33290729522705076 0.46026318868001304 0.025866317749023437 0.11782192654079861
0 0.8130940735340119 0.4320746527777778 0.027416694164276122 0.07874187893337674
0 0.39643195569515227 0.3458606825934516 0.01834399104118347 0.0695802264743381
3 0.4604283332824707 0.65636232164171 0.09731044769287109 0.2488340589735243
0 0.41484062373638153 0.18384918106926812 0.010827714204788208 0.04286355972290039
0 0.2675838589668274 0.43100064595540366 0.0236924409866333 0.09476225111219617
0 0.6279629230499267 0.4587838914659288 0.021570968627929687 0.10897708468967014
0 0.012916503846645356 0.3371843973795573 0.02583300769329071 0.07493667602539063
0 0.6604728698730469 0.29864386452568903 0.021647298336029054 0.06586026085747612
0 0.8490849375724793 0.43571370972527396 0.020180821418762207 0.05646698209974501
0 0.02564512863755226 0.22632341384887694 0.015151338279247284 0.04095384809705946
0 0.08229980170726776 0.34563489490085175 0.03754921555519104 0.055421002705891925
0 0.874086880683899 0.44469241566128204 0.020195865631103517 0.05954692628648546
0 0.5615612864494324 0.24352504942152237 0.015760588645935058 0.05726036495632596
1 0.9268654823303223 0.8933850606282552 0.14626903533935548 0.2132298787434896
0 0.7103223443031311 0.3314776102701823 0.019980311393737793 0.061164771185980904
1 0.4438876509666443 0.13656221495734322 0.01718292236328125 0.03325916926066081
