0 0.8386870384216308 0.6723246680365669 0.07327537536621094 0.18364147610134549
0 0.6841837406158447 0.34546651840209963 0.03240571022033691 0.08457830217149523
0 0.3402447524480522 0.41964071061876085 0.034769886173307896 0.09224544101291232
0 0.7208438158035279 0.3804330931769477 0.039829349517822264 0.10131592220730251
0 0.27943897247314453 0.6296313815646701 0.045909881591796875 0.14546424018012152
0 0.6729575037956238 0.27055323918660484 0.026984620094299316 0.07128781212700738
0 0.07328153848648071 0.39520862367418075 0.04737907648086548 0.0902284198337131
1 0.8392877817153931 0.645884535047743 0.07131829261779785 0.1304531521267361
0 0.2916937589645386 0.31079964107937286 0.030300140380859375 0.07201775444878472
0 0.3167620897293091 0.3403274218241374 0.030132293701171875 0.07363084157307943
0 0.3854728266596794 0.4218357933892144 0.04189141094684601 0.10765516493055556
0 0.32988753318786623 0.27040015326605904 0.023810911178588866 0.05642246670193142
0 0.1746059775352478 0.47943706512451173 0.043259048461914064 0.09274262322319879
0 0.20468201637268066 0.6156905704074436 0.061856091022491455 0.1595198737250434
1 0.44838339984416964 0.2809295230441623 0.0639099657535553 0.10709326002332899
0 0.21321746706962585 0.2842350641886393 0.03444458246231079 0.061334016587999134
0 0.3646512046456337 0.28802904552883574 0.022755584120750426 0.06950227949354383
0 0.38499429523944856 0.3189715915256076 0.020136708021163942 0.05968335469563802
0 0.639677906036377 0.2394695493910048 0.019119453430175782 0.05491515265570746
1 0.710364305973053 0.3795582135518392 0.019896388053894043 0.10434199439154732
3 0.8376993298530578 0.6721045070224339 0.07350471019744872 0.18945204416910807
0 0.03269113227725029 0.37971634334988064 0.0332323744893074 0.0477089352077908
0 0.9968435287475585 0.39635336134168836 0.006312942504882813 0.05689019097222222
3 0.6719197154045105 0.29799115856488545 0.02759263515472412 0.018204539351993138
0 0.3219269275665283 0.29705750849097967 0.016452646255493163 0.015054659586813715
0 0.8169890224933625 0.23474907345241972 0.035735929012298585 0.06277957492404514
3 0.28024479150772097 0.6307705985175238 0.045650792121887204 0.14665650261773003
1 0.3850987389683723 0.42062584559122723 0.042706343531608584 0.10571108924018012
