0 0.36433594226837157 0.30058554543389215 0.02979764938354492 0.08342838287353516
0 0.07358809113502503 0.3947236167060004 0.044117403030395505 0.08637979295518664
1 0.43071001172065737 0.3426997926500108 0.0623625636100769 0.09773275587293836
0 0.6273544669151306 0.24171116087171768 0.029767537117004396 0.06910881466335721
0 0.32321876287460327 0.37197669347127277 0.02785675525665283 0.0989675521850586
3 0.43070788085460665 0.34207117507855095 0.06292045712471009 0.09967167741722531
0 0.13672962188720703 0.53619507683648 0.06193971633911133 0.12653444078233506
0 0.4003591924905777 0.2793703079223633 0.02478352189064026 0.06529091729058159
0 0.3066104531288147 0.2971766895718045 0.027568650245666505 0.06650409698486329
0 0.3361813580617309 0.23544322119818795 0.019883148744702338 0.06850933498806423
0 0.26118791103363037 0.43817359076605905 0.0502718448638916 0.10850965711805556
0 0.3690242052078247 0.1624580595228407 0.012782764434814454 0.035309388902452256
1 0.1371828019618988 0.5324306699964735 0.061944639682769774 0.13817888895670574
0 0.03006448708474636 0.39870491027832033 0.04415453746914864 0.08382814195421007
0 0.6037580763542791 0.16425174607170953 0.007369754166575149 0.03749458524915907
0 0.3858803629875183 0.18644170231289334 0.010228896141052246 0.038556279076470266
0 0.13751380443572997 0.773973019917806 0.025174546241760253 0.07613775465223524
0 0.3653012752532959 0.23314904106987847 0.015810394287109376 0.053502655029296874
0 0.3388392448425293 0.2995934804280599 0.02468709945678711 0.06647762722439236
0 0.4200657486915588 0.2443561447991265 0.016044354438781737 0.046854930453830296
0 0.9965185999870301 0.4034597608778212 0.006854701042175293 0.0417573716905382
0 0.3801147937774658 0.22441065046522352 0.01597599983215332 0.05800675286187066
0 0.3518957614898682 0.22495672437879774 0.014675331115722657 0.05451922946506076
