0 0.10230634212493897 0.798079342312283 0.08521285653114319 0.2571348402235243
0 0.2949734091758728 0.36593329111735023 0.03525588512420654 0.08769137064615885
0 0.345550362020731 0.3126778496636285 0.03177535980939865 0.09339760674370659
0 0.674822798371315 0.33098931842380097 0.030740588903427124 0.07593233320448134
0 0.26490719318389894 0.5582660251193576 0.052690649032592775 0.1538543701171875
3 0.6748778462409973 0.330852463013596 0.030858004093170167 0.07530706822872162
3 0.10319525301456452 0.7975752300686306 0.08475698828697205 0.26126586066352
0 0.3957121729850769 0.17167772187127006 0.008359360694885253 0.03552855385674371
0 0.07713464498519898 0.39500732421875 0.060173749923706055 0.0705535888671875
0 0.31037551164627075 0.4392188178168403 0.02623927593231201 0.06218427022298177
0 0.02985660694539547 0.398446528116862 0.04237068369984627 0.08393325805664062
3 0.034441093797795475 0.8145281049940322 0.0680306708905846 0.2788677639431424
0 0.005239631759468466 0.40200561417473685 0.010242850030772388 0.04250502056545681
3 0.3451502680778503 0.324737406309901 0.03177521228790283 0.07141030522891217
0 0.2737539291381836 0.6991305881076388 0.023043298721313478 0.023477088080512153
