0 0.2848935127258301 0.33784464730156794 0.03475456237792969 0.07932211558024088
0 0.18887476325035096 0.5612370596991645 0.05086628198623657 0.13019379509819878
0 0.6663219094276428 0.2956360075208876 0.029166626930236816 0.07884207831488715
0 0.2838650941848755 0.45001450644599067 0.037683725357055664 0.09787489573160807
0 0.3695857718586922 0.40658991071912975 0.037106367945671084 0.09233572218153212
0 0.423833903670311 0.32264502843221027 0.028355556726455688 0.07936823103162978
0 0.2519702434539795 0.6308975219726562 0.06496734619140625 0.16147325303819443
0 0.3424570438452065 0.5186273839738634 0.0423023646697402 0.12415147357516819
0 0.6288045771420002 0.23985794915093317 0.02842541188001633 0.07033856709798177
0 0.36195648461580276 0.2672088305155436 0.022712990641593933 0.05676017337375217
0 0.8138912618160248 0.46428919898139104 0.03668204545974731 0.09955355326334635
0 0.3933686077594757 0.3096681700812446 0.02609192132949829 0.06651503245035807
0 0.31704350709915163 0.35532439549764 0.02755553722381592 0.07565280066596138
0 0.20537135004997253 0.28565918604532875 0.03597394227981567 0.057652982076009114
0 0.07553935050964355 0.3934814029269748 0.055643868446350095 0.089422607421875
0 0.3457705840468407 0.3121806886461046 0.022453847527503967 0.06514879862467447
0 0.7266335964202881 0.4116205427381727 0.03143453598022461 0.0978452894422743
0 0.41956529915332796 0.25791941748725045 0.019548958539962767 0.05416102939181858
0 0.5873512029647827 0.21502611372205946 0.02223052978515625 0.06446859571668836
3 0.2848038196563721 0.33713641696506075 0.03461966514587402 0.08137088351779515
0 0.3242760062217712 0.2876166131761339 0.021443104743957518 0.06319260067409939
0 0.03072406053543091 0.382666015625 0.03754899501800537 0.05425711737738715
0 0.3937410831451416 0.1869103060828315 0.012164926528930664 0.03999664518568251
0 0.326084047780023 0.4273899926079644 0.011348960845498367 0.09469977484809028
3 0.2522745728492737 0.631940852271186 0.06668307781219482 0.16862587398952908
0 0.5938517212867737 0.1668984360165066 0.012639260292053223 0.03409859339396159
0 0.6038820266723632 0.16644259028964573 0.00994873046875 0.03296658198038737
0 0.9233879327774048 0.35636661052703855 0.04562788009643555 0.04183749622768826
0 0.36330437660217285 0.21100434197319878 0.01465449333190918 0.04885143703884549
0 0.30376152992248534 0.7688799328274197 0.022078180313110353 0.07304022047254774
0 0.3762879565358162 0.24242422315809461 0.013981971144676208 0.042212125990125866
0 0.37870800495147705 0.5019582960340712 0.04224419593811035 0.11143052842881944
