0 0.1499028980731964 0.6308877309163411 0.05384074449539185 0.13401828342013888
0 0.2603865504264832 0.42018987867567276 0.027889704704284667 0.09768439398871528
0 0.2208987295627594 0.6149898317125109 0.049392974376678465 0.12820667690700954
0 0.6426443591713905 0.3115879800584581 0.03782598674297333 0.08800220489501953
1 0.41429567337036133 0.4606547037760417 0.07873058319091797 0.17129753960503472
0 0.6904852330684662 0.338756169213189 0.03820887804031372 0.09757107628716363
0 0.332985027731047 0.40759249793158636 0.025174953340319918 0.0994258032904731
0 0.07295425087213517 0.3943587515089247 0.04629622399806976 0.09508435991075304
3 0.6903783440589905 0.3391456795235475 0.03809821605682373 0.0971111762854788
3 0.6430067181587219 0.3225603018783861 0.03773794174194336 0.06466621400581465
0 0.37471330165863037 0.24587363137139215 0.019732284545898437 0.0705009248521593
0 0.3856328785419464 0.28298994700113933 0.02241119146347046 0.07085944281684028
0 0.33087424635887147 0.32692362467447916 0.020929205417633056 0.0826886494954427
3 0.3867315649986267 0.4786589887407091 0.025692296028137208 0.15750288433498807
0 0.385558545589447 0.18884436819288467 0.020023655891418458 0.046618853674994576
0 0.03087717480957508 0.39774019453260634 0.03959543332457542 0.08347867329915365
0 0.3942686080932617 0.20453299416436088 0.010559320449829102 0.038355615403917104
0 0.005037536620511674 0.4006545172797309 0.009921379090519622 0.043876393636067705
0 0.5328806877136231 0.25424830118815106 0.03311500549316406 0.06731694539388021
0 0.5504445910453797 0.36573221418592666 0.02530362606048584 0.08757676018608941
0 0.3376869712024927 0.4832562605539958 0.024225031584501268 0.056913238101535375
0 0.4546292006969452 0.35102731386820474 0.011950623989105225 0.03288480970594618
0 0.3878277659416199 0.34271768993801544 0.022848343849182128 0.053965780470106334
1 0.3303973013185896 0.3263614241240753 0.019887824053876103 0.07371989145047135
0 0.39674729108810425 0.9821702109442817 0.006501603126525879 0.035659578111436635
0 0.4200020402669907 0.31637579235765667 0.023483139276504517 0.03336771527926127
0 0.19050384759902955 0.7928673638237848 0.06346514225006103 0.18114997016059028
