0 0.7533622562885285 0.3687091933356391 0.03611682653427124 0.09152711232503255
0 0.2211231231689453 0.5187344445122613 0.04977684020996094 0.1269030253092448
0 0.26821049451828005 0.39332608116997614 0.034745192527770995 0.09092013041178386
1 0.6449040293693542 0.33172402911716037 0.07117860317230225 0.1272847705417209
0 0.07339744567871094 0.3935331556532118 0.05029804706573486 0.09082217746310764
0 0.6507609605789184 0.23345546722412108 0.022816228866577148 0.06289011637369792
3 0.6461528748273849 0.34238210890649096 0.07196998000144958 0.10639204235954416
0 0.33477181734051553 0.35166776445176867 0.027919698925688862 0.09788373311360678
2 0.602812385559082 0.23918834262424046 0.06015472412109375 0.08987350463867187
0 0.2034369945526123 0.2836307525634766 0.03707480430603027 0.058872222900390625
3 0.3294874310493469 0.35207959281073675 0.03863418102264404 0.09791062672932943
0 0.34487627223134043 0.25584883160061306 0.02028954476118088 0.056691847907172306
0 0.5404090166091919 0.26991760465833875 0.03811326026916504 0.08151103125678169
0 0.029369902051985263 0.3977134280734592 0.048902786895632745 0.08003792232937283
0 0.3911741733551025 0.22861108779907227 0.015375375747680664 0.05604763031005859
1 0.540193784236908 0.2699377165900336 0.038062214851379395 0.08179776933458116
1 0.45869905948638917 0.2371567408243815 0.03708362579345703 0.06429206000434028
1 0.3291613221168518 0.35229289796617297 0.038513779640197754 0.09540123409695095
0 0.10332294702529907 0.8276077270507812 0.06245253086090088 0.18780280219184028
0 0.4061135143041611 0.7330086390177409 0.013560444116592407 0.04629393683539496
0 0.3780123233795166 0.19251349767049153 0.013676071166992187 0.0363690906100803
0 0.4591721534729004 0.23752909766303168 0.037843966484069826 0.06497845119900174
