0 0.8959125518798828 0.5333158704969618 0.06938953399658203 0.10346815321180555
0 0.4989048480987549 0.5850000593397352 0.0758559226989746 0.11294487847222222
0 0.7867311477661133 0.5754164801703558 0.06571273803710938 0.112066650390625
0 0.6867802143096924 0.5694554222954644 0.07118492126464844 0.11236826578776042
0 0.28826925754547117 0.4131431155734592 0.056696176528930664 0.09465993245442708
0 0.3677248477935791 0.4346697489420573 0.056691646575927734 0.09178517659505209
0 0.6133777618408203 0.4588345845540365 0.05951366424560547 0.09773271348741319
0 0.7765286922454834 0.4661094665527344 0.0608790397644043 0.0885054694281684
0 0.0845423698425293 0.36268525653415257 0.04678046703338623 0.07270094553629557
0 0.4366433143615723 0.4672740512424045 0.061392593383789065 0.0943634033203125
1 0.15588786602020263 0.46490147908528645 0.14671130180358888 0.10773824055989584
0 0.5932324647903442 0.28956953684488934 0.01455063819885254 0.06768642001681857
0 0.5038613319396973 0.436224110921224 0.057430267333984375 0.09004584418402778
0 0.6364717125892639 0.2556844605339898 0.014577555656433105 0.0598369386461046
0 0.5395545244216919 0.28889024522569445 0.015125513076782227 0.06941693623860677
0 0.5830856800079346 0.23558428022596573 0.012672805786132812 0.0578177981906467
0 0.6508787155151368 0.3608652750651042 0.02510805130004883 0.08843483395046658
0 0.5647747397422791 0.3208383501921263 0.020539402961730957 0.06320463921874761
1 0.45660107135772704 0.2801372528076172 0.035962390899658206 0.07406383090549046
0 0.49134439826011655 0.3068190574645996 0.01834038496017456 0.07208165062798394
1 0.06669269204139709 0.7413909912109375 0.13193942308425904 0.21677623324924045
0 0.5355934262275696 0.22896354463365343 0.012437701225280762 0.05307030147976345
0 0.6168764114379883 0.2547972043355306 0.012661981582641601 0.06282694074842665
1 0.4517951011657715 0.36706644694010415 0.10961351394653321 0.0940460205078125
0 0.41415621936321256 0.24240617752075194 0.013804417848587037 0.05277012719048394
0 0.861327052116394 0.43115531073676217 0.0417938232421875 0.07504620022243924
0 0.42605198323726656 0.2949199464586046 0.0174140989780426 0.06613184611002604
0 0.19753902554512023 0.40651169882880317 0.03284033536911011 0.0654414070977105
0 0.3822853773832321 0.2943042967054579 0.017468494176864625 0.067718505859375
0 0.6921928763389588 0.31506188710530597 0.031561970710754395 0.07566358778211806
0 0.40659740567207336 0.1936628924475776 0.011669278144836426 0.044461663564046225
0 0.3548946052789688 0.2982325341966417 0.018160545825958253 0.061587587992350264
1 0.45676552057266234 0.18622541427612305 0.025574040412902833 0.053065384758843315
0 0.3338566729798913 0.29753072526719837 0.017915020510554314 0.07373072306315104
0 0.5640000939369202 0.26407470703125 0.012544846534729004 0.06243705749511719
0 0.38851394653320315 0.35892673068576386 0.02842426300048828 0.07032826741536459
0 0.4240328222513199 0.18954576386345756 0.01066874861717224 0.04237250222100152
0 0.5171686828136444 0.1912509865230984 0.010369646549224853 0.04490654203626845
0 0.4048833131790161 0.2940920723809136 0.018113934993743898 0.06585036383734809
0 0.6714614897966384 0.4766823026869032 0.020874518156051635 0.07541571723090278
0 0.6501956939697265 0.5310196770562066 0.04450349807739258 0.09749281141493056
0 0.4495833694934845 0.41692973242865666 0.02664567232131958 0.08080736796061198
0 0.8097896575927734 0.4204499138726128 0.03548927307128906 0.08206142849392362
0 0.5811789155006408 0.1832985930972629 0.012942767143249512 0.04348035388522678
0 0.5641832113265991 0.18422078556484647 0.012653350830078125 0.04635110431247287
0 0.7127590537071228 0.35332687166002064 0.015106892585754395 0.08247708214653862
0 0.007130094617605209 0.46124657524956597 0.014260189235210418 0.09488627115885416
0 0.7407536685466767 0.36340536541408963 0.02339690923690796 0.07922946082221137
0 0.2733583807945251 0.31187359015974736 0.01756446361541748 0.04456399174200164
0 0.396391761302948 0.26782617568969724 0.0072164773941040036 0.05276855892605252
0 0.026431795209646225 0.22759617699517143 0.01623200923204422 0.04043850368923611
