0 0.83668212890625 0.7859425862630208 0.08511238098144532 0.21011827256944443
0 0.5649356842041016 0.7847238328721788 0.08118228912353516 0.19298282199435765
0 0.6183908104896545 0.5043900595770942 0.05162370204925537 0.13696055942111546
0 0.6673254072666168 0.31043525271945527 0.032612276077270505 0.08252415127224393
0 0.6228818688541651 0.26955786810980903 0.026635538786649704 0.06627773708767361
0 0.35313583090901374 0.24365197287665474 0.026384668052196504 0.05874813927544488
3 0.6670604705810547 0.3205791484150622 0.03244705200195312 0.060096378293302326
1 0.5646122097969055 0.7843969557020399 0.07854263782501221 0.19491297403971355
0 0.07282568514347076 0.39428324434492323 0.046842604875564575 0.09388172891404893
0 0.38486159294843675 0.2564520623948839 0.030849972367286684 0.07418973710801867
3 0.8355346500873566 0.7842561297946506 0.08256586790084838 0.20553143819173178
1 0.5572407484054566 0.2821128421359592 0.07150115966796874 0.12503471374511718
1 0.8364166676998138 0.7832215627034506 0.08441668748855591 0.2113003200954861
0 0.03397259190678596 0.3807625240749783 0.03538585752248764 0.049645317925347224
0 0.5994962334632874 0.19955805672539606 0.011691737174987792 0.044844796922471786
2 0.5604618310928344 0.31861810634533566 0.07117795944213867 0.05482848584651947
0 0.7254485964775086 0.32940632899602257 0.025891971588134766 0.034683389133877224
0 0.3239950709790719 0.19776340590582953 0.0073434291778539775 0.04551869498358833
0 0.6390114784240722 0.25894737243652344 0.016347503662109374 0.06712103949652778
