0 0.06427529454231262 0.5971488952636719 0.07969745397567748 0.12374301486545139
0 0.1124531626701355 0.49208272298177086 0.06721975803375244 0.09807993570963541
0 0.8507951736450196 0.4984377966986762 0.06626815795898437 0.08998947143554688
0 0.5404374361038208 0.33027623494466146 0.018831300735473632 0.08136367797851562
0 0.9436042785644532 0.687271965874566 0.0469024658203125 0.14294857449001735
0 0.7409078121185303 0.478777821858724 0.05894479751586914 0.097149658203125
0 0.4200520902872086 0.3809845076666938 0.036433905363082886 0.08189508650037977
0 0.33756675720214846 0.550629636976454 0.06406326293945312 0.10835511949327258
0 0.5632446527481079 0.3051656511094835 0.017177343368530273 0.07115838792588976
0 0.20031397342681884 0.5147805107964409 0.06442732810974121 0.1028323703342014
0 0.3042480707168579 0.44557916853162977 0.04372396469116211 0.1014184315999349
0 0.6798671007156372 0.3445100254482693 0.020683145523071288 0.07954811520046658
0 0.6046810626983643 0.22014546924167208 0.014246368408203125 0.05241001976860894
0 0.3160574436187744 0.29836309221055773 0.0174863338470459 0.0666643778483073
0 0.6043277740478515 0.554604000515408 0.0749587059020996 0.11442820231119792
0 0.6117208480834961 0.35437456766764325 0.019274139404296876 0.08451207478841145
0 0.3550952304154634 0.4944582833184136 0.047660591453313826 0.10316395229763455
0 0.635924243927002 0.3595567915174696 0.02048797607421875 0.09023590087890625
1 0.40156026780605314 0.24786309136284723 0.03306282162666321 0.06170065138075087
1 0.444241863489151 0.269921875 0.03536752462387085 0.07343864440917969
0 0.6355882287025452 0.2775848600599501 0.017933583259582518 0.062231826782226565
0 0.7591801166534424 0.38148824903700085 0.02349843978881836 0.08125296698676215
0 0.01685628741979599 0.49780303107367624 0.03371257483959198 0.08654861450195313
0 0.41495075523853303 0.29001170264350046 0.015698736906051634 0.06761012607150607
0 0.7029084801673889 0.2924521234300401 0.034375691413879396 0.05749242570665147
0 0.4253083646297455 0.22198205524020725 0.012642180919647217 0.04930934906005859
0 0.5779439806938171 0.18893148104349772 0.012097001075744629 0.04692667855156792
0 0.36909759491682054 0.2998340924580892 0.014177361130714416 0.06746548546685113
3 0.4567359209060669 0.20442869928148058 0.040132331848144534 0.07754151026407878
0 0.41043699383735655 0.1947549819946289 0.01017528772354126 0.04286549886067708
0 0.5472325801849365 0.19303959210713703 0.010998296737670898 0.04697673585679796
0 0.22824904918670655 0.4368673430548774 0.026773643493652344 0.06651617685953776
0 0.7760144233703613 0.4616460164388021 0.034967994689941405 0.08748897976345486
0 0.41754789650440216 0.17157637278238932 0.01019265055656433 0.037834548950195314
1 0.52066730260849 0.207647705078125 0.02767188549041748 0.053736835055881074
0 0.3367958400398493 0.2881765047709147 0.01801307126879692 0.06560120052761502
0 0.3537270426750183 0.3078976617919074 0.014789891242980958 0.038017545806037056
0 0.6737884640693664 0.26823856565687393 0.020936131477355957 0.05232991112603082
0 0.2735097885131836 0.31197229120880365 0.016882562637329103 0.04523519621127182
0 0.24431164264678956 0.4082328743404812 0.0287630558013916 0.06302122539944119
0 0.8124993324279786 0.4381674024793837 0.030563735961914064 0.08565589057074653
0 0.263005793094635 0.4307857460445828 0.024134182929992677 0.059229437510172525
0 0.2323497414588928 0.4917866071065267 0.03392770290374756 0.07512743208143446
1 0.849957811832428 0.5042017406887478 0.060950827598571775 0.06655921936035156
0 0.2510653376579285 0.4660602304670546 0.028285813331604005 0.07302255630493164
1 0.5091939151287079 0.17345359060499405 0.02109283208847046 0.03974527782864041
0 0.21005554795265197 0.4722209294637044 0.030961930751800537 0.08018065558539497
1 0.6051133394241333 0.2992319954766168 0.03261899948120117 0.07643118964301215
0 0.5604070663452149 0.18564473787943522 0.010609197616577148 0.0440808720058865
0 0.6303307771682739 0.5079610612657335 0.028116989135742187 0.08927391899956597
0 0.3264525569975376 0.4590765476226807 0.012088854610919953 0.06525810029771593
0 0.014669154584407807 0.33829689025878906 0.029338309168815614 0.07250756157769098
3 0.43176103830337526 0.9624774932861329 0.03909027576446533 0.07380591498480903
0 0.7155871629714966 0.48433665699428985 0.009450674057006836 0.08223551644219293
