0 0.6978031814098358 0.3776352988349067 0.039269769191741945 0.0997767554389106
0 0.7368898749351501 0.5472693549262153 0.056663227081298825 0.14105021158854167
0 0.19856324195861816 0.6144179026285808 0.0689096450805664 0.16257247924804688
0 0.24320191144943237 0.3805456903245714 0.03168623447418213 0.08494404686821831
1 0.610291862487793 0.5909957885742188 0.11004447937011719 0.21063690185546874
3 0.6094740271568299 0.5903947724236382 0.10943343639373779 0.2171256807115343
0 0.33796253204345705 0.2835442119174533 0.025544357299804688 0.05844448937310113
0 0.36770461350679395 0.29855610529581705 0.023899611830711365 0.06546306610107422
0 0.3908687800168991 0.2992622905307346 0.02007778286933899 0.06949990590413412
0 0.3240840911865234 0.38013028038872615 0.032584524154663085 0.10720337761773004
0 0.07761058211326599 0.39442083570692277 0.057933151721954346 0.07059995863172742
0 0.6149158072657883 0.22395883136325412 0.025777373276650906 0.04729985131157769
0 0.27372353076934813 0.3282071431477865 0.02709794044494629 0.07277942233615452
0 0.5532160997390747 0.32791626188490125 0.02981081008911133 0.06982945336235893
0 0.3428588770329952 0.2269435034857856 0.015602131187915803 0.049168692694769964
0 0.382466197013855 0.2385337511698405 0.015802764892578126 0.052958276536729604
0 0.7132547855377197 0.5221680005391439 0.013958740234375 0.07430188920762804
0 0.3406602367758751 0.3231762925783793 0.011986872553825379 0.02666753398047553
0 0.3244064220110886 0.31261394222577416 0.007528838352300227 0.029286846849653457
0 0.5266551554203034 0.342387941148546 0.02468971014022827 0.07446187337239583
3 0.5386692523956299 0.2914967007107205 0.07177200317382812 0.1594816419813368
0 0.4379292011260986 0.23882274627685546 0.023344802856445312 0.06829503377278646
0 0.35556004047393797 0.2211390601264106 0.017547607421875 0.06013895670572917
0 0.39621940851211546 0.6860403272840712 0.007451176643371582 0.03093507554796007
0 0.39963498115539553 0.2604678683810764 0.017169952392578125 0.06297984653049045
0 0.41288577318191527 0.3956810792287191 0.01542978286743164 0.06189930174085829
0 0.39697372913360596 0.3470241016811795 0.006020975112915039 0.03338488472832574
0 0.031403838843107226 0.3842840433120728 0.03493992835283279 0.0556721740298801
2 0.5422708511352539 0.28489803738064234 0.06495456695556641 0.13887244330512152
0 0.8465335488319397 0.6168821652730306 0.019146275520324708 0.036715761820475264
0 0.39305931329727173 0.1708692126803928 0.01096937656402588 0.03993212381998698
