0 0.6772785604000091 0.41174178653293186 0.028431797027587892 0.08993780348036025
0 0.8900281310081481 0.6472204526265463 0.05301811695098877 0.14570963117811414
1 0.5781604051589966 0.3869882689581977 0.06164960861206055 0.10616957346598307
1 0.616065502166748 0.5456297556559245 0.11227684020996094 0.18429896036783855
1 0.5651368141174317 0.308607980940077 0.054020929336547854 0.07875775231255425
0 0.3981919914484024 0.3152086151970757 0.025131672620773315 0.07553378211127387
0 0.36239811182022097 0.2848591486612956 0.0215628981590271 0.06324030558268229
0 0.7182266473770141 0.40932273864746094 0.034154510498046874 0.09376118977864584
0 0.08065158128738403 0.3971451653374566 0.0719977855682373 0.08203158908420138
0 0.6417835354804993 0.28814721637301977 0.027306962013244628 0.061437797546386716
0 0.6790235221385956 0.2950996610853407 0.023834991455078124 0.07410155402289496
1 0.08051051199436188 0.3989526112874349 0.07508394122123718 0.08674189249674479
0 0.37142065167427063 0.22444259855482313 0.013420391082763671 0.05716868506537543
3 0.5662369132041931 0.32061768215563563 0.05547478199005127 0.06156148695283466
0 0.6983974933624267 0.3114087422688802 0.024613475799560545 0.09004957411024306
0 0.6590574532747269 0.2805462837219238 0.011681777238845826 0.05263199276394314
3 0.637920880317688 0.551961686876085 0.07584176063537598 0.18744260999891493
0 0.3953844547271729 0.20556999842325846 0.008609247207641602 0.04040690528021918
0 0.2001112401485443 0.1955214818318685 0.014463436603546143 0.03212754991319444
0 0.39601936340332033 0.3853418032328288 0.007950592041015624 0.06862591637505425
0 0.7124623894691468 0.1795116901397705 0.01486952304840088 0.046220980750189884
0 0.5073143422603608 0.31080349447826544 0.014998400211334228 0.042180397195948495
3 0.46223256587982176 0.7794964578416612 0.26426520347595217 0.4410070843166775
0 0.030097205191850662 0.3819806628757053 0.02940054386854172 0.05113538106282552
