0 0.3458146288990974 0.35910422007242837 0.025631174445152283 0.08059111701117622
0 0.2973493695259094 0.3471548822191026 0.02491919994354248 0.09373616112603081
0 0.18472115993499755 0.7085337320963542 0.04911684989929199 0.14853057861328126
0 0.2629860758781433 0.4182727813720703 0.03194725513458252 0.11661427815755208
0 0.12820894718170167 0.6989822387695312 0.051633024215698244 0.1438500722249349
0 0.3369004840031266 0.293141852484809 0.023895038291811943 0.05749600728352865
1 0.41648041903972627 0.3803363906012641 0.05975177884101868 0.12704686058892145
0 0.6064422607421875 0.2245469199286567 0.01914801597595215 0.05193549262152778
0 0.36826375126838684 0.24372662438286674 0.011621809005737305 0.04559885660807292
0 0.1564258098602295 0.5507902357313368 0.04377484321594238 0.1609157986111111
0 0.3156543731689453 0.3029478414812022 0.01952018737792969 0.027325630726085768
0 0.35518144965171816 0.23608775668674045 0.01577335000038147 0.056705347696940106
3 0.41603606641292573 0.38016225232018364 0.06019688248634338 0.1283812787797716
0 0.07719749212265015 0.39471143086751304 0.060043168067932126 0.070831298828125
0 0.0340247355401516 0.3821023835076226 0.03470208197832107 0.05455837249755859
2 0.41576307117938993 0.38067770136727225 0.06024762988090515 0.12727821932898628
0 0.3930813193321228 0.3961257616678874 0.013837361335754394 0.09503866831461588
0 0.3087437152862549 0.27693583170572916 0.023091745376586915 0.05819112989637587
0 0.3987604737281799 0.22438307868109808 0.019295084476470947 0.0493170420328776
0 0.32581615447998047 0.4770788616604275 0.014318609237670898 0.04434530470106337
