0 0.28083648681640627 0.3443487909105089 0.031143331527709962 0.09372598859998915
0 0.31473780870437623 0.34468261930677624 0.03277842998504639 0.09683920542399088
0 0.15556440353393555 0.67845213148329 0.05591044425964355 0.17618357340494792
0 0.18187035918235778 0.47118511199951174 0.05124107599258423 0.13294639587402343
0 0.031308156251907346 0.6971266852484809 0.05367411375045776 0.10680931939019098
0 0.2570846438407898 0.4528286404079861 0.038109755516052245 0.12162789238823785
0 0.10426154434680938 0.5791701422797308 0.043390911817550656 0.14486448499891494
3 0.5723875999450684 0.3316990746392144 0.08145313262939453 0.19758817884657118
0 0.21456093788146974 0.5808057149251302 0.047165977954864505 0.1422178480360243
0 0.07944393157958984 0.4031630622016059 0.06125726699829102 0.08616061740451389
0 0.3949792504310608 0.3031746864318848 0.026551854610443116 0.08827440473768446
3 0.3151717782020569 0.3436046971215142 0.03253152370452881 0.09825718137953017
0 0.35728648155927656 0.29344204796685114 0.021724691987037657 0.06932733323838976
0 0.40008132457733153 0.22950212690565322 0.01792267560958862 0.05804985894097222
0 0.4183688938617706 0.2535925017462836 0.020819342136383055 0.06345119476318359
0 0.5996627449989319 0.18900424639383953 0.012853407859802246 0.04503859413994683
0 0.3555795431137085 0.24831679662068684 0.016708725690841676 0.058591270446777345
0 0.31403480768203734 0.2631381776597765 0.02561066150665283 0.06399044460720486
0 0.03150166943669319 0.3815377341376411 0.03507926911115646 0.05176446702745226
0 0.6349869728088379 0.23242465125189887 0.016076183319091795 0.05220781962076823
0 0.3495859861373901 0.3605351765950521 0.02520747184753418 0.08504623836941189
0 0.3751354694366455 0.2315710703531901 0.017449092864990235 0.052853902180989586
1 0.03457575999200344 0.6758570141262479 0.05496770218014717 0.07050819396972656
3 0.28051677942276 0.34249682856930624 0.031538987159729005 0.09591766132248772
0 0.9968055725097656 0.39964525434705944 0.00630950927734375 0.04851519266764323
0 0.36777971535921095 0.3512273669242859 0.015281960368156433 0.04735492335425483
0 0.3876820385456085 0.1790948232014974 0.01340482234954834 0.04438531663682726
0 0.33528115786612034 0.32700618306795753 0.01030563935637474 0.03287654055489434
