0 0.08094979524612426 0.7272611829969619 0.06625330448150635 0.15919761657714843
0 0.6414712116122245 0.26847649680243596 0.029404023289680482 0.06936528947618273
0 0.8148849487304688 0.6155157301161024 0.06219940185546875 0.15750766330295138
0 0.36780312061309817 0.297429264916314 0.02818450927734375 0.07235257890489366
0 0.5296041905879975 0.42100130716959633 0.02732611894607544 0.0970672607421875
0 0.07259496897459031 0.39563345379299586 0.04554758369922638 0.08855232662624783
0 0.2360999345779419 0.5464547051323785 0.057471418380737306 0.14015926784939237
0 0.5739590525627136 0.4145950741238064 0.03306062221527099 0.10825042724609375
2 0.548067820072174 0.2114122920566135 0.06238834857940674 0.13626622094048393
0 0.8476249694824218 0.49937146504720054 0.05067424774169922 0.11288206312391492
0 0.33359375 0.37809137768215606 0.024573373794555663 0.09447769588894314
1 0.5591984629631043 0.32619284523857967 0.06318185329437256 0.09434324900309245
3 0.5499697685241699 0.21353848775227866 0.06419658660888672 0.13728934393988715
0 0.3080918550491333 0.31555003431729145 0.017624044418334962 0.052630406473245885
2 0.5595132231712341 0.33090169429779054 0.061806750297546384 0.08243852721320258
0 0.030102608352899553 0.3971761067708333 0.04141765087842941 0.08309215969509548
1 0.08195123821496964 0.6789786868625217 0.06549884974956513 0.06265869140625
0 0.39743876457214355 0.23994062211778427 0.018315601348876952 0.0664762708875868
0 0.41844940185546875 0.2591885460747613 0.016867733001708983 0.06505381266276042
3 0.8473410487174988 0.5028375307718913 0.04988868236541748 0.11709351009792751
0 0.3818520426750183 0.20789564980400932 0.014090180397033691 0.05242599911159939
0 0.32247066497802734 0.2562008751763238 0.017090415954589842 0.06305575900607639
1 0.554378604888916 0.4107466803656684 0.07235889434814453 0.11476203070746528
3 0.5596619844436646 0.33308686258064374 0.062025260925292966 0.08462093985742992
1 0.8476324558258057 0.5027267244127062 0.04987335205078125 0.11810781690809462
0 0.4089645206928253 0.3381100230746799 0.01723846197128296 0.05953222910563151
3 0.5538093626499176 0.4136105219523112 0.07464760541915894 0.11029463873969184
