3 0.39507468938827517 0.5657332102457683 0.14952437877655028 0.29075580173068577
0 0.27634563446044924 0.4055748833550347 0.023444509506225585 0.07461480034722222
0 0.625929307937622 0.28498448265923393 0.023215055465698242 0.06419770982530382
0 0.3655218958854675 0.30288754569159615 0.025280213356018065 0.07903728485107422
3 0.23882152736186982 0.7944668557908799 0.29180670380592344 0.3850696351793077
0 0.27283668518066406 0.3394437789916992 0.032658624649047854 0.0618094974093967
0 0.38397138118743895 0.22652166154649522 0.018774795532226562 0.05319947136773003
0 0.03223492205142975 0.38132710986667206 0.03811284899711609 0.054166815016004774
0 0.29890146255493166 0.4270317077636719 0.021739768981933593 0.07086164686414931
0 0.08304072618484497 0.3950543721516927 0.07241997718811036 0.07342207166883681
0 0.36300297975540163 0.20171563890245225 0.012717747688293457 0.0386635250515408
0 0.507261049747467 0.3115158764516107 0.017125773429870605 0.04515355534127189
0 0.28449074029922483 0.23186844719780816 0.01935532093048096 0.049067179361979164
