0 0.6598078057169914 0.36816273795233834 0.034324243664741516 0.08673564063178169
0 0.18964552879333496 0.7153984917534723 0.0841761589050293 0.18866708543565539
0 0.08152340054512024 0.6559432983398438 0.059948289394378663 0.14148440890842015
0 0.05818727016448975 0.8526507907443577 0.07577507495880127 0.18023885091145833
0 0.19751248359680176 0.46470182206895616 0.046906137466430665 0.10466482374403212
1 0.189364892244339 0.7131558630201552 0.08463820219039916 0.19730345408121744
2 0.5585757613182067 0.24751619233025446 0.07537124156951905 0.16518070432874893
2 0.5802186965942383 0.4124092525906033 0.08739213943481446 0.1912935045030382
0 0.34591555669903756 0.2405719757080078 0.025045882165431976 0.055721155802408856
0 0.07570676803588867 0.3957270304361979 0.052686667442321776 0.08347693549262153
0 0.2970264911651611 0.4258683098687066 0.043573951721191405 0.1170013427734375
0 0.29938511848449706 0.2830153783162435 0.02702193260192871 0.07465811835394966
3 0.5583200931549073 0.24983088175455728 0.07721920013427734 0.16535458034939235
1 0.6614839553833007 0.9232615152994792 0.15660810470581055 0.1475804646809896
3 0.05736850649118423 0.8521392398410373 0.07347671687602997 0.18251546223958334
1 0.2962600827217102 0.4209209336174859 0.04359505176544189 0.1179401609632704
0 0.5521698832511902 0.563950941297743 0.026605677604675294 0.09331597222222222
0 0.38282692432403564 0.23819058736165363 0.016193866729736328 0.055027135213216144
0 0.400300931930542 0.3086822721693251 0.028159332275390626 0.08351419236924913
0 0.363002835214138 0.24815317789713542 0.013050898909568787 0.04116155836317274
0 0.4250442773103714 0.29999673552811146 0.014331835508346557 0.02122263006038136
0 0.032871120423078534 0.39836565653483075 0.040063978731632234 0.08482089572482639
1 0.5796263217926025 0.4115449481540256 0.08934102058410645 0.19757855733235677
0 0.4212316066026688 0.4033326890733507 0.01731495261192322 0.05328799353705512
3 0.5790776491165162 0.4127032028304206 0.08888864517211914 0.1985081434249878
0 0.6203905921429396 0.21745873557196724 0.019654152542352678 0.058477762010362415
0 0.409908390045166 0.22298294703165691 0.011337316036224366 0.044994078742133244
0 0.3967622399330139 0.19506327841016982 0.006475520133972168 0.03818286259969075
0 0.6426187917590142 0.2131061447991265 0.014768305420875549 0.050496143764919704
3 0.5903985857963562 0.8195632934570313 0.2558353185653687 0.3608734130859375
0 0.7998054087162018 0.35568623542785643 0.013568532466888428 0.02282054689195421
