1 0.6692501747980714 0.7836113611857096 0.13375128023326396 0.2237876468234592
0 0.1644022822380066 0.5814151340060764 0.0351226806640625 0.13832058376736112
0 0.6476508855819703 0.44714552561442056 0.021185684204101562 0.09957110087076823
0 0.6914506554603577 0.4328309588962131 0.020364975929260253 0.09360406663682726
0 0.2244698166847229 0.5457427978515625 0.028705334663391112 0.1273525661892361
0 0.4132805824279785 0.5516709221733941 0.028825092315673827 0.13889312744140625
0 0.37277812510728836 0.6102716128031412 0.02971402108669281 0.11344827016194661
1 0.5524685025215149 0.3516408920288086 0.05605742931365967 0.08198966979980468
0 0.4311011701822281 0.44265058305528426 0.02308620810508728 0.10210592481825087
0 0.8239683151245117 0.6906743367513021 0.046846771240234376 0.14517500135633682
0 0.7799551010131835 0.6087607171800401 0.03762695789337158 0.1117937511867947
0 0.7076831847429276 0.5704861958821614 0.03679725527763367 0.11737492879231771
0 0.7132439613342285 0.6713515811496311 0.03310117721557617 0.15156902737087674
0 0.6196872353553772 0.3501845571729872 0.01701195240020752 0.07789245181613498
1 0.5625910997390747 0.2247679180569119 0.03476696014404297 0.06279428270128039
1 0.4438352048397064 0.28153059217664933 0.03869186639785767 0.08148701985677083
0 0.25908865928649905 0.6119216071234809 0.029391670227050783 0.14948866102430555
0 0.3017261981964111 0.7095933702256945 0.04040985107421875 0.17213643391927083
0 0.6745520263910294 0.9653590308295356 0.03979914784431458 0.06852188110351562
0 0.4976575314998627 0.37259277767605253 0.020275914669036867 0.08179172939724393
0 0.8994808793067932 0.6533775541517469 0.05862705707550049 0.1024666256374783
0 0.38439182937145233 0.4652604367997911 0.01912793517112732 0.08265144560072157
0 0.3416027784347534 0.5297247144911025 0.02573428153991699 0.13280020819769967
0 0.2454864501953125 0.8633754306369358 0.042516040802001956 0.20234256320529515
0 0.08509386479854583 0.36432246102227106 0.045436245203018186 0.07120511796739366
0 0.29288079738616946 0.5506688435872396 0.02514925003051758 0.13055386013454862
0 0.30919747352600097 0.46753921508789065 0.02397947311401367 0.11731838650173611
0 0.41097986698150635 0.3637012587653266 0.019586873054504395 0.08271499209933811
0 0.2816481113433838 0.4230369567871094 0.02331399917602539 0.10341152615017361
0 0.35219416618347166 0.45430848863389756 0.024947643280029297 0.11146986219618056
0 0.31843807697296145 0.3797994719611274 0.018839645385742187 0.07640908559163412
0 0.24626004695892334 0.4125313652886285 0.022539567947387696 0.10296664767795138
1 0.5188511669635772 0.1981795310974121 0.02725447416305542 0.04721605512830946
0 0.25699963569641116 0.5083865377638075 0.021871519088745118 0.09219896528455947
1 0.45668032169342043 0.2295063230726454 0.029560542106628417 0.05616421169704861
0 0.6573571532964706 0.31053012212117515 0.016907757520675658 0.0681719250149197
0 0.829066276550293 0.5768320719401042 0.039726638793945314 0.1108127170138889
0 0.6281532287597656 0.3093814386261834 0.013561105728149414 0.04098509947458903
1 0.9205785751342773 0.9493880801730685 0.1580066680908203 0.10122383965386285
0 0.37029576748609544 0.3651992479960124 0.015195110440254211 0.07466538747151692
0 0.31553829908370973 0.3038992987738715 0.017383360862731935 0.06625921461317275
0 0.4003558725118637 0.29670518239339194 0.014380532503128051 0.06379288567437066
0 0.34685720279812815 0.2835614098442925 0.016886036098003387 0.0661948733859592
0 0.3329567790031433 0.33420945273505315 0.015185999870300292 0.06822210947672526
0 0.6449735417962075 0.3218862533569336 0.01567400395870209 0.07108370463053386
0 0.3487656518816948 0.3595489819844564 0.018214616179466247 0.08652981652153863
0 0.60128173828125 0.2550010469224718 0.016950225830078124 0.07112142774793836
0 0.9085079193115234 0.7550205654568143 0.06423568725585938 0.15355784098307293
0 0.4110396683216095 0.28138497670491536 0.014316678047180176 0.06252242194281685
0 0.7025371551513672 0.2922716988457574 0.03474335670471192 0.06011670430501302
0 0.552768325805664 0.17682332462734646 0.01004929542541504 0.041778214772542316
0 0.3815402626991272 0.31784837510850694 0.015858936309814452 0.06457947625054253
0 0.5878426432609558 0.21943902969360352 0.012096333503723144 0.049612998962402344
0 0.2897920608520508 0.3351167254977756 0.017877721786499025 0.0705897437201606
0 0.48544312119483946 0.3116041501363119 0.01568366289138794 0.07173909081353082
0 0.30676701068878176 0.3585673967997233 0.016520929336547852 0.0745656967163086
0 0.4758402705192566 0.2979439735412598 0.01543283462524414 0.07096347808837891
1 0.6502814823761582 0.6924505021837023 0.09646935574710369 0.03665957980685764
0 0.7975620269775391 0.5059718661838107 0.03409309387207031 0.0981992933485243
0 0.23460874557495118 0.37392166985405817 0.024621105194091795 0.07528618706597222
0 0.37070964872837064 0.29870890511406795 0.01464412808418274 0.0629273944430881
0 0.6730722069740296 0.26825133429633247 0.021917891502380372 0.04934866163465712
0 0.40562341809272767 0.2419220076666938 0.013252043724060058 0.05144659678141276
0 0.3901312738656998 0.40298735300699867 0.01887126564979553 0.08617744445800782
0 0.27354576587677004 0.30710936652289494 0.016625452041625976 0.05706884596082899
0 0.01464335024356842 0.33793195088704425 0.02928670048713684 0.07328092787000869
0 0.38479481637477875 0.23201821645100912 0.012790042161941528 0.049513456556532116
0 0.32245892908431417 0.2987386809455024 0.004270591065142071 0.05571011437310113
3 0.4447886526584625 0.30600709040752716 0.04167197942733765 0.03378992240048117
0 0.32552702747343576 0.6614807340833876 0.0103377859282773 0.0970589107937283
0 0.9869420528411865 0.897469245062934 0.026115894317626953 0.11965162489149306
0 0.833318829536438 0.6906665802001953 0.03761510848999024 0.04088253445095486
0 0.4371671319007874 0.22423139148288304 0.012359881401062011 0.04219981299506293
0 0.39310493469238283 0.20741055806477865 0.01125197410583496 0.04493340386284722
0 0.4199757218360901 0.24276560677422418 0.012600135803222657 0.05343634287516276
0 0.8031529247760772 0.5733683904012045 0.024923694133758546 0.09743529425726996
