1 0.6741512753069401 0.6257503297593858 0.1221734568476677 0.15509156121148004
1 0.4023569509387016 0.5436869515313043 0.09027236998081208 0.21330350240071613
0 0.549799644947052 0.4292849858601888 0.025037264823913573 0.09705806308322483
1 0.5316063702106476 0.6023590087890625 0.1063196063041687 0.1865471733940972
0 0.8532880663871765 0.6852166811625163 0.04402921199798584 0.13884177737765843
3 0.44373689889907836 0.36691701147291395 0.05939359664916992 0.1509418381585015
3 0.4147449225187302 0.21444220542907716 0.03259912133216858 0.09159288406372071
0 0.16142408847808837 0.5854941368103027 0.03731842041015625 0.12345879872639974
0 0.8971248865127563 0.6052207522922092 0.023093652725219727 0.08974566989474826
0 0.7945565819740296 0.7046743075052897 0.039877009391784665 0.136861695183648
1 0.6008822798728943 0.4173691643608941 0.06521904468536377 0.11155217488606771
1 0.34985780715942383 0.45795796712239584 0.06616206169128418 0.12523328993055555
0 0.11560769379138947 0.6612477620442708 0.04208657145500183 0.09939668443467882
0 0.6840891629457474 0.4783826404147678 0.02264382243156433 0.09670380486382378
0 0.43222846984863283 0.8808126025729709 0.0338231086730957 0.09980320400661892
3 0.5366797864437103 0.257635498046875 0.03721686601638794 0.09148152669270833
0 0.7146085739135742 0.4718087090386285 0.025666236877441406 0.10876854790581597
0 0.7854938924312591 0.5934282302856445 0.033137285709381105 0.11037381490071614
0 0.542591142654419 0.8241795857747396 0.04106845855712891 0.18097059461805556
0 0.2997598648071289 0.5784049987792969 0.033406639099121095 0.14742312961154513
0 0.5840112686157226 0.9255566067165799 0.04677524566650391 0.14697333441840277
0 0.5244200706481934 0.7294915093315972 0.042447662353515624 0.15196617974175347
0 0.9629148483276367 0.8626407199435764 0.0725412368774414 0.16915011935763888
0 0.16425318717956544 0.3833653767903646 0.04987344741821289 0.08443196614583333
2 0.5317154347896575 0.5997258292304145 0.10612503290176392 0.17624744839138454
1 0.38287744522094724 0.3391108724806044 0.05189701318740845 0.10030973222520616
0 0.2930063009262085 0.4248135460747613 0.025454139709472655 0.11050372653537327
0 0.47060403823852537 0.878662109375 0.054864692687988284 0.18760918511284722
0 0.6606896907091141 0.40874695248074 0.01905147433280945 0.07986869812011718
0 0.6805878549814224 0.33408264584011504 0.01648849844932556 0.07103284200032552
0 0.21009480953216553 0.5820433722601996 0.034293413162231445 0.1335330539279514
0 0.5629156589508056 0.3141778945922852 0.016668701171875 0.080584716796875
0 0.31187580823898314 0.3768752098083496 0.018108439445495606 0.08294103410508898
3 0.4008890151977539 0.548291269938151 0.08580777645111085 0.21150843302408853
0 0.03651903569698334 0.922493659125434 0.06867120862007141 0.1479070027669271
0 0.6433289870619774 0.32241428163316516 0.016493263840675353 0.06931870778401693
0 0.36909729093313215 0.206312804751926 0.013832476735115052 0.05003982120090061
0 0.20978745222091674 0.49465760125054253 0.0291489839553833 0.09764946831597222
0 0.5788355588912963 0.25252496931287977 0.01324462890625 0.05573543972439236
0 0.6293151259422303 0.34833304087320965 0.017994952201843262 0.07057787577311198
0 0.260988450050354 0.36688517464531795 0.025040626525878906 0.07175833384195963
3 0.5348242044448852 0.14070541593763564 0.027134799957275392 0.06004316541883681
0 0.35836929380893706 0.30043186611599393 0.017363834381103515 0.07024862501356337
0 0.33833062201738356 0.3379495726691352 0.0203465610742569 0.08024319542778863
0 0.9525051116943359 0.7319636874728732 0.0560028076171875 0.1291631062825521
1 0.5194559156894684 0.20994604958428276 0.02632545232772827 0.04616862403021919
0 0.3179322123527527 0.2911890347798665 0.016408753395080567 0.06748778025309245
0 0.6188299655914307 0.3063235494825575 0.01829075813293457 0.07714985741509331
0 0.2808495402336121 0.38351753022935653 0.019235873222351076 0.08389962514241536
0 0.6372350335121155 0.25690313975016277 0.015541625022888184 0.05799628363715278
0 0.6468517303466796 0.41632389492458766 0.01963663101196289 0.09856541951497395
0 0.6992325782775879 0.41850479973687066 0.031110572814941406 0.08051350911458334
0 0.2656820774078369 0.523603990342882 0.03256592750549316 0.08456819322374132
0 0.5988922834396362 0.3266827901204427 0.027535438537597656 0.07674840291341146
1 0.4644437968730927 0.15303253597683378 0.020123517513275145 0.03840173085530599
0 0.8627771496772766 0.4311037275526259 0.04112961292266846 0.08063261244032117
0 0.008463126420974732 0.7985649956597223 0.016777408123016358 0.08064617580837674
0 0.2166888952255249 0.8223595513237847 0.047252845764160153 0.17996148003472223
1 0.45946640968322755 0.19468661944071453 0.02635495662689209 0.0495814323425293
0 0.02603229507803917 0.22678874333699545 0.015345562994480134 0.0409162097507053
0 0.01308378279209137 0.3380572001139323 0.02616756558418274 0.07173748016357422
2 0.3787051796913147 0.3376177618280053 0.04153120517730713 0.09630569033324718
0 0.07365183234214782 0.3560061984592014 0.03779412508010864 0.07833287980821398
0 0.8157466650009155 0.4411854426066081 0.025968551635742188 0.08381945292154948
0 0.7027127146720886 0.2930709520975749 0.03519957065582276 0.05973122914632161
0 0.6138055324554443 0.25546631283230253 0.014770865440368652 0.05265562269422743
3 0.23475589752197265 0.6926142374674479 0.11865731477737426 0.30482686360677086
0 0.38733327984809873 0.2750363137986925 0.015578520298004151 0.04659620920817057
0 0.9024839401245117 0.5468653784857855 0.031607437133789065 0.06196984185112847
0 0.4989485561847687 0.9311862521701388 0.028747093677520753 0.07557076348198785
0 0.7832814216613769 0.428357187906901 0.0270263671875 0.08632778591579861
0 0.5698517322540283 0.23545051150851778 0.013046979904174805 0.05447057088216146
0 0.323239779548021 0.30040188339642354 0.005509109643753618 0.022358921356499195
3 0.37796902656555176 0.3383632278690735 0.04384117126464844 0.09748059585690498
