1 0.6246522545814515 0.5904555426703559 0.08966987133026123 0.15011461046006944
0 0.15216100811958314 0.3941134346856011 0.04686020612716675 0.07470241122775607
0 0.07155582904815674 0.8668844434950087 0.04977874755859375 0.22616068522135416
0 0.4910430431365967 0.6455159929063585 0.03972043991088867 0.15778867933485244
0 0.6764140725135803 0.4408702850341797 0.02311522960662842 0.09814181857638889
0 0.19513468742370604 0.5967841254340278 0.03182463645935059 0.14586385091145834
0 0.6253267452120781 0.4453560776180691 0.021220263838768006 0.08887599309285482
1 0.8073005676269531 0.7620384216308593 0.16605911254882813 0.24223412407769096
0 0.2726577639579773 0.5622971640692817 0.028987860679626463 0.124193361070421
0 0.4130831718444824 0.6565078311496311 0.0329864501953125 0.1532302008734809
1 0.45181829333305357 0.29412659539116753 0.049975812435150146 0.08616672092013888
0 0.7241799116134644 0.5252038955688476 0.025304388999938966 0.10159441630045572
0 0.45153963565826416 0.4028737492031521 0.01959998607635498 0.097128783331977
0 0.874586534500122 0.6715018802218967 0.04958329200744629 0.07886691623263889
0 0.5081369042396545 0.3560956531100803 0.01968200206756592 0.08758693271213108
0 0.6442367196083069 0.398571957482232 0.02109482288360596 0.08629021114773221
0 0.08254811465740204 0.36295428805881075 0.04085634350776672 0.07350404527452258
0 0.38669534027576447 0.41730198330349394 0.022719067335128785 0.09581451416015625
0 0.26011271476745607 0.7471243964301215 0.03691897392272949 0.17651858859592015
0 0.8210116565227509 0.6062862396240234 0.05324279069900513 0.10476616753472222
0 0.32938828468322756 0.9130427890353733 0.0523341178894043 0.15688629150390626
0 0.6433148860931397 0.32183269924587676 0.01577134132385254 0.07544920179578993
0 0.3027035713195801 0.6754414876302083 0.0359797477722168 0.16349860297309027
0 0.593163526058197 0.27636658350626625 0.01433875560760498 0.06379184722900391
1 0.5538297653198242 0.29806151919894747 0.0377349853515625 0.07536693149142795
0 0.020880135893821716 0.3856414794921875 0.04176027178764343 0.07871992323133681
0 0.543199110031128 0.3993978712293837 0.039345073699951175 0.09375779893663194
0 0.6141977787017823 0.3324827406141493 0.016910409927368163 0.07975387573242188
0 0.38374569416046145 0.7905236138237848 0.038423013687133786 0.18697950575086805
0 0.7743078410625458 0.520390870836046 0.029294931888580324 0.08842544555664063
1 0.5450947284698486 0.18276845614115397 0.02516350746154785 0.049895657433403864
0 0.3221561908721924 0.35196451610989044 0.019625091552734376 0.08187825944688586
0 0.4084325313568115 0.5145772722032335 0.02699909210205078 0.12772708468967015
0 0.23944354057312012 0.49862812889946834 0.027054834365844726 0.11676216125488281
0 0.7047385454177857 0.43730869823031954 0.024486303329467773 0.08660048378838434
0 0.6321850180625915 0.2637614674038357 0.01572544574737549 0.062343830532497826
1 0.4556949555873871 0.23495890299479166 0.03084014654159546 0.05276658799913195
0 0.38033328056335447 0.5509079403347439 0.026374244689941408 0.1382913377549913
0 0.2908323287963867 0.469995371500651 0.02333841323852539 0.12025960286458333
0 0.3229475855827332 0.4564955393473307 0.020320963859558106 0.09279217190212674
0 0.34821144342422483 0.4596834394666884 0.021993088722229003 0.10658637152777778
0 0.38513249456882476 0.2894513660007053 0.014708656072616576 0.06446982489691841
0 0.29031513929367064 0.34699881871541344 0.020589613914489747 0.07949403127034506
0 0.9179096221923828 0.8049767388237847 0.05328521728515625 0.1626612345377604
0 0.1676665186882019 0.8474916246202256 0.042400145530700685 0.19892510308159722
0 0.9722221374511719 0.7680372873942057 0.0372220516204834 0.09709065755208333
0 0.1821685254573822 0.5101976606580946 0.026336896419525146 0.11451755099826388
1 0.7227261543273926 0.9497178819444444 0.1398843765258789 0.10056423611111111
0 0.7484739303588868 0.5173236423068577 0.028379440307617188 0.1125276353624132
0 0.5710678219795227 0.20926717122395833 0.012912487983703614 0.060350926717122395
0 0.40650577545166017 0.3398149278428819 0.019444370269775392 0.08334721459282769
0 0.4827844500541687 0.2966727786593967 0.014355278015136719 0.06581590440538194
0 0.6728868126869202 0.26865562862820097 0.018615126609802246 0.051402452256944446
0 0.7698655128479004 0.4498194800482856 0.03614749908447266 0.08540361192491319
0 0.166486519575119 0.9644985622829861 0.03326910734176636 0.07035293579101562
0 0.871068000793457 0.4569554646809896 0.02977333068847656 0.08847910563151042
2 0.4527289628982544 0.313889127307468 0.05511322021484375 0.04747485054863824
0 0.29245331287384035 0.40353871716393364 0.01778726577758789 0.057584460576375326
0 0.35279965624213216 0.3574233796861437 0.02138833552598953 0.07388742234971789
0 0.7025230884552002 0.29119009441799587 0.034261322021484374 0.06251349978976779
0 0.3575709447264671 0.29553419748942056 0.018269577622413637 0.06664305792914496
0 0.9916248559951782 0.963548215230306 0.016750288009643555 0.07290356953938802
0 0.3294625315116718 0.29377723269992406 0.01758665977977216 0.06707628038194445
0 0.7373350381851196 0.4513927088843452 0.025687336921691895 0.08327830632527669
0 0.9476906657218933 0.731535381740994 0.027882838249206544 0.0883394029405382
0 0.3852733761072159 0.24075490103827582 0.012537485361099244 0.05347826215955946
0 0.34846622943878175 0.3989164935217963 0.022479248046875 0.05702036751641167
0 0.4209884911775589 0.25798752042982315 0.011952608823776245 0.05673283471001519
0 0.27326350212097167 0.30740957260131835 0.016051340103149413 0.05920789506700304
1 0.5093128621578217 0.16711655192905003 0.021044838428497314 0.04255942238701715
0 0.4416397035121918 0.19837355083889432 0.010540330410003662 0.042414283752441405
0 0.5982954144477844 0.24463254080878363 0.015372538566589355 0.054350259568956165
0 0.4529005169868469 0.15829593870374892 0.008550119400024415 0.036698807610405816
0 0.3941465735435486 0.2613879097832574 0.011706852912902832 0.055679406060112846
0 0.38820381462574005 0.3541854010687934 0.019094294309616087 0.06549046834309896
0 0.31882851123809813 0.2823817041185167 0.01624464988708496 0.06227321624755859
0 0.8140767693519593 0.4345368915134006 0.026686787605285645 0.08686765034993489
0 0.4727018177509308 0.17847819328308107 0.009865868091583251 0.04057482613457574
0 0.4293690025806427 0.23116665946112738 0.012841737270355225 0.047596973843044704
0 0.5039607644081116 0.6831244574652777 0.029967641830444335 0.055266655815972225
0 0.9700372457504273 0.7000851525200738 0.024748611450195312 0.08511793348524306
