0 0.2916046977043152 0.5434108522203234 0.03152906894683838 0.11742990281846788
1 0.4581709861755371 0.8097581651475695 0.10323963165283204 0.28577071295844186
1 0.6541111946105957 0.8992340087890625 0.1714784622192383 0.19979960123697918
0 0.33898067474365234 0.4130931430392795 0.022872543334960936 0.10540296766493056
0 0.6888489484786987 0.47531814575195314 0.02286376953125 0.09806857638888888
0 0.3965713053941727 0.5367000367906358 0.031033211946487428 0.12690891689724393
0 0.03102318346500397 0.3992301940917969 0.05506426692008972 0.0847744411892361
3 0.5839879989624024 0.39708692762586806 0.06629371643066406 0.1628021240234375
0 0.7563764810562134 0.4477068159315321 0.024807238578796388 0.09001074896918403
0 0.7204623997211457 0.4472102271185981 0.02240663766860962 0.09108844333224826
0 0.6710062384605407 0.4128747516208225 0.021012425422668457 0.09092894660101997
0 0.8313361167907715 0.693129645453559 0.039321517944335936 0.15386246575249565
0 0.2035592794418335 0.6321924845377604 0.034921789169311525 0.15677642822265625
0 0.359600567817688 0.6735298792521159 0.03701958656311035 0.07343559265136719
0 0.6402990967035294 0.4238024393717448 0.019520074129104614 0.08901324801974826
1 0.4477500915527344 0.440810055202908 0.057294273376464845 0.12311214870876735
0 0.33305745124816893 0.6186974419487847 0.03018321990966797 0.15300649007161457
0 0.1449114441871643 0.6516974555121527 0.0406219482421875 0.11816652086046008
0 0.2735301971435547 0.44010255601671006 0.026240062713623048 0.10988981458875868
0 0.2380533456802368 0.5354855007595486 0.02954130172729492 0.1302276611328125
0 0.3830682098865509 0.43496038648817276 0.02280869483947754 0.09775933159722222
0 0.35237149223685266 0.2649115668402778 0.015426059067249299 0.06037449306911892
2 0.4121706783771515 0.1745875570509169 0.03991016149520874 0.08457804785834419
0 0.8529312133789062 0.6000711229112413 0.03350257873535156 0.12867728339301215
0 0.9115476608276367 0.7899242824978299 0.062018394470214844 0.16450873480902778
0 0.701422044634819 0.38101684782240125 0.018587452173233033 0.08162542978922525
0 0.43169042468070984 0.2568281809488932 0.014051496982574463 0.05990147060818142
0 0.38252381384372713 0.2522938092549642 0.013447266817092896 0.05848878224690755
3 0.4484822690486908 0.397455243104034 0.05942913293838501 0.20655999481678008
0 0.5493506669998169 0.2395392205980089 0.013697338104248048 0.05890517764621311
0 0.5143287181854248 0.39034466213650176 0.03705406188964844 0.08813730875651042
3 0.4630300343036652 0.19596286879645453 0.03215326070785522 0.10073236889309353
0 0.7926673889160156 0.5791888766818576 0.03130779266357422 0.12342249552408854
3 0.45715571343898775 0.8092953575981988 0.10557942986488342 0.2970489501953125
0 0.08779368400573731 0.36208008660210506 0.04820811748504639 0.08051020304361979
0 0.19562675952911376 0.8950364006890191 0.04740428924560547 0.1982847425672743
1 0.8894128799438477 0.9186143663194445 0.21727442741394043 0.16266988118489584
0 0.41145885586738584 0.25836079915364585 0.014427089691162109 0.05551363627115886
0 0.5319157481193543 0.22050508923000758 0.011658787727355957 0.053241539001464847
0 0.3667798817157745 0.32977351082695855 0.01847691535949707 0.08542156219482422
0 0.27722008228302003 0.3159386952718099 0.02129530906677246 0.07210299173990885
0 0.3210096836090088 0.8644109090169271 0.04557018280029297 0.19150661892361112
0 0.1607229232788086 0.809575907389323 0.045624732971191406 0.19271206325954862
2 0.7176787734031678 0.6271730528937446 0.11739025115966797 0.19079227447509767
0 0.1328557014465332 0.3855008019341363 0.05440430641174317 0.0840775383843316
0 0.3993397682905197 0.3181669129265679 0.015242797136306763 0.08115003373887804
0 0.6067613606152008 0.26273336410522463 0.013447972238645889 0.056992997063530816
1 0.6892638444900513 0.6196070988972981 0.06190214157104492 0.17908744812011718
0 0.7028654098510743 0.29137138790554473 0.03489418029785156 0.060458204481336805
0 0.6237243466079235 0.37323823504977754 0.016297294199466704 0.0791391372680664
0 0.30553364753723145 0.3435312906901042 0.02093477249145508 0.08768257564968533
0 0.564367699623108 0.21870672437879773 0.011814498901367187 0.05071508619520399
1 0.4509146690368652 0.3294971889919705 0.045547103881835936 0.10498292711046008
0 0.3249670892226277 0.3195831298828125 0.009199683513725177 0.06588609483506945
0 0.36453808546066285 0.23921231163872614 0.013910365104675294 0.05353406270345052
0 0.9043593168258667 0.682068485683865 0.04713592529296875 0.05808525085449219
0 0.7913063049316407 0.5046472125583225 0.030224180221557616 0.07666613260904948
0 0.6433216333389282 0.3013416926066081 0.01586942672729492 0.06541260613335503
0 0.636854636669159 0.2542738914489746 0.01590440273284912 0.055892795986599395
0 0.4730347812175751 0.27349460389879016 0.01430450677871704 0.06625982920328775
1 0.06321280375123024 0.9569657431708442 0.09405690878629684 0.08459036085340711
0 0.6179646968841552 0.3062135908338759 0.022971153259277344 0.0713038550482856
0 0.6553930759429931 0.37110166549682616 0.02415757179260254 0.08594591352674696
0 0.4029135644435883 0.24105136659410265 0.014078998565673828 0.04994432661268446
0 0.5814748048782349 0.29013502332899305 0.030751562118530272 0.06029480828179253
0 0.0862968385219574 0.9493121676974826 0.05513187646865845 0.0955596923828125
0 0.5904777765274047 0.22472427156236435 0.01567049026489258 0.0491749021742079
3 0.41248559951782227 0.17912472618950737 0.037445354461669925 0.09023471408420139
0 0.8147010922431945 0.43921625349256727 0.026463007926940917 0.08180919223361545
0 0.02593986988067627 0.22692362467447916 0.015057802200317383 0.0405853271484375
0 0.541809332370758 0.2068211873372396 0.010485053062438965 0.04460279676649306
2 0.6422607660293579 0.8972414652506511 0.15610346794128419 0.20037765502929689
2 0.8974284172058106 0.9153845257229275 0.20330524444580078 0.16923094855414497
1 0.4580518424510956 0.6872862497965495 0.09293111562728881 0.04620581732855903
0 0.5332457423210144 0.17393035888671876 0.010612034797668457 0.04215304056803385
