0 0.44390230178833007 0.5913084665934245 0.07360591888427734 0.12059707641601562
0 0.7489089965820312 0.5398851182725695 0.06665363311767578 0.11237013075086806
0 0.2499526023864746 0.575459713406033 0.07691650390625 0.11143476698133681
0 0.6095095992088317 0.2928015285068088 0.015802836418151854 0.07203231387668185
0 0.08510125577449798 0.3622927029927572 0.046576672792434694 0.07514731089274089
0 0.9019510269165039 0.5445466783311632 0.07179336547851563 0.1006956312391493
0 0.5640479326248169 0.28931495878431535 0.015404796600341797 0.0677022933959961
0 0.5485772132873535 0.4085950215657552 0.025081634521484375 0.08858905368381076
0 0.6290772318840027 0.27737932205200194 0.014153599739074707 0.06514572567409939
0 0.560914957523346 0.19572686089409722 0.011858296394348145 0.04975009494357639
0 0.5260534286499023 0.9109425862630208 0.060193634033203124 0.17457648383246527
1 0.4565828204154968 0.2806034935845269 0.03482112884521484 0.07290293375651041
1 0.5379833459854126 0.18924712075127495 0.022689247131347658 0.0427493413289388
0 0.7021723628044129 0.2919021182590061 0.03293893337249756 0.0578658209906684
0 0.579913318157196 0.21822466320461698 0.013881468772888183 0.053240564134385854
0 0.48483202457427976 0.26461225085788304 0.012251973152160645 0.05897036658393012
0 0.010269226133823394 0.3863182067871094 0.02053845226764679 0.08425021701388889
0 0.2925149440765381 0.34656155904134117 0.024751996994018553 0.09217012193467881
1 0.45237032771110536 0.21783573362562392 0.030215609073638915 0.058929125467936196
0 0.38180301785469056 0.29693743387858074 0.0180442214012146 0.06194038391113281
0 0.7188473701477051 0.3690572102864583 0.020411300659179687 0.08668636745876736
0 0.6371999025344849 0.25483530892266165 0.016393756866455077 0.05992696550157335
0 0.4344564855098724 0.15981347295973036 0.00867694616317749 0.03505676057603624
0 0.27297707796096804 0.3111954628179471 0.01737511157989502 0.04306053212947315
0 0.3544969707727432 0.2987908681233724 0.019283896684646605 0.0625618404812283
0 0.42495693266391754 0.29933994081285265 0.01844920516014099 0.0698735343085395
0 0.5176401138305664 0.1714641465081109 0.009194183349609374 0.040110672844780815
0 0.3313988690264523 0.30172912809583874 0.02022282686084509 0.07242166731092665
0 0.8140054821968079 0.43862868414984807 0.027614140510559083 0.08565114339192709
0 0.41255158483982085 0.19618386692470974 0.011733192205429076 0.04276066886054145
0 0.8626836538314819 0.43191933102077906 0.0406585693359375 0.07596524556477864
3 0.4670459032058716 0.135661866929796 0.01957709789276123 0.05062643686930338
3 0.4560868740081787 0.30352218945821124 0.03827600479125977 0.02902614805433485
0 0.40439482033252716 0.3069441861576504 0.02037132382392883 0.03611059453752306
0 0.42948469519615173 0.19934509065416123 0.01091376543045044 0.04242899152967665
3 0.9645771026611328 0.5638647079467773 0.0701826572418213 0.2925650278727214
0 0.7389737129211426 0.369802729288737 0.027050590515136717 0.08144760131835938
