1 0.5396573901176452 0.6185700310601129 0.11167466640472412 0.18240331013997396
0 0.5456157803535462 0.42753832075330944 0.025411534309387206 0.09383040534125434
3 0.6504742503166199 0.49554336865743004 0.09567520618438721 0.19313296212090386
3 0.46178379058837893 0.22352399826049804 0.034575247764587404 0.07639645470513237
0 0.2386736750602722 0.5871529897054036 0.03670394420623779 0.13542361789279514
0 0.1678470253944397 0.6173590766059027 0.03908038139343262 0.13900638156467013
1 0.39044480323791503 0.46237095726860894 0.09219694137573242 0.15294583638509116
0 0.3430586814880371 0.7408267550998264 0.04082565307617188 0.17641597323947483
3 0.4259657695889473 0.832968012491862 0.13911961019039154 0.32831285264756943
0 0.3120136260986328 0.4733049816555447 0.02568678855895996 0.1088417477077908
0 0.8530380249023437 0.616501702202691 0.038454437255859376 0.12846154106987848
1 0.6988767623901367 0.8130839029947917 0.1379037857055664 0.2788821750217014
1 0.5646598100662231 0.34669474495781794 0.04840559959411621 0.07956456078423393
0 0.8971985220909119 0.60698365105523 0.02222282886505127 0.09086278279622396
0 0.1497267007827759 0.7553085327148438 0.04149296283721924 0.17456275092230902
0 0.3379427999258041 0.35325602425469294 0.01872684359550476 0.07663097381591796
0 0.5930131077766418 0.38414457109239364 0.018077397346496583 0.08300768534342448
0 0.7669734954833984 0.5990987141927083 0.03276660442352295 0.10187581380208334
0 0.7177478790283203 0.6323454115125868 0.03941926956176758 0.12964748806423612
1 0.22756733894348144 0.3933590359157986 0.1251911163330078 0.092529296875
0 0.7254195988178254 0.5526861614651151 0.025813567638397216 0.0939965565999349
0 0.2177061080932617 0.8037134806315104 0.04560688734054565 0.20113321940104167
0 0.37169660478830335 0.34845819473266604 0.020201262831687928 0.07936814626057943
0 0.7989907264709473 0.6673593309190539 0.041579818725585936 0.15327385796440973
2 0.5668720722198486 0.1887227111392551 0.04460234642028808 0.0941811137729221
0 0.5860714077949524 0.2998267279730903 0.013851237297058106 0.0659399668375651
0 0.3074319362640381 0.35140211317274306 0.021352767944335938 0.08480292426215277
0 0.6476847529411316 0.3275748782687717 0.016575837135314943 0.0748125712076823
0 0.0601665198802948 0.9035341050889757 0.05969444513320923 0.1745791965060764
0 0.5733754754066467 0.2821004655626085 0.016266560554504393 0.06509683397081163
0 0.6974404215812683 0.37178532282511395 0.03105347156524658 0.06834019554985894
0 0.1090266227722168 0.35381322304407753 0.04560089111328125 0.06272339555952285
0 0.7672086715698242 0.43792622884114585 0.03916225433349609 0.08524661593967015
1 0.4106350988149643 0.2408015251159668 0.0354173481464386 0.05859533945719401
0 0.9628852128982544 0.8003238677978516 0.06237611770629883 0.1183868408203125
1 0.4289275795221329 0.17671288914150662 0.023015064001083375 0.04683438407050239
0 0.6020438075065613 0.31520624690585664 0.014920496940612793 0.05263471603393555
1 0.45749054551124574 0.305767387813992 0.040849149227142334 0.09580398135715061
0 0.6150671957060695 0.36595629586113826 0.01764284111559391 0.0752826902601454
0 0.3259685683995485 0.30406839582655165 0.011312136799097062 0.07474149068196614
0 0.6371951341629029 0.25448767344156903 0.014838933944702148 0.060545857747395834
2 0.6999635025858879 0.806385252210829 0.14457906782627106 0.2726531982421875
0 0.6646037787199021 0.3705942153930664 0.020435410737991332 0.06777356465657552
0 0.7253167748451232 0.45152051713731556 0.03312010765075683 0.09931661817762587
0 0.7106675744056702 0.4873267491658529 0.019002079963684082 0.09647170172797309
0 0.5212463080883026 0.2253662109375 0.011565935611724854 0.05356241861979167
0 0.6261653065681457 0.29688293668958876 0.017827486991882323 0.06815293629964193
3 0.4372589111328125 0.1336102326711019 0.02284672260284424 0.04915168550279406
0 0.7026562094688416 0.29362315071953665 0.03472144603729248 0.054431215922037764
0 0.9537060737609864 0.9082634819878472 0.09179935455322266 0.1724790785047743
0 0.3525321535766125 0.26073790656195744 0.01464247852563858 0.05711538526746962
3 0.5685994148254394 0.1937644534640842 0.04467506408691406 0.09992286894056532
1 0.6894268319010735 0.6895867453681098 0.12034105360507966 0.042939715915256076
0 0.5099176049232483 0.21683431201510958 0.011584615707397461 0.04840204450819227
0 0.34270745515823364 0.31251854366726345 0.018859553337097167 0.06565687391493055
0 0.01355099380016327 0.33711463080512155 0.02710198760032654 0.07368570963541667
0 0.7854757726192474 0.49638895988464354 0.01973670721054077 0.06507107416788736
0 0.36604132056236266 0.2822686195373535 0.017149734497070312 0.061257192823621964
0 0.788568764925003 0.5573298136393229 0.023193824291229247 0.08765292697482639
0 0.6315529823303223 0.3646212259928385 0.019757461547851563 0.07931416829427083
0 0.5343779802322388 0.17459386189778645 0.010544824600219726 0.03890698750813802
0 0.4116656482219696 0.354390811920166 0.026020896434783936 0.06942467159695095
0 0.8161044120788574 0.4414601643880208 0.025255393981933594 0.0837725321451823
0 0.3914570212364197 0.348396544986301 0.017085957527160644 0.08412460751003689
0 0.6764441013336182 0.26872101889716254 0.026580047607421876 0.05137708452012804
0 0.323164133168757 0.464661529329088 0.005570228770375251 0.08119808832804362
0 0.3858056664466858 0.29885135226779513 0.021014857292175292 0.05559272766113281
0 0.862677276134491 0.4334937413533529 0.04081566333770752 0.07670707702636718
3 0.377212381362915 0.895882436964247 0.04504318237304687 0.2052692413330078
0 0.5301184892654419 0.21929523679945204 0.01113142967224121 0.05350208282470703
0 0.7739370167255402 0.5295446395874024 0.02060772180557251 0.07813347710503472
1 0.4287816256284714 0.6933298110961914 0.09261851906776428 0.034235170152452254
0 0.712931489944458 0.4106970469156901 0.014392995834350586 0.08473375108506945
0 0.02631761282682419 0.22672868304782443 0.0159841388463974 0.04241937001546224
0 0.37062797546386717 0.24420905643039278 0.013623666763305665 0.04902250501844618
0 0.3293714833213016 0.23321713341606987 0.01731258393265307 0.05333828396267361
