0 0.1337265968322754 0.4351320478651259 0.06310687065124512 0.09229583740234375
0 0.3234971046447754 0.6017161051432292 0.08066759109497071 0.12705340915256078
0 0.8405303955078125 0.5709199693467882 0.0669464111328125 0.10673200819227431
0 0.6330188512802124 0.31770509084065757 0.018427658081054687 0.08117120530870225
0 0.9419212341308594 0.686080339219835 0.04909820556640625 0.14207865397135416
1 0.2726311683654785 0.4815359327528212 0.15085868835449218 0.11395060221354167
0 0.5931321740150451 0.28468285666571724 0.014847826957702637 0.0673707538180881
0 0.5133494377136231 0.4139293670654297 0.037657737731933594 0.09276029798719618
1 0.530696713924408 0.34784730275472003 0.06382911205291748 0.07653795878092448
0 0.7028844952583313 0.29244662390814885 0.03454978466033935 0.05816434224446614
0 0.5560884952545166 0.3813201692369249 0.02657151222229004 0.08327768113878038
0 0.3011764168739319 0.3190271160332486 0.017218947410583496 0.060139667723948756
0 0.5346670150756836 0.20391087002224392 0.011905288696289063 0.049163267347547744
1 0.40835321247577666 0.2111660957336426 0.029579395055770875 0.04716871049669054
0 0.47100664377212526 0.31161411073472767 0.019186735153198242 0.07163240644666884
0 0.5648208618164062 0.2218329323662652 0.011430120468139649 0.05333980984157986
0 0.853610897064209 0.47435684204101564 0.05019874572753906 0.08847215440538195
0 0.5761572837829589 0.20018313725789388 0.013207387924194337 0.04861626095241971
0 0.39149213433265684 0.2964450836181641 0.018504405021667482 0.05849405924479167
2 0.3721481239888817 0.3768244458569421 0.10180639503523707 0.1420928676923116
0 0.4092895448207855 0.2890015390184191 0.01672334671020508 0.0668988757663303
0 0.7563635826110839 0.382183837890625 0.02522563934326172 0.08483335706922743
0 0.492177814245224 0.3142039722866482 0.019102942943573 0.06871161990695529
3 0.45771174430847167 0.20553699599372016 0.03992750644683838 0.07070027457343207
0 0.336623814702034 0.47926400502522787 0.032622629404067995 0.07392217848036024
1 0.3974007904529572 0.25284272299872507 0.0324349045753479 0.0604871326022678
0 0.3324785283766687 0.2955349392361111 0.018988700397312642 0.06883388095431858
0 0.9928952097892761 0.5387884881761339 0.014128708839416504 0.07137546539306641
0 0.8293031930923462 0.4897387186686198 0.03492612838745117 0.06033867730034722
0 0.27341777086257935 0.30640829934014213 0.018716883659362794 0.06122175852457682
0 0.6730871558189392 0.2679542223612467 0.021320033073425292 0.05034406450059679
1 0.4429691731929779 0.2689716868930393 0.030886495113372804 0.06909575992160373
0 0.013505269587039948 0.33800693088107636 0.027010539174079896 0.07287481096055773
0 0.9458254337310791 0.5542951160007052 0.019454336166381835 0.08021091885036892
0 0.3865973711013794 0.19439446131388347 0.012822616100311279 0.042643631829155815
1 0.43854610323905946 0.15185713238186307 0.022540056705474855 0.0439684338039822
0 0.8119759559631348 0.4329212612575955 0.03022918701171875 0.08447842068142361
0 0.35375716760754583 0.29621914757622614 0.01699923723936081 0.06220512390136719
0 0.13362717032432556 0.3742892795138889 0.019238150119781493 0.06552876366509332
0 0.2081221044063568 0.49142483605278864 0.03021661043167114 0.09601427714029948
0 0.33852981552481654 0.254456615447998 0.013964952528476715 0.04362765418158637
0 0.4509592831134796 0.3032102584838867 0.01829589605331421 0.056411658393012154
0 0.658171546459198 0.24931954277886284 0.020184016227722167 0.05156355963812934
0 0.5592665553092957 0.18605025079515244 0.012097764015197753 0.042266029781765406
