0 0.26383466720581056 0.6100687662760417 0.07803726196289062 0.12260843912760416
0 0.8488862037658691 0.5585205925835504 0.0669931411743164 0.10050294664171007
0 0.6433122158050537 0.5423477172851563 0.06765098571777343 0.11426798502604167
0 0.06045454740524292 0.5819771660698785 0.07835355997085572 0.10959879557291667
0 0.7606215476989746 0.5351566738552518 0.06511650085449219 0.1061966790093316
0 0.594418728351593 0.31107048458523223 0.026356053352355958 0.07013617621527778
0 0.5129367113113403 0.38664706812964544 0.027202606201171875 0.089075591829088
0 0.5480902910232544 0.30226947996351455 0.028713798522949217 0.06563519371880425
0 0.6355883002281189 0.30081680085923934 0.01676819324493408 0.0698222902086046
0 0.5870956420898438 0.23174641927083334 0.013761520385742188 0.05598233540852864
1 0.5421160221099853 0.20008083979288738 0.023583078384399415 0.04473272959391276
0 0.6539790153503418 0.736324225531684 0.05690078735351563 0.15731404622395834
0 0.5648526787757874 0.21312262217203776 0.01214134693145752 0.05423143174913195
1 0.45615028738975527 0.2803332540724013 0.03569082021713257 0.07426704830593533
0 0.30503997802734373 0.32930420769585506 0.020981979370117188 0.08769768608940973
0 0.3405503699555993 0.9636924319797092 0.03343027047812939 0.07261513604058159
0 0.11546359062194825 0.37732526991102433 0.050991606712341306 0.08514370388454862
0 0.42616293132305144 0.29745985666910807 0.017180711030960083 0.06924086676703559
0 0.7030016303062439 0.292826779683431 0.03462173938751221 0.05861138237847222
1 0.8758399963378907 0.5161295149061415 0.12775535583496095 0.10551130506727431
1 0.4528815090656281 0.2177060021294488 0.030921828746795655 0.05917561848958333
0 0.48440956473350527 0.25271084043714737 0.012033307552337646 0.05587711334228516
0 0.6372799038887024 0.25215730667114256 0.015028691291809082 0.057745636834038626
0 0.007377111911773681 0.4012957255045573 0.014754223823547363 0.09504970974392361
0 0.4326765835285187 0.19229669041103786 0.010360610485076905 0.04145663579305013
0 0.35494151785969735 0.2968172391255697 0.019740776717662813 0.06414644453260633
0 0.7209333121776581 0.362128914727105 0.016887247562408447 0.08364732530381945
0 0.27252652645111086 0.3115366612457567 0.018561553955078126 0.04390151873230934
0 0.33372249472886323 0.29705474641588 0.01920369826257229 0.07428039974636502
0 0.7380198955535888 0.37000948588053384 0.026779365539550782 0.0866988288031684
0 0.8134546279907227 0.43973617553710936 0.036948347091674806 0.08143505520290799
0 0.3822978973388672 0.29266819424099394 0.018728017807006836 0.06977212693956163
0 0.5193636953830719 0.18438985612657335 0.010874974727630615 0.04307238260904948
0 0.4050964266061783 0.2942158063252767 0.019431132078170776 0.06655924055311414
0 0.08268036842346191 0.3659304724799262 0.04401485919952393 0.07748811509874132
0 0.6773320287466049 0.2684967041015625 0.024294453859329223 0.05201416015625
0 0.014341217279434205 0.3388027615017361 0.02868243455886841 0.0703582763671875
1 0.7032124161720276 0.3049267239040799 0.03420016765594482 0.03207567003038195
3 0.46682162284851075 0.1312946319580078 0.01855165958404541 0.04745722876654731
1 0.5299655616283416 0.1560780684153239 0.019378626346588136 0.03803567886352539
0 0.8618879795074463 0.4241553624471029 0.0390988826751709 0.07521578470865885
0 0.3234872478991747 0.2692004521687826 0.006300488859415055 0.05646870930989583
0 0.6585953921079636 0.2538364304436578 0.01605629324913025 0.05362305111355252
