3 0.6176865220069885 0.5437856674194336 0.10657994747161866 0.24394857618543836
0 0.08387596011161805 0.4056547376844618 0.06159011125564575 0.09369888305664062
1 0.46730796694755555 0.47780100504557294 0.06460365056991577 0.13736118740505643
0 0.7208567440509797 0.584005143907335 0.03411785364151001 0.1155289543999566
0 0.3221230983734131 0.6333768632676866 0.03507189750671387 0.13708360460069444
0 0.24395420551300048 0.5018532435099284 0.02526259422302246 0.11056963602701823
0 0.8141321182250977 0.6488949669731988 0.037581443786621094 0.14104639689127604
0 0.3770949602127075 0.6739634301927354 0.04522150754928589 0.14797895219590929
1 0.8682546615600586 0.9171973334418403 0.20784296989440917 0.16067030164930557
0 0.7634708821773529 0.676817978752984 0.04438849687576294 0.1276553259955512
0 0.26249597072601316 0.757467057969835 0.041062784194946286 0.19310150146484376
0 0.2164048433303833 0.3809862772623698 0.045721244812011716 0.08458658854166666
0 0.06466947197914123 0.9141580369737413 0.05725729465484619 0.16571807861328125
0 0.7464369237422943 0.42139786614312064 0.023904955387115477 0.086346435546875
0 0.5702718019485473 0.35321150885687935 0.02012162208557129 0.08093634711371528
0 0.5601783037185669 0.2971597989400228 0.01541123390197754 0.06716594696044922
0 0.71995410323143 0.4848115126291911 0.02700728178024292 0.08758654064602323
1 0.45503038763999937 0.2612264739142524 0.03823615312576294 0.07656582726372613
0 0.3244478702545166 0.48699559105767143 0.02493910789489746 0.09087104797363281
0 0.8870584487915039 0.6225259568956163 0.037139511108398436 0.12287241617838542
0 0.38642163276672364 0.4589355680677626 0.023615455627441405 0.09735120137532552
0 0.54802006483078 0.2625287585788303 0.015191197395324707 0.06299955579969618
0 0.6802143931388855 0.4717181470659044 0.027410435676574706 0.09121934043036567
1 0.45133037567138673 0.3445298936631944 0.04606781005859375 0.09289531707763672
0 0.2034135103225708 0.8825676812065972 0.04139962196350098 0.19446801079644097
0 0.6389199137687683 0.2950641949971517 0.017750763893127443 0.0693666034274631
0 0.29464111328125 0.4636623806423611 0.0257418155670166 0.11855333116319444
0 0.5635728120803833 0.2326352013481988 0.014118671417236328 0.05425554911295573
0 0.884031105041504 0.8028018527560764 0.05676746368408203 0.1232086181640625
0 0.667959475517273 0.39996407826741537 0.0193267822265625 0.08302760654025608
0 0.4148053199052811 0.42824375364515516 0.022464412450790405 0.08803331587049697
0 0.521579647064209 0.3866769578721788 0.04028739929199219 0.08588104248046875
0 0.5884008765220642 0.30832207997639977 0.015430760383605958 0.07156414455837673
3 0.46155630350112914 0.1807493633694119 0.02951946258544922 0.09059113396538629
0 0.34668089970946314 0.41805041895972356 0.022067631781101226 0.09589565594991048
0 0.6835792660713196 0.3525334464179145 0.020596766471862794 0.07624202304416233
0 0.4020073711872101 0.34935629102918836 0.018526744842529298 0.07664159138997396
0 0.5929290175437927 0.23202958636813695 0.0137681245803833 0.055894364251030816
0 0.6038453102111816 0.2736546516418457 0.014949750900268555 0.0629328621758355
0 0.6141486167907715 0.3901112874348958 0.02219219207763672 0.09181416829427083
0 0.3810445636510849 0.2967626995510525 0.015495985746383667 0.07099473741319444
0 0.37602806091308594 0.3897155125935872 0.01728377342224121 0.07439621819390191
0 0.1695978581905365 0.6585869683159722 0.05329543352127075 0.10504828559027778
0 0.8873729705810547 0.7138715955946181 0.04627838134765625 0.12324189080132378
0 0.36567532569169997 0.3446453942192925 0.018768307566642762 0.07853978474934896
0 0.7687469482421875 0.5584150526258681 0.03433914184570312 0.12656622992621527
0 0.33876744732260705 0.2906655841403537 0.01627735048532486 0.06711052788628472
0 0.7071341753005982 0.44086174435085723 0.025493764877319337 0.08226441277398003
0 0.30251593589782716 0.3245276027255588 0.01696314811706543 0.07089803483751085
0 0.411519318819046 0.23654377195570203 0.012942659854888915 0.058278338114420576
0 0.3245862603187561 0.33929817411634655 0.01632249355316162 0.06970136430528429
0 0.2799175024032593 0.35484708150227867 0.028310585021972656 0.08365063137478299
0 0.6599803686141967 0.34882770114474826 0.0197174072265625 0.0725447760687934
0 0.33168611526489256 0.38359459771050347 0.019062137603759764 0.08750279744466145
3 0.42063707411289214 0.15266360706753201 0.03375782370567322 0.07475722630818685
0 0.4345013976097107 0.2157777256435818 0.011771297454833985 0.04817282358805339
0 0.614915955066681 0.3076234393649631 0.011816319823265076 0.06239446004231771
0 0.9931106448173523 0.9604131486680773 0.01377871036529541 0.07917370266384549
0 0.7027723670005799 0.29237176047431096 0.03381011486053467 0.05857503679063585
0 0.6490268126130104 0.40322672526041664 0.02219007909297943 0.07623392740885417
0 0.1803436517715454 0.7823379304673936 0.037547183036804196 0.1160130394829644
0 0.40742553770542145 0.3145954714881049 0.016109853982925415 0.05141316519843207
0 0.3912369549274445 0.2544506284925673 0.014980006217956542 0.055430094401041664
0 0.3202587842941284 0.2882821083068848 0.016338062286376954 0.05904399024115668
0 0.24919497966766357 0.33492553499009875 0.02324504852294922 0.07335393693712022
0 0.3767742156982422 0.20591658486260309 0.01349729299545288 0.0479060067070855
0 0.8132881164550781 0.43763326009114584 0.02786145210266113 0.09164547390407986
0 0.013929452002048492 0.33801337348090277 0.027858904004096983 0.07234429253472222
0 0.025857792049646378 0.2282375759548611 0.015549735724925995 0.04127451578776042
0 0.6747000902891159 0.2690577189127604 0.02054266333580017 0.05148192511664496
0 0.6061797112226486 0.29582842654652064 0.012359422445297242 0.013879075315263537
0 0.30453922748565676 0.3970409154891968 0.01829080581665039 0.07036472426520454
0 0.6226268410682678 0.24892741309271918 0.011797165870666504 0.056470998128255206
0 0.6156717777252197 0.3446761144532098 0.016724807024002076 0.056486667527092825
0 0.6359782099723816 0.2546582751803928 0.014241862297058105 0.05338834126790364
1 0.7340818822383881 0.25010593202379017 0.03349457979202271 0.05138331519232856
0 0.6547065734863281 0.25337094200981986 0.015208053588867187 0.0520674811469184
0 0.7159276962280273 0.3876766734653049 0.008769607543945313 0.06820761362711589
0 0.5746845245361328 0.30805884467230904 0.01352829933166504 0.03708767361111111
