0 0.3450079921633005 0.3525221930609809 0.042948132008314134 0.09484566582573785
0 0.42411123514175414 0.31515188217163087 0.024883389472961426 0.08345932430691189
0 0.7212964057922363 0.3408114327324761 0.036774945259094236 0.09189431932237413
0 0.6669518858194351 0.29882517920600044 0.03266053795814514 0.07380180358886719
0 0.30620551109313965 0.29603733486599393 0.027171897888183593 0.06954345703125
0 0.16688500642776488 0.506483883327908 0.05206775665283203 0.10944179958767361
0 0.07571739554405213 0.3948646545410156 0.05636464357376099 0.09333343505859375
0 0.28724156618118285 0.38646132151285806 0.026625895500183107 0.0716361575656467
0 0.3559305936098099 0.2735599093967014 0.02415991425514221 0.06396641201443143
0 0.8181901931762695 0.5487718370225695 0.06313776969909668 0.15464596218532986
3 0.6662394881248475 0.3126579936593771 0.03223296403884888 0.04566085280643569
3 0.6061567783355712 0.20762176513671876 0.054958534240722653 0.09495688544379341
3 0.3454734444618225 0.3519921667046017 0.042629075050354 0.0965840564833747
3 0.7215121388435364 0.34074481444226373 0.03708014488220215 0.0928203135728836
0 0.033028575032949446 0.3812946637471517 0.033724166452884674 0.052063941955566406
1 0.7111627936363221 0.33773119184705946 0.018299412727355958 0.09103109571668837
0 0.3905236586928368 0.41086385515001084 0.04095928966999054 0.08913747999403211
0 0.40212011337280273 0.2610409630669488 0.020292091369628906 0.062043084038628474
0 0.3479299068450928 0.22430619133843316 0.01613340377807617 0.053355238172743055
