0 0.433768755197525 0.4597567081451416 0.022428357601165773 0.09980658425225152
0 0.6988079190254212 0.5978226767645942 0.03151037693023682 0.12747968037923177
0 0.7412975192070007 0.6083314471774631 0.03230228424072266 0.11279648674858941
0 0.5652972459793091 0.3457544008890788 0.019888877868652344 0.07912150488959419
0 0.6222835183143616 0.4904398388332791 0.02617189884185791 0.11559325324164496
0 0.6574015349149704 0.37922051747639973 0.018344968557357788 0.08404689364963108
0 0.7718789756298066 0.7431235207451714 0.04848006963729858 0.1420646243625217
0 0.16887673139572143 0.6231190999348958 0.03813018798828125 0.14393310546875
0 0.7559651374816895 0.5058340284559462 0.02880859375 0.1219846937391493
0 0.23324887752532958 0.48820482889811195 0.02459716796875 0.11635648939344619
0 0.6646280765533448 0.481736691792806 0.027850961685180663 0.10954221089680989
0 0.278874135017395 0.5812096489800347 0.028901195526123045 0.12860582139756943
0 0.7902816772460938 0.6063789367675781 0.031313514709472655 0.13663389417860244
0 0.42138162851333616 0.3812407493591309 0.02222576141357422 0.09054864247639974
1 0.38492809534072875 0.2995700518290202 0.03014380931854248 0.07264851464165581
0 0.5827679634094238 0.4088612026638455 0.021363544464111327 0.10020480685763888
1 0.46132659912109375 0.3386814117431641 0.04474716186523438 0.09254040188259549
0 0.7010554552078248 0.4747210396660699 0.025284194946289064 0.09719259474012587
0 0.9043899536132812 0.6669181399875217 0.0356201171875 0.08725399441189235
0 0.5838985919952393 0.29893358018663196 0.017104196548461913 0.06860622829861111
0 0.23246221542358397 0.7931625366210937 0.04224348068237305 0.19217325846354166
0 0.6106779932975769 0.3531301604376899 0.019825959205627443 0.08588962554931641
0 0.4119230955839157 0.5662759568956163 0.0313777506351471 0.13603350321451824
0 0.9171442031860352 0.7709646436903211 0.06598587036132812 0.1556769476996528
0 0.6812350660562515 0.36182417339748807 0.018900543451309204 0.08153319888644749
0 0.3541406214237213 0.33910835054185656 0.01716187596321106 0.07654107411702474
0 0.8209531784057618 0.6978391859266493 0.045416975021362306 0.15871679517957898
0 0.6696426510810852 0.2989530775282118 0.016907811164855957 0.07005704243977864
0 0.23131985664367677 0.6444324917263455 0.03291029930114746 0.15287255181206597
1 0.4574442684650421 0.26758975982666017 0.03407799005508423 0.07061030069986979
0 0.7029203414916992 0.2930883831448025 0.03478431701660156 0.05999798244900174
0 0.5964149117469788 0.3716204113430447 0.019843745231628417 0.08170382181803386
0 0.9624366760253906 0.9308725992838541 0.06591873168945313 0.12242940266927084
0 0.31205278635025024 0.41158089107937285 0.021390509605407716 0.09372274610731336
0 0.856529426574707 0.668253156873915 0.03196258544921875 0.13878580729166667
0 0.2952741265296936 0.3389102617899577 0.018342423439025878 0.0730121824476454
1 0.40462842881679534 0.25507640838623047 0.03345826268196106 0.05337507459852431
0 0.2610622406005859 0.4568809085422092 0.01676769256591797 0.07979939778645834
0 0.841468334197998 0.5724013434516059 0.039841842651367185 0.11620093451605903
0 0.29329016208648684 0.4581428527832031 0.023392343521118165 0.11255086263020833
0 0.34444047287106516 0.4029213587443034 0.019097010791301727 0.0924830542670356
0 0.32687543258070945 0.34586433834499786 0.013125865161418915 0.08827815585666232
0 0.3688270092010498 0.46782557169596356 0.030519676208496094 0.12317606608072916
0 0.7143332719802856 0.34463346269395617 0.011958456039428711 0.07029855516221788
3 0.4636711120605469 0.19939057032267252 0.03867969512939453 0.08327596452501085
3 0.39002442061901094 0.31243779129452176 0.0429536759853363 0.047097804811265735
0 0.0068630814552307125 0.47497795952690974 0.013726162910461425 0.09782401190863715
0 0.6377107977867127 0.23591914706759984 0.015119624137878419 0.05539478725857205
0 0.24589691162109376 0.42202332814534504 0.019367456436157227 0.07125138176812065
0 0.27640299797058104 0.4967885335286458 0.021778106689453125 0.10214216444227431
1 0.5058900833129882 0.13880016538831924 0.015482258796691895 0.03557773166232639
0 0.8114276885986328 0.42368316650390625 0.030557584762573243 0.08619876437717014
0 0.2580279350280762 0.38148545159233943 0.026163387298583984 0.08171149359809028
0 0.11670706868171692 0.36159966786702474 0.03412748575210571 0.060486857096354166
0 0.007685961129027419 0.8644340303209093 0.015273865457857028 0.08460010952419705
0 0.862938404083252 0.4318826675415039 0.0397305965423584 0.07800458272298177
0 0.014099782705307007 0.3369532267252604 0.028199565410614014 0.07610083685980903
1 0.5455859184265137 0.1251990689171685 0.01620488166809082 0.03218484454684788
1 0.7788140296936035 0.9635087754991319 0.14393577575683594 0.06854180230034722
0 0.32238785944937265 0.3978968726264106 0.004037482588319108 0.07725736829969618
