0 0.13661409616470338 0.6155144585503473 0.05636460781097412 0.13646596272786457
0 0.2989642024040222 0.39376325607299806 0.040610432624816895 0.10451382531060113
0 0.7833846092224122 0.5047342936197917 0.055133056640625 0.135884518093533
0 0.21340965032577514 0.42262954711914064 0.041928553581237794 0.09657618204752604
1 0.5805764079093934 0.35372226503160265 0.0763559103012085 0.14269356197781033
0 0.3732000201940536 0.3629292064242893 0.026883476972579957 0.09462049272325304
0 0.026324617862701415 0.7671368069118923 0.05246208906173706 0.15822567409939237
0 0.07617545425891876 0.39619792302449547 0.05001189112663269 0.08589259253607856
0 0.3229966402053833 0.2991207546657986 0.029355716705322266 0.07608303493923611
0 0.22113897800445556 0.5920977274576823 0.05028982162475586 0.15058678521050348
0 0.3847605735063553 0.2675956302218967 0.02148582339286804 0.06971244812011719
0 0.3655887842178345 0.23807219399346247 0.02028312683105469 0.07864356570773655
3 0.025940510630607604 0.7692819595336914 0.05188102126121521 0.1659753163655599
0 0.6107368469238281 0.18278900252448188 0.013799905776977539 0.03940572738647461
2 0.5831836342811585 0.3584878444671631 0.07049353122711181 0.13452041414048937
0 0.030237751826643944 0.40157994429270427 0.045866013318300244 0.0872735924190945
0 0.6097269688558299 0.35795247819688586 0.019135751423891633 0.13315238952636718
0 0.6887777090072632 0.1946059544881185 0.01331634521484375 0.03340225219726563
0 0.8561810374259948 0.4846197128295898 0.013785862922668457 0.0341705322265625
0 0.44213787317276 0.15895328521728516 0.009188222885131835 0.03364895714653863
