0 0.8542909622192383 0.7001224093967013 0.07720375061035156 0.19035233391655815
0 0.7285232782363892 0.42032525804307724 0.043824386596679685 0.10806028578016492
0 0.17526867985725403 0.5334870868259006 0.054448401927948 0.13193261888292102
0 0.2454228401184082 0.4768650054931641 0.049260616302490234 0.11011454264322916
1 0.4008455082774162 0.5036485248141819 0.10388423502445221 0.1989264170328776
0 0.04886222779750824 0.7548290676540799 0.07409055829048157 0.172822019788954
1 0.5896759033203125 0.4255388471815321 0.07882099151611328 0.11734695434570312
0 0.07303699254989623 0.39305428398980036 0.050322866439819335 0.09301503499348958
2 0.5741610527038574 0.2757596333821615 0.08562660217285156 0.18404625786675347
0 0.37720179706811907 0.31156827078925237 0.026155719161033632 0.06689913007948134
1 0.43339123129844664 0.3236710760328505 0.07824012041091918 0.13849947187635633
1 0.04956974312663078 0.7549127578735352 0.07378028780221939 0.17633645799424913
0 0.3624348521232605 0.2553266101413303 0.023665452003479005 0.0581229739718967
3 0.37478668689727784 0.512469212214152 0.0488311767578125 0.19314116372002496
1 0.8548445224761962 0.6571922090318468 0.075341796875 0.10783780415852864
0 0.35797126293182374 0.3473252402411567 0.02488250732421875 0.07695528666178385
0 0.032464157417416574 0.39631198247273763 0.039967968314886096 0.08160970475938585
3 0.5750716686248779 0.27369117736816406 0.08542795181274414 0.17977362738715277
3 0.4821970760822296 0.31853388415442574 0.022917258739471435 0.05581395361158583
2 0.5910978198051453 0.42342578834957545 0.0754561185836792 0.11455970870123969
3 0.8525968790054321 0.6983603265550401 0.07512617111206055 0.19463609059651693
3 0.24433765411376954 0.4775005446539985 0.04816150665283203 0.1096096674601237
2 0.30237393379211425 0.36457248263888886 0.07812480926513672 0.14752756754557292
0 0.3294618479907513 0.36182664235432943 0.018298695981502532 0.07938177320692275
0 0.3929103136062622 0.20626417795817056 0.01278061866760254 0.041176096598307295
3 0.3015043497085571 0.35882708132267 0.07504587173461914 0.12808776630295649
0 0.3951351523399353 0.337911319732666 0.009729695320129395 0.07684544457329644
0 0.35390172004699705 0.22410301632351345 0.014620304107666016 0.05633549160427517
0 0.42674715518951417 0.14308596716986763 0.009442591667175293 0.033331574334038626
0 0.4820317506790161 0.31912171045939125 0.022256970405578613 0.06242987314860026
3 0.6080274705588635 0.32956156465742326 0.016051097810304782 0.08134535153706869
