0 0.6445796251296997 0.3110433684455024 0.033538198471069335 0.08104220496283637
0 0.8303791522979737 0.5897247950236003 0.05415611267089844 0.13999027676052517
0 0.30802388191223146 0.39273881912231445 0.03909988403320312 0.10436721377902561
0 0.07305115908384323 0.39546825620863174 0.04626497328281402 0.08758140140109592
0 0.33450802564620974 0.2657515525817871 0.018789839744567872 0.05472193823920356
0 0.2366936206817627 0.522048102484809 0.0646388053894043 0.15666817559136284
0 0.6047367215156555 0.25928756925794816 0.028862309455871583 0.07247528500027127
0 0.37826027870178225 0.27529158062405057 0.021534204483032227 0.07828070322672526
3 0.6450115785002708 0.3203370481315586 0.03354966938495636 0.060655124402708475
0 0.3947658449411392 0.28090753555297854 0.02001672387123108 0.06943827735053168
0 0.2076193571090698 0.28063765631781684 0.04404582977294922 0.05000957912868924
0 0.6039845705032348 0.166356537077162 0.009605026245117188 0.030107318030463324
0 0.028898545540869236 0.39621704949273 0.04598525278270245 0.07937537299262153
0 0.3490797236561775 0.22668990029229058 0.013790455460548402 0.051716126335991756
0 0.37091860771179197 0.20798047383626303 0.014548969268798829 0.05265867445203993
0 0.3938989281654358 0.24501013225979276 0.011762070655822753 0.04667233361138238
0 0.6061792492866516 0.29390243225627477 0.013944172859191894 0.010027086734771729
0 0.45374717116355895 0.3320498320791456 0.008669936656951904 0.02803295718299018
0 0.3967126488685608 0.6870289484659831 0.006409287452697754 0.03529675801595052
0 0.3962067008018494 0.3084835306637817 0.0075865983963012695 0.035792024433612825
0 0.34937735125422476 0.18266038364834256 0.014435674250125884 0.03907999462551541
