3 0.7311959058046341 0.7848700629340277 0.20830649733543397 0.43025987413194444
3 0.19737641215324403 0.6695523367987739 0.1446038842201233 0.2923643747965495
0 0.24507181644439696 0.447672356499566 0.04008374214172363 0.09939219156901041
0 0.33846430033445357 0.36755938000149196 0.03286486566066742 0.09413149091932509
1 0.19472882747650147 0.669448004828559 0.14716534614562987 0.29779137505425346
0 0.28356109857559203 0.36500455008612737 0.03340280055999756 0.08470935821533203
0 0.02167695015668869 0.75462400648329 0.042751428484916684 0.12248263888888888
0 0.35910808891057966 0.23701662487453884 0.019921669363975526 0.058278592427571614
0 0.3290061607956886 0.29378235075208875 0.017387321591377257 0.06145034366183811
0 0.6431318581104278 0.2421118524339464 0.025248908996582033 0.06129483116997613
0 0.07446663081645966 0.3963057094150119 0.04491766095161438 0.08993184831407335
2 0.7117721557617187 0.6699306064181858 0.30593032836914064 0.6601387871636285
0 0.6195207595825195 0.22789398829142252 0.022179937362670897 0.05614435407850477
0 0.377465158700943 0.28119609620836045 0.027986955642700196 0.06752257876925999
3 0.28347008228302 0.3653110239240858 0.033711481094360354 0.08568474451700846
3 0.3383710980415344 0.36714488002989026 0.03283493518829346 0.09348392751481797
3 0.6510972261428833 0.5153521749708387 0.13690390586853027 0.3915178722805447
0 0.6018549799919128 0.1677298969692654 0.011991572380065919 0.0396442625257704
3 0.4674997732043266 0.5160150527954102 0.23950439989566802 0.3901921166314019
0 0.029763435944914818 0.39647774166531036 0.046060646325349806 0.07903048197428385
3 0.021481261551525677 0.7548729366726346 0.0429303270575474 0.12634107801649305
3 0.7813103467226028 0.5350401560465495 0.1874168336391449 0.35214191012912327
0 0.30730361938476564 0.6428323109944661 0.0384157657623291 0.12827877468532986
0 0.3064344048500061 0.733740848965115 0.01290442943572998 0.046128039889865455
3 0.9168316841125488 0.6751065572102865 0.14533233642578125 0.6495012071397569
