0 0.8647077560424805 0.7325557284884983 0.05230903625488281 0.16487053765190973
1 0.6330617785453796 0.4486880037519667 0.07960789203643799 0.13299262788560656
0 0.3243679881095886 0.31555265850490993 0.028502821922302246 0.08122166527642144
0 0.07265568971633911 0.39669277403089737 0.04486614465713501 0.08856389787462023
0 0.3675780534744263 0.324644586775038 0.02735872268676758 0.06826445261637369
0 0.6042969226837158 0.22958008448282877 0.024113225936889648 0.06160030364990234
0 0.3591024875640869 0.4265316433376736 0.028382110595703124 0.12351574367947049
0 0.6279732808470726 0.23992204666137695 0.02504102885723114 0.057142745123969184
0 0.3644416093826294 0.21737342410617405 0.017619609832763672 0.05923945109049479
0 0.28250508308410643 0.5100321027967665 0.038308143615722656 0.12536909315321182
0 0.3821995973587036 0.25962642033894856 0.01983022689819336 0.06402416229248047
0 0.27486454248428344 0.612011104159885 0.038289761543273924 0.10102187262641059
2 0.5235158205032349 0.24235203001234268 0.04686226844787598 0.06778490278455947
0 0.26169475317001345 0.3562720510694716 0.019616246223449707 0.06714755164252387
0 0.4141266256570816 0.22327583101060655 0.01506301760673523 0.05755587683783637
0 0.03246250301599503 0.3814786063300239 0.03760276734828949 0.05082342359754774
0 0.34686184898018835 0.22381409539116753 0.019061826169490814 0.047117826673719616
0 0.41563507318496706 0.3594199233584934 0.008390653133392333 0.03718623055352105
0 0.9131670832633972 0.35522534052530924 0.03870956897735596 0.03982903162638347
0 0.41002988815307617 0.18776577313741047 0.015845584869384765 0.04308315912882487
