1 0.7694066226482391 0.7154463026258681 0.12568780183792114 0.18891626993815105
0 0.23287787437438964 0.6329552332560221 0.034314298629760744 0.15155118306477863
0 0.6665188848972321 0.6098719278971354 0.032657158374786374 0.1388458251953125
3 0.5601686477661133 0.33230774137708874 0.06373348236083984 0.16667130788167317
0 0.2973677396774292 0.5506756358676487 0.02961902618408203 0.13546916113959417
0 0.7818898022174835 0.5424714618259006 0.03664454221725464 0.10501204596625434
0 0.8610958695411682 0.6594809426201714 0.04642283916473389 0.10112334357367622
0 0.331169853056781 0.391344592306349 0.02043606252409518 0.09230079121059842
0 0.36170051991939545 0.3851250145170424 0.02166854739189148 0.09264074431525336
0 0.6541300296783448 0.39282922744750975 0.020029449462890626 0.09180287255181206
1 0.41864011734724044 0.6261214998033312 0.09835969507694245 0.16781060960557725
1 0.413652041554451 0.42839020623101126 0.06189720034599304 0.11894243028428819
0 0.5132154107093811 0.4704446792602539 0.025696635246276855 0.11339573330349392
0 0.6326139532029629 0.30216409895155166 0.01627342849969864 0.07137641906738282
3 0.4172774314880371 0.6702971988254123 0.09945967197418212 0.25580181545681424
0 0.7039886951446533 0.43537928263346354 0.02575674057006836 0.11061638726128473
1 0.5123766720294952 0.18530046145121257 0.025456607341766357 0.04817090564303928
3 0.444901180267334 0.2980869928995768 0.043558788299560544 0.12038476732042101
0 0.9736098289489746 0.821825917561849 0.05278034210205078 0.17477298312717013
0 0.6548581883311272 0.3028805308871799 0.017394867539405823 0.06872569190131293
0 0.5294412612915039 0.7737686157226562 0.03819713592529297 0.17620680067274305
0 0.09985346198081971 0.7847874959309896 0.04179290533065796 0.18151618109809028
0 0.680333423614502 0.37470101250542537 0.021619606018066406 0.08986723158094619
0 0.4064843088388443 0.25913047790527344 0.014259201288223267 0.06098365783691406
0 0.5867975234985352 0.7087720235188802 0.044227981567382814 0.14862501356336805
0 0.5731362342834473 0.8743306477864583 0.044912528991699216 0.18437059190538194
0 0.29370365142822263 0.44264115227593315 0.023950862884521484 0.11273523966471354
0 0.3662503734230995 0.251442199283176 0.013451465964317321 0.0576655281914605
0 0.6069419004023076 0.3056174490186903 0.01388380080461502 0.06873840755886501
0 0.3888704180717468 0.271851634979248 0.013586127758026123 0.06291815439860025
0 0.39081157445907594 0.4431421915690104 0.018376851081848146 0.09401931762695312
0 0.08888034820556641 0.3631371815999349 0.05233583450317383 0.08195927937825521
0 0.7027691006660461 0.29120826721191406 0.03498275279998779 0.061304940117730036
0 0.584806489944458 0.21004349390665691 0.012724065780639648 0.04822266896565755
0 0.4947076618671417 0.3039558410644531 0.03051348924636841 0.07548773023817275
1 0.5479432582855225 0.18681668705410429 0.02522120475769043 0.05472148259480794
0 0.4182658016681671 0.21729207568698458 0.012354433536529541 0.04937763214111328
0 0.6074727411847561 0.2552445517645942 0.013361481670290231 0.05641386244032118
0 0.8633847117424012 0.43082122802734374 0.03933751583099365 0.08067092895507813
0 0.5744955539703369 0.23187744352552625 0.013393545150756836 0.053567017449273
0 0.7182396709918976 0.40195388264126247 0.01836971044540405 0.08370298809475368
0 0.5647728443145752 0.6320209821065267 0.051183891296386716 0.11796029408772786
1 0.449621719121933 0.17803962495591905 0.025212013721466066 0.049281798468695744
0 0.3774107277393341 0.23850726021660698 0.012208998203277588 0.05427981482611762
0 0.5645065784454346 0.21426707373725043 0.012165594100952148 0.05196439954969618
1 0.44321632385253906 0.3221744669808282 0.043842005729675296 0.06657115618387859
0 0.8141495943069458 0.43853713141547307 0.026509618759155272 0.08645197550455729
0 0.3975749224424362 0.22120933532714843 0.010472983121871948 0.046695836385091144
0 0.7120618104934693 0.6707294358147515 0.016501379013061524 0.09785751766628689
0 0.013758514821529389 0.3376209259033203 0.027517029643058778 0.07295142279730903
0 0.29063522815704346 0.38074382411109076 0.019956588745117188 0.07084159321255154
0 0.02608249634504318 0.2278579076131185 0.01460675299167633 0.03984332614474827
1 0.5273358643054962 0.250282531314426 0.032793128490448 0.057524553934733075
0 0.2729714632034302 0.306476985083686 0.019407033920288086 0.06425423092312282
0 0.5955146670341491 0.2580161624484592 0.01493232250213623 0.05388285319010417
0 0.7184420824050903 0.34147060182359484 0.003603219985961914 0.06180256737603081
3 0.4140670120716095 0.40080932444996303 0.06300817728042603 0.18036135700013903
0 0.6755666345357895 0.2687723477681478 0.022312086820602418 0.05052267710367839
