0 0.12466233968734741 0.7158862643771702 0.07074694633483887 0.18806122673882378
0 0.2423488736152649 0.4877827962239583 0.033413243293762204 0.09514880710177952
0 0.3513175629079342 0.38974996142917206 0.03331582099199295 0.09315454694959853
0 0.29107658863067626 0.4915037155151367 0.04213294982910156 0.11186993916829427
0 0.27796249389648436 0.3992791520224677 0.03393912315368652 0.07147998279995388
0 0.07895887345075607 0.39415276845296227 0.05911189615726471 0.06597887674967448
3 0.5533028602600097 0.27060345543755426 0.07685747146606445 0.157195070054796
0 0.393213814496994 0.310979684193929 0.024474430084228515 0.08136446211073134
0 0.3217865347862244 0.3078300264146593 0.02205650806427002 0.07146402994791666
0 0.3180649995803833 0.3887277762095133 0.03258466720581055 0.07565221786499024
0 0.28506197929382326 0.3282660590277778 0.019574308395385744 0.0691635979546441
0 0.35489346385002135 0.2714038319057889 0.01991768479347229 0.053342586093478736
0 0.20931682586669922 0.44384867350260415 0.03484721183776855 0.11342671712239584
1 0.11805464029312134 0.6645401000976563 0.06911735534667969 0.09314202202690972
0 0.4171263426542282 0.24739688237508137 0.019187313318252564 0.0655172348022461
0 0.3788516491651535 0.2623545010884603 0.018983060121536256 0.05291741689046224
0 0.26744946241378786 0.3446365276972453 0.018719792366027832 0.049010674158732094
0 0.30418484210968016 0.6105492485894097 0.06203274726867676 0.13389392428927951
2 0.557802963256836 0.31773940722147626 0.07438149452209472 0.056349192725287545
0 0.02839035280048847 0.39611901177300346 0.04242197498679161 0.08076239691840278
0 0.3271094782743603 0.18507043520609537 0.011074585001915693 0.03362190458509657
0 0.508500212430954 0.30926990484197936 0.01362670660018921 0.037414440015951796
0 0.49174998998641967 0.3082246748937501 0.011006546020507813 0.030559938152631125
3 0.12317730486392975 0.7139314121670193 0.07194008231163025 0.19262218475341797
1 0.5258749842643737 0.14581520822313096 0.020244145393371583 0.02638620800442166
0 0.43836243748664855 0.2236161337958442 0.019463741779327394 0.04832445780436198
0 0.183432137966156 0.44467269049750435 0.02294456958770752 0.08963597615559896
