0 0.20162434577941896 0.43642874823676214 0.0584696888923645 0.0926759507921007
0 0.551322078704834 0.25791937510172525 0.01764087677001953 0.07168642679850261
1 0.7254948616027832 0.5130458831787109 0.1620950698852539 0.13348388671875
0 0.4964010715484619 0.9119518703884548 0.04724206924438477 0.1673465304904514
0 0.17116447687149047 0.38797153896755643 0.03559887409210205 0.060858154296875
0 0.43432335257530214 0.2980687141418457 0.019045865535736083 0.065804566277398
0 0.5708613991737366 0.1891994105445014 0.011006617546081543 0.044546752505832246
0 0.6688752174377441 0.2993572235107422 0.020661163330078124 0.07959645589192708
0 0.5452208757400513 0.19095493422614204 0.010390996932983398 0.04410204357571072
0 0.33804051876068114 0.31719063652886287 0.021056556701660158 0.07707299126519097
0 0.5551158547401428 0.17076073222690158 0.009868168830871582 0.03769890467325846
0 0.7031211137771607 0.291036860148112 0.03376359939575195 0.061600875854492185
0 0.3647617310285568 0.3070013152228461 0.025511544942855836 0.07633177439371745
1 0.4637655377388 0.2999150828561849 0.037317323684692386 0.021695569612913662
0 0.7150928854942322 0.3439500782224867 0.010439229011535645 0.05595238473680284
3 0.4636369526386261 0.19942980342441136 0.038331878185272214 0.11223416858249241
0 0.013787101209163665 0.33732130262586807 0.02757420241832733 0.0727980719672309
0 0.32100629806518555 0.2829774220784505 0.02089061737060547 0.06973826090494792
0 0.6379218697547913 0.22673415078057182 0.015663695335388184 0.048734389411078556
1 0.4123914957046509 0.23513007693820528 0.0312211275100708 0.05176980760362413
0 0.5416337251663208 0.14855984052022297 0.008554744720458984 0.0336155891418457
0 0.11969694495201111 0.36253564092848034 0.03254157304763794 0.058129405975341795
0 0.4032353192567825 0.29651882383558487 0.023718076944351196 0.06649468739827474
0 0.8146082282066345 0.43977716233995223 0.028760075569152832 0.08722873263888889
0 0.5189261674880982 0.16446001794603135 0.008343362808227539 0.03727695677015516
