1 0.39133364111185076 0.5394333309597439 0.08373217284679413 0.2047999064127604
0 0.25575642585754393 0.48849928114149305 0.07035093307495117 0.103131103515625
1 0.5049627780914306 0.45319476657443575 0.08773217201232911 0.12720608181423612
0 0.7987421035766602 0.5887119717068142 0.03201193809509277 0.12471016777886285
0 0.17852208614349366 0.896746826171875 0.0474700927734375 0.18781060112847223
0 0.2584474325180054 0.3713669670952691 0.04153828620910645 0.08430006239149306
1 0.5458083093166352 0.6330929438273112 0.13137732744216918 0.15496228535970052
0 0.285242486000061 0.9055548773871528 0.04920778274536133 0.17632344563802083
0 0.19467606544494628 0.3746158175998264 0.04488439559936523 0.08275722927517361
0 0.6980216264724731 0.35373716354370116 0.021562576293945312 0.07795717451307509
0 0.3183686137199402 0.32394997278849286 0.021906590461730956 0.07372904883490669
0 0.41872944831848147 0.37460352579752604 0.021986675262451173 0.09496849907769098
0 0.6352927207946777 0.39209560818142364 0.024782180786132812 0.09847022162543403
0 0.5002016067504883 0.8032342698838976 0.04141979217529297 0.18039398193359374
0 0.5621304512023926 0.9118476867675781 0.05270824432373047 0.17630462646484374
0 0.35257434844970703 0.7945386250813802 0.04385433197021484 0.20143347846137152
0 0.7129511833190918 0.5889444986979167 0.03513679504394531 0.13515268961588542
0 0.4022109270095825 0.18886632389492458 0.012898671627044677 0.04563097423977322
0 0.6691841125488281 0.299094475640191 0.020598220825195312 0.07817518446180556
0 0.6076852239668369 0.3163154390123155 0.014882405102252961 0.0548531002468533
0 0.36376660466194155 0.4161480797661675 0.019754183292388917 0.09694527520073784
0 0.3729347616434097 0.2991912947760688 0.015931683778762817 0.06934214697943794
0 0.38922039568424227 0.41784805721706814 0.021885043382644652 0.06264432271321614
0 0.5776856303215027 0.26250713136461046 0.015373158454895019 0.06650227440728082
0 0.061233341693878174 0.5460755242241754 0.07058830261230468 0.09673970540364583
0 0.8794854402542114 0.5558452818128797 0.04048871994018555 0.094721433851454
0 0.06894042491912841 0.6792934841579861 0.09663057327270508 0.12336357964409722
0 0.044808493554592134 0.4262165705362956 0.03557017147541046 0.05370012919108073
0 0.09480912983417511 0.6089269532097711 0.03863045573234558 0.101151000128852
0 0.17012577056884765 0.4829161749945747 0.06625428199768066 0.09905497233072917
0 0.35010546296834943 0.25997823079427085 0.014280548691749573 0.056146028306749134
0 0.7074658274650574 0.51417096985711 0.025460124015808105 0.10403360790676541
0 0.595918619632721 0.3172934956020779 0.019184327125549315 0.07166673872205946
0 0.017004605825059117 0.4944880856408013 0.03295687497593462 0.06545103920830621
0 0.6193311929702758 0.2881584379408095 0.015200328826904298 0.06742053561740452
0 0.11707134246826172 0.6424158520168728 0.04015624523162842 0.08282703823513454
0 0.5448606371879577 0.1982387595706516 0.0152512788772583 0.05235683653089735
0 0.3753223329782486 0.2556376351250543 0.01377905011177063 0.056676695081922746
3 0.3751298189163208 0.5289642333984375 0.04905266761779785 0.23310284084743924
0 0.7194882035255432 0.3463610847791036 0.016544651985168458 0.05714671081966824
0 0.9013583183288574 0.4674326578776042 0.05301856994628906 0.07929517957899306
2 0.5444018542766571 0.655059920416938 0.1286661744117737 0.207296880086263
0 0.11977155804634095 0.3628123680750529 0.026861655712127685 0.05709142155117459
0 0.09648515582084656 0.477743403116862 0.059045159816741945 0.0956250508626302
1 0.4378673493862152 0.14501354959275986 0.017295825481414794 0.03134690390692817
0 0.018283507227897643 0.6559846666124132 0.036567014455795285 0.14347771538628473
0 0.36064987182617186 0.24403576321072049 0.012963247299194337 0.05357988145616319
0 0.41045432090759276 0.3340323978000217 0.022809886932373048 0.07324795193142361
1 0.4547062337398529 0.1338218371073405 0.01676415205001831 0.029613685607910157
0 0.5677008509635926 0.18141457769605848 0.01368248462677002 0.044489044613308375
0 0.5916831851005554 0.21920685238308377 0.013613200187683106 0.05328042772081163
0 0.7030054926872253 0.29173141055636936 0.033699870109558105 0.0619293212890625
0 0.3778596490621567 0.22010302013821073 0.013101845979690552 0.046612019009060326
0 0.8614946842193604 0.42539070977105037 0.03768172264099121 0.08061769273546007
0 0.6062380158902669 0.6651486502753363 0.012447638511366677 0.09192492167154948
0 0.013247434794902802 0.3352430979410807 0.026494869589805604 0.08027572631835937
3 0.3594908118247986 0.8198836326599122 0.05894424915313721 0.3602327346801758
0 0.10686645805835723 0.6889412562052409 0.033830612897872925 0.04356227450900608
0 0.04185240715742111 0.4845056215922038 0.034935477375984195 0.07655044131808811
