3 0.7681844785809517 0.8024079428778754 0.2885565131902695 0.39518411424424915
0 0.6857691556215286 0.28499973085191516 0.02275788187980652 0.06935193803575304
1 0.4372804075479507 0.25091623730129664 0.042665904760360716 0.09434638553195529
0 0.28567321300506593 0.3313598102993435 0.021866607666015624 0.07046671973334419
0 0.7724393367767334 0.39835230509440106 0.03308267593383789 0.07796512179904513
0 0.07596570253372192 0.398714107937283 0.059894871711730954 0.07468778822157118
0 0.03180708438158035 0.38126967748006185 0.03496682941913605 0.052057711283365886
0 0.41755941808223723 0.7618075476752387 0.014893800020217896 0.03742607964409722
0 0.5068597793579102 0.31384571658240423 0.014933013916015625 0.040609312057495114
3 0.4377064317464828 0.25053141911824545 0.042575794458389285 0.09448621537950304
0 0.9179603695869446 0.35613284905751547 0.03853638172149658 0.04144870440165202
