0 0.10332809686660767 0.7867926703559027 0.058158135414123534 0.19689771864149305
0 0.7727115213871002 0.46338657803005645 0.035407650470733645 0.11867489284939237
0 0.6237389206886291 0.3110666275024414 0.019889330863952635 0.0780364990234375
0 0.6536307334899902 0.3333936479356554 0.021842193603515626 0.08394275241427951
0 0.5793012619018555 0.5969230651855468 0.035198307037353514 0.15237257215711805
0 0.6098180532455444 0.34229261808925204 0.016563796997070314 0.06368884642918905
0 0.07673815488815308 0.39494505988226997 0.05994083881378174 0.07118445502387152
3 0.10400894284248352 0.785612678527832 0.055941450595855716 0.19799588521321615
0 0.6765167236328125 0.32377446492513023 0.029389572143554688 0.10042843288845486
0 0.934730613231659 0.5276785002814399 0.019759202003479005 0.03330809275309245
0 0.508329200744629 0.310273382667866 0.017492222785949706 0.0414869779927863
0 0.0036392397436429747 0.40080992380777997 0.0072012366348644715 0.045467037624782984
0 0.008198796212673188 0.45489705933464897 0.016397592425346375 0.06076502270168728
