0 0.7151798665523529 0.34153502782185874 0.038817751407623294 0.0945852279663086
2 0.6414111018180847 0.276717111799452 0.11198456287384033 0.21557254791259767
0 0.0797432541847229 0.39930203755696614 0.06627318859100342 0.07931425306532118
0 0.3689134240150452 0.22213023503621418 0.018445801734924317 0.05948221418592665
0 0.7611398696899414 0.38056144714355467 0.039077377319335936 0.10516857571072048
0 0.5764086961746215 0.3064421229892307 0.021957254409790038 0.06539198557535807
0 0.6107576370239258 0.6081971062554253 0.040546226501464847 0.15692053900824654
3 0.7147611618041992 0.3417576377590497 0.03839995861053467 0.09477856722142962
0 0.03188473805785179 0.38524856567382815 0.03248035460710526 0.05900514390733507
0 0.38354512453079226 0.20022710164388022 0.00980980396270752 0.03710751003689236
3 0.4059141457080841 0.5277314609951443 0.16826807260513305 0.3667593002319336
0 0.3795047402381897 0.1596207512749566 0.01300642490386963 0.038845655653211804
