0 0.9243576049804687 0.7300224304199219 0.08991317749023438 0.21169806586371528
0 0.7063726752996444 0.35043436686197915 0.03598414063453674 0.08578898111979166
0 0.14347877502441406 0.8665033976236979 0.07360033988952637 0.17631123860677084
0 0.07287465929985046 0.6846611870659722 0.07070006132125854 0.1673456827799479
0 0.2681687593460083 0.5334233178032769 0.06113448143005371 0.1426136440700955
1 0.40814606845378876 0.3379326820373535 0.05890513062477112 0.09650393591986763
3 0.3902102679014206 0.46323982344733344 0.08639324307441712 0.15736769570244682
0 0.3380119323730469 0.3022419293721517 0.026283407211303712 0.07894891103108724
0 0.6496970057487488 0.2694636238945855 0.023555827140808106 0.06982099745008681
0 0.0729794129729271 0.3944605191548665 0.04710128605365753 0.09017535315619575
0 0.6890028119087219 0.2848835521274143 0.026223063468933105 0.06808596716986762
1 0.07469312846660614 0.6566307491726345 0.0693198025226593 0.10882839626736111
3 0.4076200008392334 0.3381049442208476 0.05673837661743164 0.09603880354099803
0 0.6197721123695373 0.2854820781283908 0.016167521476745605 0.06874213748508029
0 0.5956851720809937 0.2278995090060764 0.021120834350585937 0.053351974487304686
1 0.14225608110427856 0.8649431652492947 0.07143449783325195 0.1776508331298828
3 0.7063021272420883 0.35115824275546603 0.036714059114456174 0.08516119851006401
1 0.39085946083068845 0.4636400010850694 0.08663549423217773 0.15554707845052082
3 0.9238762736320496 0.7273579173617892 0.0932532548904419 0.20978230370415582
0 0.5782382011413574 0.2260414547390408 0.018404769897460937 0.05887722439236111
1 0.9163879871368408 0.6659349229600694 0.08358306884765625 0.09002931382921008
0 0.9156916618347168 0.3568296564949883 0.035716676712036134 0.04163630273607042
0 0.44804314970970155 0.19699744648403592 0.024749171733856202 0.06158346600002713
0 0.3809488534927368 0.2617780473497179 0.01940445899963379 0.06336593627929688
0 0.0280315387994051 0.39801616668701173 0.04757902845740318 0.08350054423014323
0 0.6555755615234375 0.23656862046983507 0.01608753204345703 0.05016966925726996
0 0.3843175619840622 0.22199151780870224 0.020183271169662474 0.054368548923068576
1 0.26697643995285036 0.53343505859375 0.060009217262268065 0.143798828125
0 0.4034018635749817 0.23001651763916015 0.017842137813568117 0.05222587585449219
