0 0.315690016746521 0.3780930625067817 0.03279743194580078 0.08996365865071615
0 0.688860559463501 0.3116133689880371 0.03173584938049316 0.07994874318440755
0 0.14276306629180907 0.7286847432454427 0.0759389877319336 0.18577762179904514
0 0.3708006337285042 0.30993740293714733 0.03206169307231903 0.0763018078274197
0 0.2809948205947876 0.3655697292751736 0.0392249584197998 0.07897093031141493
0 0.33812981229275463 0.2547961552937826 0.023799974098801614 0.05393948025173611
0 0.5411158800125122 0.3945606231689453 0.03614296913146973 0.10312542385525174
0 0.6425658032298088 0.2580290370517307 0.027210238575935363 0.07479750315348307
3 0.5487951159477233 0.19831753306918673 0.05312731266021729 0.09313624699910482
0 0.15211058855056764 0.5690052880181207 0.05959742069244385 0.1302575005425347
0 0.07521706223487853 0.3932050069173177 0.05279015302658081 0.0845823499891493
0 0.6064013719558716 0.18902803526984321 0.014790582656860351 0.044222185346815324
3 0.6895353347063065 0.32059047805766266 0.03229612708091736 0.061046170112159515
3 0.1418381929397583 0.7253730985853407 0.07384319305419922 0.18346036275227864
1 0.14153923392295836 0.7267801602681477 0.07577205896377563 0.18708604176839191
0 0.37675224542617797 0.2357436498006185 0.025482487678527833 0.07112621731228298
3 0.1504087269306183 0.5738396644592285 0.0610277533531189 0.13363925086127387
0 0.03098883293569088 0.3987720489501953 0.043224889785051346 0.08444535997178819
1 0.362884371727705 0.16250356568230523 0.041143931448459625 0.036699496375189884
3 0.28111761808395386 0.3656545943684048 0.040419602394104005 0.07937679555681017
3 0.37162620574235916 0.31903117443952295 0.03416323363780975 0.05814388170838356
0 0.8553853988647461 0.48568154440985783 0.01228179931640625 0.03358995649549696
0 0.9965419054031373 0.40400453673468695 0.006916189193725586 0.040684880150689016
