0 0.825080680847168 0.5509252336290148 0.06570162773132324 0.10993559095594618
1 0.6705489158630371 0.5043535868326823 0.12686758041381835 0.11671040852864584
1 0.5434441328048706 0.2895358615451389 0.037137413024902345 0.07136048210991754
0 0.3775434345006943 0.5397928873697917 0.05228831171989441 0.12141223483615451
0 0.5813823699951172 0.23113648096720377 0.013549566268920898 0.059443897671169706
0 0.4475874900817871 0.4163942125108507 0.0576594352722168 0.09091796875
0 0.08542662560939789 0.3635896788703071 0.046881181001663205 0.07393885718451607
0 0.5057293713092804 0.3165150891368588 0.026182258129119874 0.05453885715040896
0 0.9748367309570313 0.7149378458658854 0.05031166076660156 0.1380438486735026
0 0.5198334991931916 0.218168576558431 0.012630927562713622 0.05319086710611979
0 0.7027410507202149 0.2917727894253201 0.034934377670288085 0.06028931935628255
0 0.3365335941314697 0.4465784708658854 0.059461116790771484 0.09407687717013889
0 0.3077991485595703 0.3691595607333713 0.03493332862854004 0.07658345964219836
0 0.2805788040161133 0.35439635382758244 0.025755023956298827 0.08401192559136285
0 0.324298095703125 0.29804320865207246 0.01661376953125 0.06868247985839844
1 0.4554582595825195 0.36017930772569445 0.10040740966796875 0.07921534644232855
3 0.4519796371459961 0.25501700507269964 0.04572372436523438 0.12570648193359374
0 0.5489053964614868 0.22363303502400717 0.012050151824951172 0.05499117109510634
0 0.35235219076275826 0.24376068115234376 0.014166967570781707 0.0492057376437717
0 0.8634694337844848 0.43146934509277346 0.04272360801696777 0.07577989366319444
0 0.5258174896240234 0.18383423487345377 0.010160303115844727 0.04298381805419922
0 0.4010230004787445 0.2961046748691135 0.01607828140258789 0.059749836391872826
0 0.3428014300763607 0.29591559304131404 0.01851796656847 0.06825622982449002
0 0.4849850654602051 0.24065273072984483 0.012819671630859375 0.056978797912597655
0 0.8117871284484863 0.4252618153889974 0.03185005187988281 0.08742463853624131
0 0.4270693063735962 0.23550337685479059 0.011361432075500489 0.05021648406982422
3 0.5436334013938904 0.30720063369307254 0.04052283763885498 0.03435917852653397
0 0.41951910257339475 0.1792525980207655 0.009180068969726562 0.040247906578911676
0 0.3287262241559802 0.39479044808281794 0.016715801652753725 0.08323947058783637
0 0.573676609992981 0.1917624208662245 0.012143421173095702 0.045580577850341794
0 0.27275978326797484 0.3123531569416324 0.01670067310333252 0.04573888459967242
0 0.35860196501016617 0.2980934778849284 0.0173626571893692 0.06324352688259549
0 0.40507941246032714 0.18081600930955674 0.011358034610748292 0.042322932349310984
1 0.4520320534706116 0.3016219065007236 0.03960421085357666 0.024403205431169934
3 0.4516387164592743 0.3026597089237637 0.0393032431602478 0.026632406976487902
0 0.37449822425842283 0.2971948623657227 0.018533170223236084 0.06445897420247396
0 0.014346662163734435 0.33852725558810765 0.02869332432746887 0.07230148315429688
0 0.026697836816310883 0.226874934302436 0.01716892421245575 0.03999614715576172
0 0.6753020524978638 0.2674589580959744 0.02643294334411621 0.05141169230143229
0 0.9225171685218811 0.5111600663926866 0.04069397449493408 0.10463460286458333
