0 0.6900548458099365 0.32712179819742837 0.033025813102722165 0.07851795620388455
0 0.7986692905426025 0.5064860661824544 0.04633011817932129 0.11525077819824218
0 0.29937406778335574 0.36691921022203233 0.02789638042449951 0.08364298078748915
0 0.6190600872039795 0.3108496454026964 0.029876279830932616 0.07281309763590495
0 0.0726033478975296 0.3948376867506239 0.04446271061897278 0.08777222103542752
0 0.3783987045288086 0.3169004090958171 0.02518324851989746 0.05244899955060747
0 0.6354603610932827 0.25629296832614473 0.024279095232486725 0.06525207095675999
0 0.20443353652954102 0.28359050750732423 0.03788442611694336 0.06304037306043837
0 0.338548743724823 0.29910967085096574 0.024853968620300294 0.0665409935845269
0 0.3246511578559875 0.40389205349816215 0.031264424324035645 0.08525023460388184
3 0.6900742888450623 0.3279265594979127 0.03226540088653564 0.07528939131233427
0 0.40351730585098267 0.3138980924255318 0.01955806016921997 0.04532612578736411
0 0.03457717671990394 0.38150982326931426 0.03416934460401535 0.05119111802842882
0 0.6035383224487305 0.1701541847652859 0.009869909286499024 0.03768142064412435
0 0.42013734877109526 0.41010345617930094 0.0255746066570282 0.06579658190409342
0 0.39656883478164673 0.6860487831963433 0.0066385030746459964 0.03237317403157552
0 0.3768906593322754 0.23449041578504776 0.020721912384033203 0.06189931233723958
