0 0.7913207054138184 0.5028553856743707 0.050607490539550784 0.12342258029513889
3 0.6104419708251954 0.20332660145229764 0.09144654273986816 0.18771189583672418
0 0.25995454788208006 0.43546808030870227 0.03907985687255859 0.10382741292317708
0 0.30753521919250487 0.4760102801852756 0.05115408897399902 0.124384519788954
0 0.6736134022474289 0.2815749274359809 0.026365727186203003 0.07080480787489149
0 0.20772730112075805 0.4078154034084744 0.036086535453796385 0.08772457970513238
0 0.07216997444629669 0.39607557720608183 0.04317091107368469 0.0896108627319336
0 0.21963119506835938 0.7416173299153646 0.06038289070129395 0.17105208502875435
0 0.7243674755096435 0.34892637464735243 0.03470888137817383 0.08879360622829861
0 0.4102566450834274 0.342437744140625 0.037551862001419065 0.08271552191840278
0 0.3143425464630127 0.2971321741739909 0.024552059173583985 0.08773494296603733
3 0.7917011320590973 0.5030392169952392 0.05160821676254272 0.12703627480400934
0 0.032874920219182965 0.3840903811984592 0.03587353974580765 0.05669852362738715
