0 0.06657876968383789 0.5726358201768663 0.076167631149292 0.1111315409342448
1 0.38699765084311366 0.42960213555230037 0.1283151412382722 0.09951205783420139
0 0.19705722332000733 0.5009485032823351 0.04974384307861328 0.10342814127604166
0 0.636248791217804 0.391653135087755 0.01996490955352783 0.09059780968560113
0 0.34684081822633744 0.3337368859185113 0.02037423551082611 0.07254443698459201
0 0.5603641867637634 0.3867265595330132 0.021913981437683104 0.08511638641357422
1 0.5362452328205108 0.2994531843397352 0.044236743450164796 0.07466405232747396
0 0.8914047241210937 0.7750393337673611 0.09933547973632813 0.13448367648654513
0 0.01624673306941986 0.38458730909559463 0.03249346613883972 0.08053181966145834
0 0.6415033340454102 0.29641684426201714 0.0158721923828125 0.07074286142985026
1 0.21972164511680603 0.44467436472574867 0.1011891484260559 0.08735402425130208
0 0.3101089358329773 0.388692569732666 0.048413443565368655 0.07646431393093533
0 0.6120426535606385 0.21968990961710613 0.013902974128723145 0.05353535546196832
0 0.7029353380203247 0.292622004614936 0.0345402717590332 0.05796582963731554
0 0.5900939226150512 0.23245298597547742 0.012702703475952148 0.05439245435926649
0 0.5494445443153382 0.19083476066589355 0.011217713356018066 0.046820841895209415
1 0.4622823357582092 0.2390232827928331 0.03288707733154297 0.06642449696858724
0 0.37751243710517884 0.3343124707539876 0.018904972076416015 0.07880573272705078
1 0.4198518007993698 0.22117879655626085 0.029910141229629518 0.0534773932562934
0 0.31747918128967284 0.32896193398369683 0.018864965438842772 0.07687498728434244
1 0.46424675583839414 0.17318641344706218 0.02240966558456421 0.0418511602613661
0 0.5311882853507995 0.20713380177815754 0.011486124992370606 0.05285101996527778
0 0.9176223039627075 0.6841429498460557 0.026250219345092772 0.08877442677815756
0 0.9719533920288086 0.7814015706380208 0.05609321594238281 0.14707658555772568
1 0.4474310278892517 0.19361857308281794 0.02568025588989258 0.048123571607801646
0 0.36004325896501543 0.296089416080051 0.019274494051933287 0.06387733883327908
0 0.3352930869907141 0.28012590408325194 0.01562848761677742 0.06421188778347439
0 0.14783904552459717 0.3855330573187934 0.049628257751464844 0.08359781901041667
0 0.5802539467811585 0.19794884787665473 0.012434935569763184 0.046380170186360675
0 0.45863306522369385 0.3002936575147841 0.020059657096862794 0.06872937944200304
0 0.7153087854385376 0.3428378105163574 0.010007429122924804 0.0671074973212348
0 0.48059707283973696 0.2963098526000977 0.021331870555877687 0.06579263475206164
0 0.2734144926071167 0.311377462806801 0.017846298217773438 0.04394066917399565
3 0.931104862689972 0.6860675070020887 0.13779027462005616 0.33626410166422527
0 0.6768148005008697 0.2683659765455458 0.022973275184631346 0.05241904788547092
0 0.8119953155517579 0.42367019653320315 0.03235301971435547 0.09228871663411459
0 0.37901451587677004 0.2255587895711263 0.013490915298461914 0.04716152615017361
3 0.5359326779842377 0.3132658126660519 0.04764319658279419 0.04831730205979612
0 0.5509068012237549 0.1546870920393202 0.008731603622436523 0.034612984127468535
0 0.3935202479362488 0.24773139953613282 0.012959504127502441 0.05440517001681858
0 0.4328636109828949 0.3052642928229438 0.01893395185470581 0.07080970340304904
0 0.4154140681028366 0.2978170818752713 0.01883121132850647 0.06562385559082032
1 0.5672417163848877 0.21251809861924914 0.018976354598999025 0.05009189181857639
0 0.23986663818359374 0.4510956234402127 0.06940488815307617 0.09129562377929687
