0 0.24507899284362794 0.5605432298448351 0.055800771713256835 0.13413721720377605
0 0.18926216363906861 0.5331652641296387 0.044912409782409665 0.11285389794243707
0 0.8635993957519531 0.615914069281684 0.06933879852294922 0.1611541748046875
0 0.23687584400177003 0.3786747190687392 0.030325603485107423 0.07467189364963107
2 0.5679384231567383 0.3037514156765408 0.0901458740234375 0.21604139539930556
0 0.38464285880327226 0.3394191000196669 0.032441291213035586 0.07667251163058811
0 0.7606298446655273 0.743211195203993 0.07078971862792968 0.17861595153808593
0 0.2594666123390198 0.40955766042073566 0.024568390846252442 0.07917323642306857
0 0.328721284866333 0.29022400114271374 0.025853967666625975 0.09692126380072699
3 0.6067950129508972 0.5568219714694553 0.1363440752029419 0.3040098826090495
0 0.07323569357395172 0.39522968928019203 0.04655448794364929 0.09032226138644749
0 0.7221047639846802 0.3387872378031413 0.03503398895263672 0.08873886532253689
0 0.3917020559310913 0.25529600779215494 0.021864843368530274 0.058928595648871526
2 0.6060358047485351 0.5568642086452908 0.13533344268798828 0.3032829284667969
0 0.33397701596841217 0.38499492009480796 0.022749544866383076 0.0853314929538303
3 0.721543675661087 0.3388484554158317 0.03641620874404907 0.08849058747291565
3 0.5676217079162598 0.30042235056559247 0.09301929473876953 0.2121518029106988
0 0.3544915199279785 0.29349746704101565 0.025508403778076172 0.07524727715386284
1 0.7587784647941589 0.6818592707316081 0.06852083206176758 0.058215035332573786
0 0.31629812717437744 0.51076783074273 0.03168597221374512 0.1469456990559896
3 0.7600783944129944 0.7421004401312934 0.06870479583740234 0.18344836764865452
1 0.8624985933303833 0.6163286103142632 0.0666428565979004 0.16352341969807943
1 0.30951738357543945 0.39378556145562066 0.07287654876708985 0.10956158108181424
0 0.35712759494781493 0.2272208743625217 0.017920970916748047 0.05883517795138889
0 0.03088299706578255 0.3957634607950846 0.04266352504491806 0.07936965094672309
0 0.2844820976257324 0.45270326402452254 0.03688859939575195 0.10838826497395833
1 0.33043057322502134 0.2824623213873969 0.02011476755142212 0.08834679921468098
0 0.4585435509681702 0.1717389636569553 0.011831140518188477 0.035059144761827254
0 0.8049331307411194 0.2550844722323947 0.02233841419219971 0.0701020770602756
3 0.3839863657951355 0.3398445129394531 0.03081071376800537 0.07669431898328993
0 0.37958469390869143 0.20263794793023004 0.011193180084228515 0.04397040473090278
0 0.3565359354019165 0.35725072224934895 0.028619861602783202 0.07641355726453992
3 0.5886684060096741 0.829685295952691 0.24481422901153566 0.34062940809461806
3 0.8627870202064514 0.6155893007914225 0.06678435802459717 0.16421748267279732
