0 0.884868049621582 0.7263726976182726 0.09071121215820313 0.2012975056966146
0 0.6986100763082504 0.4199366039699978 0.04955242276191711 0.11049478318956163
0 0.6586229801177979 0.24068783654106987 0.031075525283813476 0.06620135837131076
0 0.5734687924385071 0.3044129901462131 0.02604835033416748 0.10051146613226997
0 0.2845573902130127 0.5046671549479167 0.05083732604980469 0.1300580342610677
0 0.37778628468513487 0.36764587826199 0.031660711765289305 0.0877833472357856
0 0.0715673565864563 0.3932634989420573 0.04802615940570831 0.09904844495985243
0 0.3615992426872253 0.28311249415079753 0.023786377906799317 0.06221633487277561
0 0.5905496597290039 0.4930125766330295 0.06102771759033203 0.14756825764973958
0 0.40261431932449343 0.2715885586208767 0.03040142059326172 0.07735633850097656
1 0.8828079581260682 0.7286425802442763 0.0909203290939331 0.20566853417290581
0 0.30072911977767947 0.2946845160590278 0.031125140190124512 0.07086033291286892
0 0.20520215034484862 0.2827020009358724 0.037946462631225586 0.06453950670030383
0 0.34852068647742274 0.3427494366963704 0.028884853422641753 0.08769669002956815
3 0.5889774799346924 0.49265071551005046 0.05876898765563965 0.14442976845635308
0 0.33382011875510215 0.25478668212890626 0.014327345788478852 0.06604457431369358
0 0.21505091190338135 0.42082561916775174 0.032544183731079104 0.10991617838541666
1 0.6972100496292114 0.4197662168078952 0.04620490074157715 0.11072014172871908
0 0.3499118186533451 0.2244343015882704 0.02053617686033249 0.04739718967013889
0 0.3998796433210373 0.6843299653795031 0.013385993242263795 0.03254992167154948
0 0.030409488081932067 0.3962603251139323 0.039339715242385866 0.07976879543728299
0 0.30247563123703003 0.633521122402615 0.030655837059020995 0.12986844380696613
3 0.5718180894851684 0.3225583018114169 0.0250882625579834 0.06545499273472362
0 0.28744099140167234 0.24107115003797744 0.017862939834594728 0.050433985392252606
0 0.41047097444534303 0.2997464332315657 0.016165637969970705 0.021715088685353597
0 0.312239933013916 0.3524292508761088 0.01894717216491699 0.05305515130360921
