0 0.6159784317016601 0.6039845784505208 0.07417774200439453 0.1254452175564236
0 0.09071759581565857 0.509902826944987 0.07114826440811158 0.09321873982747396
0 0.46916818618774414 0.7716088189019097 0.049889755249023435 0.1784658643934462
0 0.8437733173370361 0.5581166373358832 0.0386568546295166 0.10933630201551649
0 0.306413733959198 0.3889100498623318 0.03080313205718994 0.08666871388753256
0 0.7014698028564453 0.41144298977322047 0.024109077453613282 0.10030025906032985
0 0.6892917633056641 0.35438834296332467 0.022333717346191405 0.08151395585801867
0 0.5541931629180908 0.25257213380601673 0.013367605209350587 0.062441613939073354
0 0.4107426643371582 0.4843373616536458 0.06400766372680664 0.10260501437717014
0 0.8486948013305664 0.7675006442599827 0.051202392578125 0.16644761827256943
1 0.5355450451374054 0.3616682794358995 0.06882818937301635 0.09104798634847006
0 0.018969884514808653 0.3887915293375651 0.03793976902961731 0.08278961181640625
0 0.5716081500053406 0.22149874369303385 0.011000847816467286 0.052528593275282115
0 0.883125615119934 0.6725096384684245 0.04346709251403809 0.07555694580078125
1 0.15324697494506836 0.47174758911132814 0.1844111442565918 0.1238801744249132
0 0.5976415634155273 0.3182959238688151 0.019293498992919923 0.08220096164279514
0 0.5900292038917542 0.23601881663004556 0.011720728874206544 0.05771030849880642
0 0.45706954002380373 0.31257231500413685 0.014711308479309081 0.04736685223049587
0 0.6438486933708191 0.3368599467807346 0.015374588966369628 0.08439481523301866
0 0.08428146839141845 0.36254836188422307 0.04405651092529297 0.07598648071289063
0 0.346450262516737 0.31586644649505613 0.017409153282642365 0.05395511521233453
1 0.09514884948730469 0.9034806993272569 0.15076141357421874 0.190948486328125
0 0.37810489535331726 0.3123922480477227 0.014893817901611327 0.047006718317667645
0 0.26447267532348634 0.4847265455457899 0.0655320167541504 0.09782952202690973
0 0.27897019386291505 0.3503387451171875 0.02607450485229492 0.08680116865370009
1 0.4430943489074707 0.25128375159369576 0.030980801582336424 0.06825731065538194
0 0.40777473747730253 0.3239451620313856 0.0165213406085968 0.07462647755940756
0 0.437430202960968 0.32017653783162436 0.018251538276672363 0.07370255788167318
0 0.3654930740594864 0.2913074069552951 0.01674920916557312 0.06970791286892361
0 0.39384323358535767 0.3079957842826843 0.011713242530822754 0.03821379078759087
0 0.48082212805747987 0.3091874122619629 0.01679145097732544 0.07077367570665148
0 0.6752815246582031 0.26855667961968316 0.026265859603881836 0.05105044047037761
0 0.7627337455749512 0.9441090901692708 0.0707437515258789 0.10526970757378472
0 0.3182373523712158 0.3117806116739909 0.01840834617614746 0.07296481662326389
0 0.7026857376098633 0.29257544411553277 0.03505439758300781 0.06109409332275391
1 0.4388930320739746 0.40925174289279515 0.1215127944946289 0.10573230319552951
0 0.5437003374099731 0.15578140152825248 0.009403133392333984 0.03614498774210612
0 0.46096100807189944 0.4520165337456597 0.049164867401123045 0.09468197292751736
0 0.5269633531570435 0.29514232211642794 0.019324493408203126 0.05884446038140191
0 0.2737532138824463 0.30935459772331847 0.016062021255493164 0.040113521160350905
1 0.5215576589107513 0.19155277146233451 0.01922546625137329 0.04861586888631185
0 0.3541303500533104 0.2590813212924533 0.01390492618083954 0.052627415127224395
0 0.32884828791720794 0.2870462417602539 0.01648966281209141 0.06587638854980468
3 0.09365984350442887 0.9034226523505317 0.15933112800121307 0.1913548363579644
0 0.7159675836563111 0.3114542431301541 0.00868983268737793 0.04513070848253038
0 0.8487855553627014 0.6937740114000108 0.04069068431854248 0.034572728474934894
0 0.5575839281082153 0.19833930863274468 0.011795520782470703 0.04678460227118598
0 0.4334593594074249 0.20398866865370008 0.011600840091705322 0.04286905924479167
0 0.4176317125558853 0.2285935189988878 0.013333743810653687 0.04412822723388672
0 0.8136644780635833 0.43468604617648654 0.027992641925811766 0.07775145636664496
0 0.5773890852928162 0.19351053767734103 0.011145329475402832 0.04217712614271376
0 0.01003403440117836 0.34466976589626735 0.02001313716173172 0.06019287109375
0 0.9764713287353516 0.9570738050672744 0.04705734252929687 0.07558881971571181
1 0.46289721727371214 0.2287207709418403 0.019339609146118163 0.059992006089952254
0 0.8623047471046448 0.4344744152492947 0.04181239604949951 0.07258898417154948
0 0.41811701357364656 0.2645681487189399 0.015940135717391966 0.05755731794569227
0 0.02652103453874588 0.22757185830010307 0.01682516038417816 0.040098677741156684
