0 0.08116487264633179 0.6576476626925998 0.056919527053833005 0.16096522013346354
3 0.38702448830008507 0.28165903091430666 0.10264637023210525 0.2641024907430013
1 0.394713306427002 0.48554967244466146 0.08011579513549805 0.1566094292534722
0 0.6233962208032608 0.2655775494045681 0.020923161506652833 0.05964181688096788
3 0.39267454147338865 0.4874952581193712 0.07921493053436279 0.15697041617499458
0 0.7248382568359375 0.3647913614908854 0.028867149353027345 0.09091847737630208
1 0.32413201332092284 0.9003975762261285 0.1713481903076172 0.19878675672743057
0 0.34525073766708375 0.3787842353185018 0.016662907600402833 0.061867539087931314
0 0.030345707014203072 0.3960974163479275 0.042160358279943466 0.07974866231282553
0 0.07724576592445373 0.3939695570203993 0.05880769491195679 0.07073025173611111
0 0.589401924610138 0.16427209112379287 0.012632632255554199 0.036960103776719835
0 0.3066931366920471 0.8221875932481554 0.013016104698181152 0.023685709635416666
