0 0.3002575397491455 0.5018191390567356 0.038007354736328124 0.12481020821465386
0 0.3613891571760178 0.3696142726474338 0.03197396397590637 0.10660088857014974
0 0.744069904088974 0.43214878506130644 0.033946764469146726 0.09704606797960069
0 0.6601048201322556 0.2440914577907986 0.016855412721633913 0.05751321580674913
0 0.7875551223754883 0.4199802822536892 0.031180763244628908 0.09192301432291666
0 0.2907419681549072 0.4035725911458333 0.04591126441955566 0.08492685953776041
0 0.0766982078552246 0.3954026116265191 0.059453511238098146 0.07248348659939235
0 0.3518341898918152 0.21864577399359808 0.01840026378631592 0.0559684329562717
0 0.7619729280471802 0.4082875410715739 0.01611964702606201 0.0372796270582411
0 0.030655007064342498 0.38282667795817055 0.03678184449672699 0.05422808329264323
0 0.003529625461669639 0.4008854866027832 0.0069293974316678945 0.04499212900797526
