1 0.554473215341568 0.6228912353515625 0.1163908839225769 0.1720658196343316
0 0.3259007930755615 0.4036517514122857 0.021995115280151366 0.08785013622707791
0 0.7613664209842682 0.5843869527180989 0.032142579555511475 0.114190673828125
3 0.4134230613708496 0.5160079532199435 0.09754083156585694 0.3160540262858073
0 0.7976596176624298 0.6805930031670464 0.04227417707443237 0.13922691345214844
1 0.37161215767264366 0.3158253457811144 0.0539047434926033 0.10050084855821398
0 0.2979176759719849 0.5199893527560764 0.029001569747924803 0.12462743123372395
0 0.7676371574401856 0.910410647922092 0.06043720245361328 0.17747616238064237
0 0.5510334730148315 0.41111443837483724 0.02432117462158203 0.08926989237467448
0 0.8760321974754334 0.6509298324584961 0.038598370552062986 0.12036255730523003
1 0.23385181427001953 0.9031300862630208 0.15050144195556642 0.19026116265190973
0 0.6816758155822754 0.8850709703233507 0.06459312438964844 0.19033779568142362
0 0.5788342118263244 0.3659361415439182 0.018959975242614745 0.09088704850938585
1 0.5280417084693909 0.22488973405626084 0.029535746574401854 0.05679613749186198
0 0.6041869640350341 0.8028584798177083 0.04630060195922851 0.1582763671875
3 0.555285120010376 0.2886672549777561 0.03753952980041504 0.09681019253200955
0 0.6909789323806763 0.4452026155259874 0.031173086166381835 0.0985968271891276
0 0.06433451175689697 0.9335378011067709 0.07464034557342529 0.1301971435546875
0 0.7529957115650177 0.4418536504109701 0.026142370700836182 0.08826942443847656
0 0.6068705797195435 0.3641288333468967 0.018395709991455077 0.08183025783962673
0 0.637838077545166 0.5259813096788194 0.05692901611328125 0.10883856879340278
0 0.29989620447158816 0.3644296752081977 0.01986958980560303 0.08910999298095704
2 0.3969424679875374 0.21749552620781792 0.0533245176076889 0.11382643381754558
0 0.559558629989624 0.9173261854383681 0.05591306686401367 0.15338626437717015
0 0.4842102646827698 0.3295772976345486 0.01783320903778076 0.08493067423502604
0 0.6226692199707031 0.9115263197157119 0.05610790252685547 0.17096032036675346
0 0.551551902294159 0.7384599049886068 0.03202588558197021 0.09741414388020833
0 0.6494825124740601 0.31206686231825087 0.01673583984375 0.06658528645833334
0 0.7670150756835937 0.5036401960584852 0.03256664276123047 0.10336651272243924
0 0.3065237641334534 0.29906718995836046 0.014703917503356933 0.05823646121554905
0 0.6659468173980713 0.35278620190090604 0.021494293212890626 0.07965657975938585
0 0.6336121559143066 0.4269550323486328 0.023994636535644532 0.10558810763888889
3 0.07573901533614844 0.3756435818142361 0.15006336928345262 0.16850043402777778
0 0.588238000869751 0.7094394259982639 0.04397420883178711 0.1315424601236979
0 0.32158962488174436 0.3276271184285482 0.02005302906036377 0.07513270907931857
0 0.4070609092712402 0.33649427625868056 0.021894550323486327 0.06668480767144097
2 0.22969127893447877 0.9044756359524198 0.13599998950958253 0.18848482767740884
0 0.6422148585319519 0.2642421828375922 0.01480414867401123 0.057279947068956165
0 0.6294134974479675 0.32086960474650067 0.01685202121734619 0.0753872553507487
1 0.4455589115619659 0.18115711212158203 0.021485984325408936 0.04418318006727431
3 0.4475427806377411 0.2798369937472873 0.04698108434677124 0.16940231323242189
0 0.6075604319572449 0.2124173058403863 0.013631033897399902 0.05323486328125
0 0.6779540300369262 0.3845651308695475 0.021874475479125976 0.07909039391411675
0 0.5172578513622283 0.3252938376532661 0.025869905948638916 0.08543145921495225
0 0.7027550101280212 0.2952839533487956 0.03511497974395752 0.05704455905490451
2 0.41458712667226794 0.5175572713216146 0.09889915287494659 0.3241668701171875
0 0.6473023042082786 0.4620730929904514 0.020193734765052797 0.08767132229275174
0 0.7017836809158325 0.3687967618306478 0.027947521209716795 0.08725838131374783
0 0.5825569152832031 0.9823894712660047 0.03360724449157715 0.033960511949327254
0 0.6036423540121177 0.27582696278889973 0.007159351109294221 0.04992641872829861
0 0.2733775019645691 0.3109451550990343 0.01810615062713623 0.04284949459963375
0 0.5704298853874207 0.20136236084832085 0.012071490287780762 0.04865251117282444
0 0.3508233927190304 0.2586142010158963 0.01565701514482498 0.06080538431803385
0 0.8138649046421051 0.4403321160210503 0.027891099452972412 0.08216484917534722
0 0.5513881802558899 0.2085561964246962 0.011370015144348145 0.0485664791531033
1 0.06410391926765442 0.4156550089518229 0.12820783853530884 0.09627312554253473
2 0.4501120984554291 0.32530921142962244 0.038337671756744386 0.07004175500737296
0 0.5834941148757935 0.23692728678385416 0.014575481414794922 0.05442899068196615
3 0.3714922361075878 0.32712404992845323 0.05572796016931534 0.07647032207912868
0 0.674388536810875 0.26871234046088327 0.023233062028884886 0.04982164171006945
2 0.37158751487731934 0.3185052235921224 0.04958133697509766 0.10508024427625869
0 0.606764930934878 0.6597665786743164 0.013357528147753327 0.1026890648735894
3 0.3973504304885864 0.21998861100938585 0.04909358024597168 0.11931283738878039
0 0.5979676842689514 0.3142979303995768 0.017647099494934083 0.07228245205349393
0 0.863218080997467 0.4340125189887153 0.04085485935211182 0.074530029296875
3 0.657177734375 0.9009875403510199 0.11280274391174316 0.188832516140408
0 0.5928920388221741 0.20315445793999565 0.011644291877746581 0.04752922058105469
