0 0.8559759140014649 0.8614752875434027 0.08472023010253907 0.24022878011067708
0 0.30307737588882444 0.42949869367811416 0.035414385795593264 0.1195243411593967
1 0.4362476199865341 0.2872038417392307 0.054289895296096805 0.10203465355767144
0 0.11243476867675781 0.7364791870117188 0.05699638724327087 0.19864802890353733
0 0.16735154390335083 0.5204428566826714 0.03713469505310059 0.13257611592610677
0 0.23958592414855956 0.685182868109809 0.050690746307373045 0.1829168955485026
0 0.3820374131202698 0.26198964648776585 0.018768060207366943 0.05571973588731554
0 0.3620058536529541 0.2572075737847222 0.019307708740234374 0.061335584852430555
0 0.3564544677734375 0.21610835393269856 0.013882827758789063 0.05616147783067491
1 0.8558403015136719 0.8631574418809679 0.0828409194946289 0.2462879604763455
3 0.11238439679145813 0.7338453504774306 0.05714515447616577 0.19409408569335937
0 0.40161765813827516 0.2244182692633735 0.017865490913391114 0.05556354522705078
0 0.5967125773429871 0.25896227094862195 0.023334813117980958 0.056452645195855036
0 0.3342078447341919 0.2947289360894097 0.025429725646972656 0.07192501491970486
3 0.8553710222244263 0.8627881791856554 0.08369860649108887 0.24487847222222223
0 0.07718595266342163 0.39454735649956596 0.05857851505279541 0.07011345757378472
0 0.32193493843078613 0.26344913906521267 0.017075061798095703 0.06625272962782118
0 0.4504817366600037 0.31606732157783374 0.020888805389404297 0.05334223214950826
1 0.10927743911743164 0.6742359161376953 0.05315186977386475 0.0733414543999566
0 0.03192812502384186 0.38350830078125 0.03698236346244812 0.05646091037326389
3 0.23857662677764893 0.6887906922234429 0.04903459548950195 0.18680892520480685
0 0.2855400800704956 0.2279229799906413 0.017036819458007814 0.04983060624864366
