0 0.7021813988685608 0.5982449425591363 0.03564651012420654 0.14030261569552951
0 0.7603375077247619 0.6070329454210069 0.03902907371520996 0.12180989583333333
0 0.23474019765853882 0.5103507571750217 0.02884838581085205 0.12023162841796875
0 0.339758837223053 0.4019491937425401 0.021565699577331544 0.09460735321044922
0 0.3375861167907715 0.8441099378797743 0.05765094757080078 0.18071695963541667
0 0.12968525886535645 0.8757481892903646 0.04820427894592285 0.21181708441840277
0 0.8919912338256836 0.7380321926540798 0.060025787353515624 0.15319625006781684
0 0.2932212591171265 0.454563479953342 0.029517507553100585 0.12174546983506944
0 0.5769257068634033 0.21342769198947484 0.011635017395019532 0.05154639350043403
0 0.5945967674255371 0.22040884229871963 0.012948560714721679 0.05420850118001302
0 0.39554409980773925 0.37087283664279513 0.02366495132446289 0.09519178602430556
0 0.81642946600914 0.7373319625854492 0.05732470750808716 0.1553390926784939
0 0.9076334476470947 0.660664070977105 0.042784500122070315 0.10089408026801215
0 0.08877391815185547 0.36331846449110244 0.0528519868850708 0.08382390340169271
0 0.5593517303466797 0.20040390226576063 0.01241607666015625 0.05612833234998915
0 0.6800813674926758 0.4263236151801215 0.051694297790527345 0.09239671495225694
0 0.3768175467848778 0.34170237647162544 0.015827587246894835 0.06515108744303386
0 0.2726909637451172 0.3126152425383528 0.01659531593322754 0.04620536909335189
0 0.7027440428733825 0.291392887963189 0.03513691425323486 0.06005819108751085
0 0.42024992108345033 0.17655188772413466 0.010420453548431397 0.04200798670450846
3 0.45160808563232424 0.258965089586046 0.04393501281738281 0.12787094116210937
0 0.7928303241729736 0.5795218149820963 0.034422779083251955 0.11829833984375
0 0.3402126532047987 0.27047882080078123 0.014849195629358292 0.05747057596842448
0 0.3374579641968012 0.3210987726847331 0.01593432351946831 0.06376452975802951
0 0.3516927108168602 0.33052307764689126 0.016711607575416565 0.07244654761420356
0 0.8622466325759888 0.432066535949707 0.04165582656860352 0.07514228820800781
1 0.45107302069664 0.3034146070480347 0.041362988948822024 0.02905143631829156
0 0.3711259558796883 0.22677318784925674 0.014550551772117615 0.048132599724663626
0 0.29418506622314455 0.3504352145724826 0.024637985229492187 0.0868090311686198
0 0.4850009739398956 0.263901784684923 0.013131439685821533 0.06113016340467665
1 0.5141157627105712 0.1774937311808268 0.027431774139404296 0.06270819769965277
0 0.3926602482795715 0.2755007319980197 0.014801979064941406 0.057164700826009114
0 0.3587409257888794 0.2883682992723253 0.016257190704345705 0.05942978329128689
0 0.669679456949234 0.3826542827818129 0.01649322509765625 0.05742226176791721
0 0.40772544741630556 0.314983696407742 0.022403454780578612 0.07270581987169054
0 0.6752496361732483 0.26840991973876954 0.026475739479064942 0.04996477762858073
2 0.45198606252670287 0.2523176934983995 0.04353036880493164 0.1267615212334527
0 0.5453200221061707 0.15383388731214737 0.008344674110412597 0.03528965844048394
0 0.8115442276000977 0.42249857584635414 0.02940983772277832 0.09209849039713541
0 0.40410045683383944 0.2507888476053874 0.012099307775497437 0.04677308400472005
0 0.9933725595474243 0.541232967376709 0.013254880905151367 0.08120127783881294
0 0.9646646857261658 0.5162402047051324 0.03380248546600342 0.06823357476128472
0 0.9440553307533264 0.5436846733093261 0.023340439796447753 0.08106259240044487
3 0.9723253965377807 0.5711425145467123 0.053931808471679686 0.2686942630343967
