0 0.27704906463623047 0.42124871148003473 0.05130853652954102 0.1188629150390625
3 0.6462687611579895 0.5432312435574002 0.148087477684021 0.33295135498046874
3 0.7487028650939465 0.8196219232347276 0.2644924059510231 0.3607561535305447
0 0.6523677587509156 0.2970333629184299 0.0238458514213562 0.05846597883436415
0 0.07518610954284669 0.39432737562391496 0.05514779090881348 0.08934461805555556
2 0.5529686748981476 0.27418963114420575 0.07763413190841675 0.17073644002278646
0 0.7016321390867233 0.31772401597764754 0.02052932381629944 0.06915253533257379
0 0.6171944618225098 0.3016643736097548 0.02065114974975586 0.0684971703423394
0 0.6335261210799217 0.2961251894632975 0.01575561463832855 0.07467386457655165
2 0.7812661170959473 0.6797834608289931 0.41856632232666013 0.6404330783420139
0 0.6732359141111374 0.2836452696058485 0.017803460359573364 0.05347205268012153
3 0.44918705932796 0.7542514483133952 0.23510175719857215 0.4687246322631836
0 0.7236725509166717 0.34281349182128906 0.026704156398773195 0.07716640896267361
0 0.6886819869279861 0.2025053342183431 0.013532525300979615 0.04877885182698568
3 0.276324462890625 0.42100133101145426 0.05133910179138183 0.1185653633541531
0 0.6850027561187744 0.3287682851155599 0.02095346450805664 0.0769561767578125
0 0.031396128609776495 0.3977500491672092 0.04300468787550926 0.0831027560763889
0 0.7126520872116089 0.17895104620191787 0.015050506591796875 0.04735210206773546
0 0.35231066271662714 0.21742460462782118 0.016684819757938386 0.055415301852756074
0 0.9621828556060791 0.35672954983181426 0.0359832763671875 0.04530614217122396
3 0.8716224491596222 0.5381629096137153 0.2567551016807556 0.3458964029947917
