0 0.13958415985107422 0.775160641140408 0.06356558799743653 0.20173441569010417
0 0.31648303270339967 0.440820927090115 0.029030108451843263 0.076929685804579
0 0.27418493032455443 0.3943762355380588 0.024711918830871583 0.09591024186876085
0 0.3132277488708496 0.3706617169910007 0.025790977478027343 0.06872708532545302
3 0.4477146565914154 0.34981922681132954 0.056366240978240965 0.11997953835460874
0 0.29830541610717776 0.3166915575663249 0.02460346221923828 0.07393873002794053
0 0.36996695399284363 0.38034900029500324 0.025471842288970946 0.08844369252522787
0 0.2246626138687134 0.4413928985595703 0.033104324340820314 0.10197075737847222
1 0.44598367512226106 0.3402531623840332 0.05596420168876648 0.13980219099256727
0 0.09198139905929566 0.7167770385742187 0.048119640350341795 0.19727308485243056
0 0.34969818592071533 0.35276530583699545 0.023021602630615236 0.07009126875135634
0 0.2180372953414917 0.5430959065755209 0.04026398658752441 0.13726976182725695
0 0.34466431140899656 0.294046688079834 0.022451019287109374 0.050366910298665364
0 0.4067478388547897 0.31718403498331704 0.026699787378311156 0.08514690399169922
0 0.41970014572143555 0.253832032945421 0.0211578369140625 0.06280458238389756
0 0.5072068393230438 0.30858642605857717 0.017521893978118895 0.03857312570843432
1 0.14702188372612 0.6919171863132053 0.07207256555557251 0.0373038821750217
0 0.396900999546051 0.2286523183186849 0.006198000907897949 0.032313495212131074
0 0.6059917211532593 0.19745975600348578 0.01380767822265625 0.04980454974704319
0 0.34737110137939453 0.24640886518690322 0.01863555908203125 0.049097442626953126
0 0.07812764048576355 0.39370418124728734 0.05843528509140015 0.07037234836154514
0 0.38917956352233884 0.27541690402560765 0.01686687469482422 0.06378741794162326
0 0.8043031752109527 0.3500572443008423 0.01738036870956421 0.03262789514329698
3 0.09433952867984771 0.7199332767062717 0.05744056105613708 0.2014788309733073
0 0.4060995399951935 0.20899366802639432 0.011939167976379395 0.042841699388292104
0 0.39642670154571535 0.4848283290863037 0.007061672210693359 0.061231835683186846
