0 0.15294077396392822 0.8136032104492188 0.0699930191040039 0.2198859320746528
3 0.38254362940788267 0.5429974026150174 0.12446225881576538 0.3362274169921875
1 0.57864750623703 0.33235186470879446 0.06540253162384033 0.1074724621242947
0 0.32032654285430906 0.2682647705078125 0.018938064575195312 0.05965427822536892
0 0.07470081448554992 0.3965721130371094 0.06366645097732544 0.07432793511284722
0 0.37582520544528963 0.262477970123291 0.0233442485332489 0.06282410091824002
0 0.3552475869655609 0.3072373835369945 0.019616645574569703 0.03554150896767775
0 0.3908279061317444 0.22339407602945963 0.01798393726348877 0.054392496744791664
1 0.44328352212905886 0.26877923541598847 0.04984352588653564 0.09728204939100478
0 0.2343628764152527 0.5287270228068034 0.04701707363128662 0.11792903476291233
0 0.19655390381813048 0.4991385989718967 0.029541289806365965 0.11362186008029514
0 0.3506288886070251 0.263903628455268 0.017791056632995607 0.04533252716064453
1 0.15132673382759093 0.8130234824286566 0.0694226861000061 0.21430202060275608
0 0.3087574005126953 0.33337715996636286 0.024675750732421876 0.08161754608154297
2 0.5782325387001037 0.3377134789195326 0.06598222255706787 0.09478636003202862
0 0.3295715093612671 0.3558040618896484 0.02321481704711914 0.0861112806532118
0 0.6035822253674269 0.1502702024247911 0.006900747865438461 0.03521155251397027
0 0.428154718875885 0.3037008487102058 0.014788246154785157 0.02756356340315607
0 0.5100240707397461 0.307659912109375 0.02032642364501953 0.06644354926215278
2 0.3759671688079834 0.5406815422905816 0.13346004486083984 0.3306443956163194
0 0.39369782209396365 0.2736630333794488 0.012562251091003418 0.05190056694878472
0 0.4049366682767868 0.16086810959710016 0.012183338403701782 0.03550246556599935
0 0.18121975064277648 0.45540072123209635 0.01911803483963013 0.09009195963541666
0 0.3864845663309097 0.3135457025633918 0.012828773260116577 0.03750595251719157
0 0.35678255558013916 0.3601559109157986 0.023787593841552733 0.07637093861897787
