1 0.6332108736038208 0.6414296044243707 0.131729793548584 0.135040283203125
3 0.5742199420928955 0.34373852411905925 0.05640730857849121 0.13609566158718533
0 0.16329185366630555 0.6561159345838758 0.039933550357818606 0.10086619059244792
0 0.5001835286617279 0.4129332012600369 0.023388516902923585 0.09554252624511719
0 0.1898707389831543 0.4594042460123698 0.06058592796325683 0.09603797064887153
0 0.10327388048171997 0.8805318196614583 0.05731689929962158 0.18692898220486112
0 0.7885589241981507 0.49079051547580294 0.027279591560363768 0.09233856201171875
0 0.9595451354980469 0.9193706936306424 0.0762725830078125 0.1532565646701389
3 0.6693850517272949 0.478594716389974 0.11099863052368164 0.20525122748480903
0 0.8118058204650879 0.7102301173739963 0.047850751876831056 0.13571397993299697
0 0.03143762350082398 0.8203523423936632 0.05855410099029541 0.19871385362413194
0 0.3437287926673889 0.5726216634114584 0.04239366054534912 0.11163914998372396
0 0.2521012783050537 0.4918000115288628 0.05726947784423828 0.1000565422905816
0 0.27867205142974855 0.680765872531467 0.06314992904663086 0.14781934950086806
0 0.39810741543769834 0.44370850457085503 0.02149423360824585 0.10699276394314236
0 0.32599488496780393 0.3779406759474013 0.01928589344024658 0.0928351296318902
1 0.14017722606658936 0.3962215847439236 0.11952309608459473 0.09287533230251736
0 0.27260603904724123 0.36340128580729164 0.02475576400756836 0.08929051293267144
3 0.45058698654174806 0.3155500200059679 0.051296424865722653 0.14341083102756078
0 0.5154477655887604 0.3460012859768338 0.030304181575775146 0.07517653571234809
1 0.639194667339325 0.3419723828633626 0.05943949222564697 0.08277098337809245
0 0.31996450424194334 0.6473587883843316 0.03855209350585938 0.1244871351453993
0 0.70295250415802 0.2931433783637153 0.034719991683959964 0.05777905782063802
0 0.7209655404090881 0.38995721605088973 0.019663548469543456 0.07645543416341145
0 0.3064489603042603 0.5205988142225477 0.0648648738861084 0.09724078708224826
3 0.5345785021781921 0.22764323022630478 0.05769646167755127 0.11153631210327149
1 0.3648476891219616 0.3134634123908149 0.05878776460886002 0.09557276831732855
1 0.41075452864170076 0.23207603030734592 0.02421852946281433 0.055741076999240455
2 0.3647909164428711 0.3252812634739611 0.0547330379486084 0.07105897582239575
0 0.05574914515018463 0.8079955630832248 0.025111132860183717 0.08434855143229167
0 0.6391146898269653 0.2711405860053168 0.01690950393676758 0.06428311665852865
0 0.3115119457244873 0.3574621836344401 0.018857574462890624 0.08604405721028646
0 0.5889334678649902 0.2400742318895128 0.016880369186401366 0.06507731543646919
3 0.42344367802143096 0.17972085740831162 0.027350348234176636 0.07214647928873698
0 0.8635497689247131 0.43122211032443575 0.04117023944854736 0.08007210625542535
0 0.013831749558448792 0.3370779249403212 0.027663499116897583 0.07359939151340061
0 0.8135366082191468 0.4399004830254449 0.02592628002166748 0.08188277350531684
0 0.573067569732666 0.9529915703667535 0.061167335510253905 0.08888922797309028
0 0.3289003100944683 0.29294475979275175 0.015664387354627253 0.06544295416937934
0 0.5020227670669556 0.3241058455573188 0.019294428825378417 0.07619236840142143
1 0.9594557642936706 0.9316961076524523 0.07506020069122314 0.13298636542426215
0 0.8173209428787231 0.584487607744005 0.019007492065429687 0.08463535308837891
0 0.35912246704101564 0.23900674184163412 0.01527862548828125 0.05482406616210937
0 0.012614232301712037 0.49420250786675346 0.025228464603424074 0.0886018541124132
1 0.8563352584838867 0.6506808810763889 0.08796882629394531 0.14295399983723958
0 0.3109911322593689 0.30327348709106444 0.017211222648620607 0.057742839389377174
