0 0.7461585283279419 0.4203958935207791 0.04024074077606201 0.10371411641438802
0 0.6756366163492202 0.33713304731580945 0.03681216835975647 0.08919012281629775
0 0.10497912168502807 0.8123487684461805 0.08351473808288574 0.195233154296875
0 0.2686354875564575 0.37900173399183484 0.04003267288208008 0.0982431411743164
0 0.4093534559011459 0.28468851513332794 0.0321869432926178 0.07812167273627388
0 0.3304258704185486 0.28402510748969184 0.029366946220397948 0.06481831868489583
1 0.10493095517158509 0.8094811969333224 0.08134247064590454 0.19060003492567273
0 0.361098538339138 0.29010257720947263 0.025658109784126283 0.08508088853624132
0 0.627115648239851 0.22756576538085938 0.025406385958194732 0.06302197774251302
0 0.07212173342704772 0.39419854482014977 0.04238629341125488 0.08673693339029948
0 0.31405301094055177 0.4205769062042236 0.040984487533569335 0.10526283052232531
2 0.5578072309494019 0.22568648126390245 0.06717948913574219 0.1135303815205892
3 0.6751367568969726 0.3366056897574001 0.03695244789123535 0.08868502941396501
0 0.3135499954223633 0.5823666466606988 0.040729427337646486 0.16212217542860244
0 0.36635921001434324 0.21750606960720487 0.021596145629882813 0.06221347384982639
0 0.03127552792429924 0.38599433898925783 0.03376268893480301 0.06041624281141493
0 0.5435266494750977 0.46671634250217015 0.04433116912841797 0.13388146294487846
0 0.39548827707767487 0.2004339165157742 0.01463661789894104 0.049637020958794485
0 0.8562996506690979 0.48509413401285806 0.014763998985290527 0.03588231404622396
0 0.3445146203041077 0.3040422548436456 0.008418726921081542 0.02812508948975139
3 0.5453644335269928 0.4633857568105062 0.05577167272567749 0.131526427798801
0 0.3497528910636902 0.2065448760986328 0.013028788566589355 0.034929190741644967
0 0.3057505011558533 0.6999191072252061 0.026366877555847167 0.0642738766140408
