0 0.1061331033706665 0.5315287695990668 0.07194996476173401 0.10068757798936633
0 0.658178186416626 0.5689291636149089 0.06866283416748047 0.10334455702039931
0 0.538320255279541 0.5662144978841146 0.0731877326965332 0.1118621826171875
0 0.3776814341545105 0.5072571171654595 0.043816208839416504 0.09859518475002713
0 0.7530146598815918 0.6355734083387586 0.059312629699707034 0.1259280734592014
0 0.27715163230895995 0.5890252431233723 0.08076362609863282 0.11776801215277778
0 0.05297122597694397 0.45555669996473525 0.06856073141098022 0.09673936631944445
0 0.44204851388931277 0.3498695784144931 0.034079480171203616 0.07664818498823378
0 0.5445869088172912 0.31040879355536566 0.01543409824371338 0.06763036515977648
0 0.56335289478302 0.28724635442097984 0.014272403717041016 0.06690349578857421
0 0.6128764774650335 0.28721541298760306 0.015322456508874894 0.0669790267944336
1 0.4633485972881317 0.21934248606363932 0.02723172903060913 0.05257534450954861
0 0.5817572832107544 0.2772957271999783 0.014171361923217773 0.06709387037489149
0 0.35739811286330225 0.38046529293060305 0.0399671271443367 0.08304200172424317
0 0.6692808151245118 0.29900779724121096 0.020359039306640625 0.07823859320746528
0 0.501002025604248 0.33943108452690973 0.02405719757080078 0.08352118598090277
0 0.8656090259552002 0.5974696265326606 0.04318656921386719 0.10713246663411459
0 0.38686412274837495 0.22392235861884224 0.013224667310714722 0.04963520897759332
0 0.5580087542533875 0.18224724663628472 0.011343073844909669 0.04478725857204861
0 0.921689224243164 0.5375441657172308 0.058790969848632815 0.10231730143229166
0 0.5130406558513642 0.30802137586805556 0.014753496646881104 0.06448419358995226
0 0.010855334997177123 0.4881746504041884 0.021708518266677856 0.09577984280056423
0 0.3414323698729277 0.29966746436225045 0.018940941244363785 0.060963270399305554
0 0.5298953652381897 0.2723186598883735 0.014168000221252442 0.06010443369547526
0 0.5314044237136841 0.20776015387641059 0.013165569305419922 0.05128932529025608
0 0.6302433252334595 0.5188397195604112 0.047481632232666014 0.10308526357014974
0 0.5607251763343811 0.24068955315483942 0.014261412620544433 0.054793930053710936
0 0.7029940128326416 0.2913922521803114 0.034153985977172854 0.06076475779215495
0 0.4461279511451721 0.2770385424296061 0.01508159637451172 0.0632207022772895
0 0.7659495353698731 0.5127484639485677 0.048155593872070315 0.09558631049262153
0 0.3658954158425331 0.3058692084418403 0.02475155293941498 0.0761694590250651
0 0.7268718004226684 0.5811077329847548 0.035714221000671384 0.07506404452853732
0 0.438597708940506 0.24448002709282768 0.014066207408905029 0.05175238715277778
0 0.4050356298685074 0.2922767533196343 0.027287369966506957 0.07338614993625217
0 0.8339084625244141 0.5637240727742513 0.0411069393157959 0.09628910488552517
0 0.5915426135063171 0.23325004577636718 0.01394031047821045 0.05203297932942708
0 0.861702823638916 0.5039721171061198 0.0443145751953125 0.08583814832899306
3 0.8498456001281738 0.8288019604153103 0.282469367980957 0.34239607916937936
0 0.33228310011327267 0.26481135686238605 0.01485585942864418 0.05686961279975043
1 0.41929363310337064 0.21179238425360786 0.02377566695213318 0.05063398149278429
1 0.4072799891233444 0.24836864471435546 0.02885165810585022 0.049500528971354166
1 0.2218761920928955 0.47140621609157984 0.15984002351760865 0.13080223931206597
1 0.4628928601741791 0.1658478471967909 0.023176753520965578 0.04582060707939996
0 0.5394570112228394 0.5023756239149305 0.031430816650390624 0.09282430013020833
0 0.34822968766093254 0.25280480914645725 0.015565557777881623 0.05529634687635634
0 0.7154017329216004 0.3436164008246528 0.009821534156799316 0.06484103732638889
0 0.23923730850219727 0.5122813754611545 0.06083602905273437 0.09358308580186632
0 0.3070505619049072 0.43281851874457467 0.031394672393798825 0.09214375813802084
0 0.37249450832605363 0.2238300429450141 0.012997326254844666 0.04771887461344401
0 0.10191824436187744 0.3592949880494012 0.031102776527404785 0.05672526624467638
0 0.9929109573364258 0.5406124856736925 0.014178085327148437 0.08667066362169054
0 0.6383444666862488 0.22729852464463976 0.01670372486114502 0.048836602105034724
0 0.8626055002212525 0.42278436024983723 0.0328831672668457 0.07754342820909288
0 0.529815673828125 0.294440514780581 0.012560796737670899 0.010719974297616217
0 0.013062447309494019 0.34069027370876737 0.026124894618988037 0.07231241861979167
