2 0.6061957359313965 0.539933607313368 0.17244644165039064 0.5030532836914062
0 0.6271691203117371 0.2980436537000868 0.026781439781188965 0.06639696756998698
0 0.07488303184509278 0.3948773701985677 0.05275871753692627 0.08939666748046875
0 0.18037279844284057 0.5322865804036458 0.04684102535247803 0.12517674763997397
0 0.6741424709558487 0.2848309728834364 0.02141438126564026 0.05985872480604384
0 0.7031402587890625 0.304550838470459 0.01990952491760254 0.06589302486843533
3 0.6449803167721256 0.5102308485243056 0.08916101572103799 0.4017605251736111
0 0.7191915929317474 0.35092381371392145 0.018273746967315672 0.07095663282606336
0 0.7820656776428223 0.42924796210394967 0.02825450897216797 0.08798031277126736
0 0.21158008575439452 0.28094173007541234 0.04631872177124023 0.05288272433810764
0 0.7373627662658692 0.41115247938368055 0.038445472717285156 0.10661968655056424
0 0.03067583553493023 0.39487574365403916 0.04373971000313759 0.07571984397040474
0 0.6531425476074219 0.305709351433648 0.021889114379882814 0.0659765879313151
3 0.40825536847114563 0.6234870698716906 0.17588573694229126 0.17524808247884113
1 0.6279814958572387 0.3105926648817129 0.026021718978881836 0.04252358488738537
