1 0.6707819938659668 0.7774256388346354 0.17394037246704103 0.3072119394938151
3 0.6794356095604599 0.7752961370680067 0.15446932557970286 0.30904805925157336
1 0.5685413002967834 0.3113046752081977 0.06077682971954346 0.10028078291151259
0 0.7103294938802719 0.3283159679836697 0.03008297085762024 0.08681382073296441
0 0.07639565467834472 0.39443062676323787 0.060684919357299805 0.08336749606662326
3 0.567797839641571 0.32594642692969905 0.06056568622589111 0.07271191171473927
0 0.6488184452056884 0.28660788006252713 0.036527252197265624 0.07765191396077474
1 0.5748255372047424 0.3997444046868218 0.07095639705657959 0.10144045088026259
0 0.6736843228340149 0.2969386842515733 0.018319475650787353 0.08379427591959636
0 0.5614842653274537 0.24831958346896701 0.02139272689819336 0.03797721862792969
3 0.4661051154136658 0.7877282778422038 0.2547886610031128 0.42454344431559243
0 0.0300096794962883 0.3847906748453776 0.03218823373317718 0.05677422417534722
0 0.6362982153892517 0.30348870594882305 0.01625206470489502 0.028093664389517572
3 0.709721776843071 0.32926656192996434 0.02930305600166321 0.08029458152337207
0 0.7125670671463012 0.18170062700907388 0.014247894287109375 0.051628526051839194
