0 0.17890491485595703 0.4908715142144097 0.07162904739379883 0.10325673421223959
0 0.67863649725914 0.5108650207519532 0.026059532165527345 0.10188980102539062
0 0.3597218431532383 0.6610396279229058 0.03924401253461838 0.09736111958821615
0 0.3197698950767517 0.6027095582750108 0.029530644416809082 0.11247562832302517
0 0.26255035400390625 0.5493840641445584 0.026719427108764647 0.12000365787082248
0 0.6287261247634888 0.3916023254394531 0.02139558792114258 0.09109573364257813
0 0.8273159980773925 0.7704533894856771 0.049013710021972655 0.16844584147135416
1 0.4171722263097763 0.40128073162502714 0.06015060544013977 0.1350118637084961
0 0.7375476121902466 0.4052096923192342 0.027155756950378418 0.08649929364522298
0 0.3564720869064331 0.5139756308661567 0.02728118896484375 0.1270194583468967
0 0.5181243896484375 0.9041690402560764 0.048221778869628903 0.18318345811631945
1 0.5204236030578613 0.48120352427164714 0.08117618560791015 0.14012472364637588
0 0.657440447807312 0.3867595142788357 0.02121124267578125 0.08260398440890843
0 0.383806049823761 0.2685661103990343 0.015197789669036866 0.0642181396484375
0 0.08957549333572387 0.37717119852701825 0.05437526702880859 0.08799260457356771
0 0.2926783084869385 0.3529276529947917 0.028838253021240233 0.08506692250569661
0 0.6988630294799805 0.4641856723361545 0.026871490478515624 0.1050508287217882
0 0.9210756301879883 0.5375166998969184 0.05779838562011719 0.0971616956922743
0 0.1315488338470459 0.9396387736002604 0.07209290862083435 0.11436326768663195
0 0.08180818557739258 0.5060930887858073 0.06973600387573242 0.09605314466688368
0 0.36981816291809083 0.3638952891031901 0.022484207153320314 0.09052946302625868
0 0.32965831756591796 0.34299596150716144 0.023931884765625 0.09042561848958333
0 0.423888173699379 0.3007026142544217 0.01747249960899353 0.07300760481092665
0 0.7030406951904297 0.2921879662407769 0.03415207862854004 0.061211776733398435
0 0.9765693187713623 0.9131301032172309 0.04686136245727539 0.15915323893229166
0 0.40679262280464173 0.17632158597310385 0.011661684513092041 0.042091613345676
0 0.6419827222824097 0.31483981874254013 0.016844797134399413 0.0685839123196072
0 0.5394049882888794 0.21527576446533203 0.013799047470092774 0.05246298048231337
0 0.6697293996810914 0.3009802288479275 0.0185943603515625 0.06793022155761719
1 0.5668692111968994 0.7234521653917101 0.13617210388183593 0.230328369140625
0 0.008247279975330457 0.6478735711839464 0.016193554096389562 0.06963075002034505
0 0.5925504803657532 0.2151500489976671 0.012575602531433106 0.05156436496310764
0 0.6044522047042846 0.31858062744140625 0.018468093872070313 0.07271376715766059
0 0.9065086364746093 0.8942533704969619 0.06847267150878907 0.17793646918402778
0 0.5240556418895721 0.17972938219706217 0.010746777057647705 0.04194750256008572
0 0.37333780378103254 0.21956584718492295 0.013282433152198792 0.04801765018039279
2 0.5659625709056855 0.7178095287746853 0.14167343378067015 0.23819474114312067
2 0.41761969923973086 0.40095424519644846 0.06164034605026245 0.14045486715104843
1 0.9753840327262878 0.9120705286661784 0.04895727634429932 0.14635497199164496
0 0.4141809493303299 0.2779107199774848 0.01607956290245056 0.06313807169596354
0 0.9593146920204163 0.48345726860894095 0.035494065284729 0.06280852423773872
0 0.3929999589920044 0.43116353352864584 0.01400008201599121 0.09761420355902778
0 0.6029538035392761 0.2552949375576443 0.016535496711730956 0.06629496680365668
3 0.9694647431373596 0.5653705173068576 0.06107051372528076 0.25677049424913195
0 0.7155946016311645 0.34315341313680015 0.009435796737670898 0.0709837383694119
0 0.5618976593017578 0.218260309431288 0.013630294799804687 0.05544884999593099
0 0.022052323818206786 0.5029487609863281 0.04410464763641357 0.08988986545138888
0 0.6558753967285156 0.33742861615286934 0.016708755493164064 0.054485238922966854
0 0.009836062788963318 0.5595477634006076 0.019291338324546815 0.09542592366536458
0 0.3352784037590027 0.29275086720784504 0.021306920051574706 0.06312052408854167
0 0.013551899790763855 0.3371832529703776 0.02710379958152771 0.07514275444878472
0 0.4023983418941498 0.3303010410732693 0.017422580718994142 0.06324121687147352
1 0.4594947636127472 0.1279130193922255 0.015208804607391357 0.029821607801649306
0 0.5775110244750976 0.19691067271762425 0.011928033828735352 0.04645664427015517
0 0.7886362910270691 0.8137671576605903 0.029929518699645996 0.08005710177951389
1 0.05654454939067364 0.4934298833211263 0.09926732555031777 0.10939945644802518
0 0.8625686287879943 0.4318603515625 0.040969681739807126 0.07501856486002605
0 0.929832661151886 0.49193403455946183 0.025560688972473145 0.06770846048990885
