0 0.3364422798156738 0.6849743313259549 0.0865407943725586 0.13394330342610677
0 0.22235169410705566 0.6475861867268881 0.08423237800598145 0.1163647969563802
0 0.8167125701904296 0.5591575622558593 0.06891956329345703 0.11268369886610242
0 0.1496795415878296 0.6961668226453993 0.08969287872314453 0.13119468688964844
0 0.5319156646728516 0.4607145892249213 0.05648727416992187 0.0975503815544976
0 0.42269344329833985 0.5660808987087673 0.07335615158081055 0.1184141370985243
0 0.23598599433898926 0.49083514743381074 0.05544195175170898 0.09581519232855903
0 0.6160351288330276 0.45793399810791013 0.03168072461849079 0.10016933017306857
0 0.32067772150039675 0.42505452897813584 0.04419863224029541 0.0836766137017144
0 0.3549724340438843 0.494059075249566 0.06265015602111816 0.10652982923719619
0 0.2593547821044922 0.41466106838650174 0.04876065254211426 0.08649122450086806
0 0.11895221471786499 0.4744198269314236 0.04666104316711426 0.09322136773003473
0 0.4705676794052124 0.37865147060818144 0.029723572731018066 0.08603693644205729
0 0.28931212425231934 0.593675782945421 0.0754359245300293 0.11929228040907118
0 0.40436587333679197 0.4375585767957899 0.050087356567382814 0.08636711968315972
0 0.024552524089813232 0.6652272118462457 0.049105048179626465 0.10466859605577257
0 0.5481982111930848 0.30848931206597224 0.017246174812316894 0.07360827128092448
0 0.5254565656185151 0.23986304601033528 0.013322031497955323 0.05929232703314887
0 0.9405084609985351 0.6831631130642362 0.05003280639648437 0.1449211968315972
0 0.6409973978996277 0.2898492071363661 0.018748545646667482 0.06799479590521919
0 0.32074120044708254 0.3015809800889757 0.018816232681274414 0.06522127787272135
1 0.39832158386707306 0.2582294782002767 0.034766274690628055 0.06308396657307942
0 0.5661462426185608 0.28388288285997176 0.014499878883361817 0.06355692545572916
0 0.6105342770926654 0.27695998085869683 0.015821043588221072 0.07037677764892578
0 0.45828981399536134 0.2981143209669325 0.02692868709564209 0.06111104753282335
0 0.3910681128501892 0.5841706169976129 0.017863774299621583 0.08813908894856771
0 0.5945120096206665 0.2804208437601725 0.014766931533813477 0.06453897688123915
0 0.13666903972625732 0.578240246242947 0.07310070991516113 0.1106522454155816
0 0.3678342491388321 0.3028247091505263 0.016370123624801634 0.06462116241455078
0 0.4109466403722763 0.37749572330050996 0.029267102479934692 0.07314058939615885
3 0.45750963091850283 0.20815426508585613 0.03919719457626343 0.07347655826144749
0 0.7029322028160095 0.2937095748053657 0.03476059436798096 0.05769587622748481
0 0.07420958876609803 0.9331456502278646 0.07623950242996216 0.12441999647352431
1 0.4370344281196594 0.14204829004075792 0.018540406227111818 0.03661862479315864
0 0.5804207444190979 0.18894104427761502 0.013495039939880372 0.047766155666775174
0 0.7592910766601563 0.3805841657850477 0.02305011749267578 0.08179855346679688
0 0.8632280826568604 0.43196644253200955 0.040709304809570315 0.07790289984809028
0 0.4863742828369141 0.34602177937825523 0.03926219940185547 0.07193804846869575
1 0.4430331289768219 0.27216885884602865 0.03396850824356079 0.07020759582519531
0 0.4854239225387573 0.24737525516086153 0.012218332290649414 0.05478524102105035
0 0.3647317931056023 0.6909891340467665 0.039330223202705385 0.03965047200520833
0 0.4291670173406601 0.4115859137641059 0.036996370553970336 0.07643703884548611
0 0.3554694175720215 0.2988994810316298 0.020441359281539916 0.06407847934299045
0 0.6747081875801086 0.2684231334262424 0.02576591968536377 0.04857680002848307
0 0.42411749362945556 0.23913971583048502 0.013448357582092285 0.05277601877848307
0 0.327219907194376 0.6192359182569716 0.01376328021287918 0.07262562645806206
0 0.4043847888708115 0.18916460143195257 0.01194412112236023 0.04316356447007921
0 0.6142411235719919 0.238869931962755 0.013848548382520675 0.05131910112169054
0 0.33659027367830274 0.29176510704888237 0.019339242577552797 0.06270760430230035
0 0.014665476977825165 0.3393186781141493 0.02933095395565033 0.07095192803276909
0 0.1590658962726593 0.6815048641628689 0.036281239986419675 0.05833384195963542
0 0.273294723033905 0.3051184760199653 0.018056607246398924 0.06150682237413194
0 0.5353782653808594 0.16531294716729059 0.011080598831176758 0.040591028001573354
3 0.5105137705802918 0.17235886255900065 0.022637534141540527 0.04804922739664714
0 0.8124429702758789 0.4340831332736545 0.030360841751098634 0.0892062717013889
0 0.34676177278161047 0.25161479314168295 0.014754848182201385 0.05230897267659505
1 0.38982540369033813 0.44508277575174965 0.02034919261932373 0.07549072901407877
1 0.5790282130241394 0.24179728825887045 0.024968457221984864 0.060778405931260854
0 0.5882707118988038 0.4606772952609592 0.032044172286987305 0.08711208767361112
1 0.7024606347084046 0.3046484382949226 0.03240540027618408 0.03150350941513251
