1 0.5556018650531769 0.6215438418918185 0.11620806455612183 0.170123291015625
2 0.3425507426261902 0.3000519116719564 0.09567277431488037 0.1999741660224067
0 0.16510839462280275 0.4210106743706597 0.058185672760009764 0.08751712375217013
0 0.7290912687778472 0.6072816212972005 0.039310681819915774 0.11878424750434027
0 0.3101755976676941 0.4440528021918403 0.022472071647644042 0.1014603508843316
1 0.6971240699291229 0.7966189278496636 0.12227452993392944 0.24951752556694878
1 0.587461245059967 0.30499546262953015 0.05270187854766846 0.08224235110812717
0 0.15631576180458068 0.5850258509318034 0.032181036472320554 0.146302244398329
0 0.8047840118408203 0.6204928080240886 0.03367762565612793 0.13681115044487846
3 0.44659282863140104 0.3679405795203315 0.060845762491226196 0.15698762469821506
0 0.3420930504798889 0.5188319312201606 0.02655012607574463 0.11569230821397569
0 0.6355422973632813 0.516928948296441 0.034542083740234375 0.12429224650065104
0 0.6742030382156372 0.4687705781724718 0.02195143699645996 0.09233343336317275
0 0.5856198310852051 0.3614557902018229 0.02055530548095703 0.08942379421657987
0 0.1934830665588379 0.6253743489583333 0.03589935302734375 0.14388809204101563
0 0.8756195068359375 0.9391391330295139 0.06377906799316406 0.11731635199652778
0 0.7366275787353516 0.45251377953423394 0.025006747245788573 0.09655121697319878
0 0.2519409656524658 0.3891326904296875 0.02394552230834961 0.10524936252170139
0 0.7825839996337891 0.49626024034288196 0.027109336853027344 0.10284898546006944
0 0.08440585434436798 0.36914769808451336 0.04386817812919617 0.06105277803209093
0 0.7059960395097733 0.47999858326382105 0.025043076276779173 0.09446967442830403
0 0.7618778705596924 0.5460624694824219 0.026645374298095704 0.11979590521918403
3 0.41028690040111543 0.23208448621961805 0.039527899026870726 0.09682663811577691
0 0.6731348037719727 0.3368453661600749 0.020148324966430663 0.07234308454725477
1 0.5602043390274047 0.23196228875054253 0.03352313041687012 0.05943603515625
0 0.8825443267822266 0.7580167982313368 0.05323295593261719 0.1627770741780599
0 0.9757326602935791 0.8020194159613715 0.0485346794128418 0.16259799533420138
0 0.6355794429779053 0.938120863172743 0.08026065826416015 0.12258741590711805
0 0.5965245962142944 0.2457980685763889 0.016701126098632814 0.05499403211805556
0 0.710632997751236 0.40354525248209633 0.020084989070892335 0.07975396050347222
3 0.5121719777584076 0.1714335494571262 0.023820126056671144 0.060867828792995876
0 0.39563929438591006 0.3241929054260254 0.01859006881713867 0.08790832095675999
0 0.9190196990966797 0.6796692742241753 0.03675537109375 0.13527899848090277
0 0.6938148885965347 0.4222195095486111 0.020414966344833373 0.0834564208984375
3 0.5871745228767395 0.31867754724290637 0.05634396076202393 0.05957731670803494
0 0.8630611062049866 0.48214823404947915 0.02871711254119873 0.061696370442708336
0 0.631458330154419 0.28257839414808483 0.016287755966186524 0.06129415300157335
0 0.6811893463134766 0.38733474943372936 0.022701501846313477 0.08333890702989366
0 0.649106752872467 0.3999068260192871 0.02321183681488037 0.08875081804063585
0 0.7927098274230957 0.9287086486816406 0.07017574310302735 0.13615044487847222
0 0.6155759312212468 0.2551475418938531 0.014251364767551422 0.055134688483344185
0 0.6519917488098145 0.4761191209157308 0.01761627197265625 0.07928060955471462
0 0.6396885752677918 0.3215386390686035 0.020461726188659667 0.078077761332194
0 0.819556999206543 0.5494021097819011 0.03420677185058594 0.10511457655164931
3 0.698415470123291 0.7918799506293402 0.1170745849609375 0.2539486779106988
0 0.7132902145385742 0.5975923644171821 0.014044570922851562 0.0878610610961914
0 0.5392692446708679 0.18480292956034342 0.010208630561828613 0.04302036497328016
3 0.46613218188285827 0.16780955526563857 0.02540830373764038 0.06493469874064127
0 0.013270185887813568 0.33715621100531684 0.026540371775627136 0.07405056423611112
0 0.6751337766647338 0.26798968844943577 0.025720596313476562 0.04958356221516927
0 0.9841139078140259 0.9729264365302192 0.031772184371948245 0.054147126939561634
0 0.7027239322662353 0.2896958139207628 0.03481659889221191 0.06275573306613498
0 0.5843968749046325 0.2038522720336914 0.014183306694030761 0.047206539577907984
3 0.3464734345674515 0.3442065450880263 0.05232186913490296 0.11063531239827475
0 0.877440071105957 0.6741193559434678 0.0456817626953125 0.10667190551757813
0 0.8499435901641845 0.4361703342861599 0.021925878524780274 0.05445285373263889
0 0.8144754886627197 0.4379087448120117 0.028106832504272462 0.08405503167046441
0 0.6382143020629882 0.44867062038845484 0.026387786865234374 0.0913683573404948
0 0.273050332069397 0.31096875932481555 0.01531667709350586 0.0441597408718533
1 0.6314182758331299 0.9394028133816189 0.07113761901855468 0.12119437323676216
0 0.6060373019427061 0.6446612040201823 0.011706652492284775 0.11023601955837674
0 0.8930094003677368 0.48518480194939506 0.029077482223510743 0.0668796009487576
