0 0.16761348247528077 0.7072252061631944 0.09450278282165528 0.2237081315782335
3 0.7323380541056395 0.7724073939853244 0.2437829352915287 0.45518521202935114
0 0.4113820940256119 0.38360745112101235 0.03552984595298767 0.10140378740098742
0 0.3599886313080788 0.3859267234802246 0.025853344798088075 0.10270235273573133
0 0.23226711750030518 0.4955874549018012 0.05019731521606445 0.11086154513888889
3 0.6437092304229737 0.6076055314805773 0.15320653915405275 0.2070111592610677
1 0.16083343625068663 0.6511597103542752 0.08546479940414428 0.11990280151367187
0 0.24095089435577394 0.3816508717007107 0.029035043716430665 0.1046369128757053
0 0.3416439201682806 0.2518769900004069 0.01856185868382454 0.05870503319634331
0 0.6547479271888733 0.23546361923217773 0.01807448863983154 0.0635763168334961
0 0.6708031535148621 0.23924807442559137 0.01709105968475342 0.06114203135172526
0 0.07975826859474182 0.4051532321506076 0.062023937702178955 0.08631422254774306
0 0.27285921573638916 0.40374458101060656 0.030593442916870116 0.10285985734727647
0 0.3018040060997009 0.31719657844967314 0.023378825187683104 0.05661537912156847
0 0.5928298950195312 0.24596154954698352 0.019184684753417967 0.05891842312282986
0 0.6288952827453613 0.2459649191962348 0.020433616638183594 0.06912710401746962
0 0.2076653242111206 0.4285588582356771 0.030885696411132812 0.09551255967881944
0 0.3037309408187866 0.39508158365885415 0.02560453414916992 0.09608645968967014
0 0.3727100372314453 0.2410334481133355 0.015366363525390624 0.05308392842610677
0 0.33937082402408125 0.3465516620212131 0.019250402599573134 0.07692697313096789
0 0.35718560218811035 0.21302496592203776 0.014624786376953126 0.050881279839409724
3 0.5484399676322937 0.24092720879448784 0.04722683429718018 0.09672550625271267
0 0.35468889772892 0.2804756376478407 0.021340352296829224 0.0715254889594184
0 0.3946168541908264 0.23793579737345377 0.010766291618347168 0.042707167731391056
0 0.3228808879852295 0.32368876139322916 0.021117591857910158 0.07676679823133681
0 0.3689558386802673 0.18258640501234266 0.012207341194152833 0.03862828148735894
0 0.029801460355520247 0.3826053937276204 0.038256694376468656 0.05460936228434245
0 0.9964845299720764 0.3974302291870117 0.006755995750427246 0.052835040622287326
0 0.4266500473022461 0.22546946207682292 0.020721435546875 0.059411705864800345
3 0.1682865560054779 0.7045309172736274 0.08959161043167115 0.2260473675198025
1 0.5477969765663147 0.2486699422200521 0.04406044483184814 0.08311530219184028
