0 0.2825680494308472 0.38059905370076497 0.035190582275390625 0.09318887922498915
0 0.24434366226196289 0.44895023769802517 0.04202876091003418 0.10701556735568576
0 0.33973877429962157 0.3980065239800347 0.03522481918334961 0.09713948567708333
0 0.32955796718597413 0.2574064148796929 0.026426982879638673 0.05836060841878255
0 0.18260349631309508 0.43644593556722006 0.038731586933135984 0.09542045593261719
0 0.6427075877785683 0.2699247254265679 0.02474376857280731 0.0690378189086914
0 0.1200600266456604 0.562731679280599 0.029801177978515624 0.12041312323676215
0 0.2229907751083374 0.6604457855224609 0.06276593208312989 0.1673171149359809
0 0.35575156211853026 0.2511097590128581 0.019866371154785158 0.062445280287000866
0 0.1683966636657715 0.5987752278645834 0.038643169403076175 0.1327938503689236
0 0.07520338296890258 0.39473893907335067 0.05556502342224121 0.08413052029079861
0 0.03442859128117561 0.3818185806274414 0.03623318523168564 0.05162637498643663
0 0.6066942904959433 0.21161647372775608 0.01284189431462437 0.04857012430826823
0 0.928816819190979 0.3563537942038642 0.035934162139892575 0.04171810679965549
0 0.4060856640338898 0.25821241802639433 0.01603538990020752 0.05619386037190755
0 0.1751054048538208 0.7569240993923612 0.013094329833984375 0.04655668470594618
0 0.3936068773269653 0.23988850911458334 0.012442922592163086 0.03635779486762153
0 0.9965463280677795 0.4040461911095513 0.006808257102966309 0.04048897425333659
0 0.15686116218566895 0.5156576368543837 0.02033863067626953 0.06105024549696181
