1 0.5326297044754028 0.6025536431206597 0.1073986530303955 0.1834784613715278
0 0.5493695855140686 0.4294788360595703 0.024848628044128417 0.0942320081922743
1 0.6382317185401917 0.5444064458211263 0.08924229145050049 0.15344081454806857
1 0.7548221111297607 0.8931935628255209 0.18564882278442382 0.2107265896267361
0 0.18062618970870972 0.45905212826199004 0.0287628173828125 0.10310028923882378
0 0.843706488609314 0.6649819903903538 0.05085296630859375 0.09225824144151476
3 0.5744838714599609 0.34044325086805555 0.05720443725585937 0.12321980794270833
0 0.759786856174469 0.6817995919121637 0.03873333930969238 0.13264825608995226
0 0.5323902130126953 0.7589026557074653 0.04480886459350586 0.16265936957465277
0 0.747422707080841 0.5635915120442708 0.03060140609741211 0.10653932359483508
0 0.3900225400924683 0.8230697631835937 0.05099396705627442 0.1814303927951389
0 0.8973503589630127 0.6057874255710178 0.023618316650390624 0.08775732252332899
1 0.5336742401123047 0.2591764873928494 0.03415579795837402 0.05719417995876736
1 0.3071212410926819 0.6317352506849501 0.12187621593475342 0.14144342210557725
0 0.7863470911979675 0.5632966359456381 0.03119370937347412 0.10360904269748264
1 0.4336409568786621 0.40476095411512586 0.06317956447601318 0.14447640313042534
0 0.6493323564529419 0.3291333622402615 0.016223764419555663 0.0669485092163086
1 0.38859405517578127 0.3554581536187066 0.039040565490722656 0.09266050126817492
0 0.2587893009185791 0.49243893093532987 0.028664064407348634 0.12092403835720486
0 0.765054988861084 0.46487867567274305 0.029748153686523438 0.1028458489312066
3 0.45915586352348325 0.2723549313015408 0.045512044429779054 0.10949872334798177
0 0.7196320533752442 0.4167023128933377 0.025655555725097656 0.09770067003038195
3 0.6902768850326538 0.8975274827745225 0.05659942626953125 0.20364854600694443
0 0.6117071151733399 0.41490164862738715 0.02308931350708008 0.09723230997721354
0 0.659273648262024 0.427189212375217 0.03280625343322754 0.08465059068467883
0 0.8540611267089844 0.7887215508355034 0.051024246215820315 0.18199462890625
3 0.5461164951324463 0.15813915994432237 0.03358330726623535 0.06768019994099934
0 0.301737904548645 0.486828343073527 0.021141815185546874 0.08094116846720377
3 0.424321585893631 0.16710604031880696 0.025748288631439208 0.06458734936184353
0 0.5532062172889709 0.22568716473049588 0.01302011013031006 0.056891610887315536
0 0.6797659873962403 0.46328514946831595 0.026926040649414062 0.10747858683268229
0 0.6873607754707336 0.3489190737406413 0.021281123161315918 0.06954280005560981
2 0.43300056755542754 0.40376666784286497 0.06367356181144715 0.1454694668451945
0 0.2806782007217407 0.41014578077528213 0.022340011596679688 0.09961293538411459
0 0.5892354488372803 0.9399149576822917 0.0638930320739746 0.10990973578559028
0 0.6651121497154235 0.3662833637661404 0.021504521369934082 0.08202974531385633
0 0.3098536729812622 0.34744084676106773 0.022947025299072266 0.07435243394639757
0 0.6005830645561219 0.23864671919080946 0.015751290321350097 0.05780203077528212
0 0.6277474761009216 0.32240146001180015 0.017332959175109863 0.08492747412787544
2 0.5326794743537903 0.6023269335428874 0.1071284532546997 0.17896862030029298
0 0.34336940571665764 0.3303784476386176 0.018993331491947173 0.0800636715359158
0 0.303753650188446 0.4016050577163696 0.02075355052947998 0.06592455440097385
0 0.3319319270551205 0.2613424407111274 0.013181839883327485 0.057572364807128906
0 0.600104832649231 0.28509549034966364 0.015109586715698241 0.0693145751953125
0 0.3663309827446938 0.2897333568996853 0.014160224795341491 0.06563339233398438
0 0.07537534236907958 0.3496273040771484 0.04148821830749512 0.07820392184787327
0 0.8629105687141418 0.43171327379014757 0.0409013032913208 0.07755321926540798
3 0.34414282143116 0.7087629000345866 0.047048383951187135 0.33434950510660805
1 0.4000371187925339 0.2811819182501899 0.03900083899497986 0.06869140201144748
3 0.34987094461976087 0.49701277414957684 0.05897289395215921 0.2701911502414279
0 0.814918828010559 0.43947391510009765 0.02559347152709961 0.08562736511230469
0 0.3750092551112175 0.25003136528862846 0.015297642350196839 0.053330612182617185
0 0.3368403434753418 0.38914557562934027 0.021624135971069335 0.08832872178819444
0 0.6366767942905426 0.37314331266615125 0.01577768325805664 0.07884629567464192
0 0.637861454486847 0.2567569944593642 0.01562187671661377 0.06275261773003472
0 0.025928401947021486 0.22701910866631403 0.015033125877380371 0.04193905724419488
1 0.4525319695472717 0.22804114023844402 0.03708221912384033 0.06500379774305555
0 0.31243243217468264 0.30959239933225846 0.015984773635864258 0.041407020886739095
1 0.4598637640476227 0.17368893093532986 0.02357250452041626 0.046330430772569445
0 0.25201488733291627 0.432961098353068 0.02520034313201904 0.06931484010484483
0 0.27299431562423704 0.30610887739393444 0.01762092113494873 0.05833795335557726
0 0.7090843677520752 0.2933778232998318 0.022205877304077148 0.05850844913058811
0 0.35724014043807983 0.27037056816948785 0.01421547532081604 0.05315602620442708
0 0.5803938627243042 0.2488282627529568 0.014239120483398437 0.059448093838161895
2 0.7594321578741073 0.8938388612535265 0.1998857796192169 0.21065864562988282
0 0.6250343583524227 0.39778497483995223 0.016794909536838532 0.07590849134657118
0 0.9024461507797241 0.5470934126112196 0.03288898468017578 0.06037445068359375
0 0.7181411206722259 0.36693773799472384 0.01772986650466919 0.05400520960489909
0 0.2833216547966003 0.3549414767159356 0.01541883945465088 0.04877679083082411
3 0.3875747874379158 0.35149473812845017 0.0418003648519516 0.09750796026653713
2 0.2990436553955078 0.6994133207533094 0.14390168190002442 0.2768596649169922
0 0.013961109519004821 0.3369270748562283 0.027922219038009642 0.07301907009548611
1 0.7339954435825348 0.2523209359910753 0.03328956365585327 0.052094459533691406
0 0.3224058316263836 0.3195750978257921 0.003985287772957235 0.05749248928493923
3 0.43404378890991213 0.40297758314344617 0.06192989349365234 0.13374277750651042
