3 0.3476168394088745 0.6226606210072835 0.05460867881774902 0.3677890247768826
3 0.6175445795059205 0.409224722120497 0.09263067245483399 0.19893311394585503
1 0.41012618541717527 0.46585470835367837 0.06810247898101807 0.1342327117919922
3 0.6691102385520935 0.8270027796427409 0.10240452289581299 0.34599444071451824
1 0.3807470232248306 0.2765257199605306 0.03712036013603211 0.06637770334879557
0 0.34320895224809644 0.36187543869018557 0.01888451874256134 0.08499435848659939
0 0.8971675395965576 0.6050470140245225 0.02550616264343262 0.09259618123372396
1 0.43677267134189607 0.3424796634250217 0.054373353719711304 0.10349799262152778
1 0.5544837951660156 0.3169975174797906 0.044378471374511716 0.07790766821967231
1 0.46145483255386355 0.23707190619574653 0.030399394035339356 0.05818299187554254
0 0.12287912368774415 0.7472162034776476 0.044861221313476564 0.18166622585720485
1 0.5334418714046478 0.23602239820692275 0.03425675630569458 0.06072845458984375
0 0.6723617851734162 0.3375935660468207 0.019184744358062743 0.07062060038248698
1 0.520148754119873 0.5628366258409289 0.09296836853027343 0.16326861911349827
0 0.5535881519317627 0.47245684729682075 0.02218337059020996 0.10419400533040364
0 0.6432095915079117 0.28830793168809676 0.020969897508621216 0.06575419108072916
0 0.30936306715011597 0.32292022440168594 0.01874563694000244 0.06626921229892307
0 0.5400335311889648 0.6795506795247396 0.03592071533203125 0.1496178944905599
0 0.48181972503662107 0.8984371609157986 0.0405463457107544 0.10699149237738716
0 0.6009050369262695 0.28577630784776475 0.01608753204345703 0.060820388793945315
0 0.4190675526857376 0.2570637702941895 0.01816951632499695 0.06285088857014974
0 0.7028696060180664 0.2924515830145942 0.03488578796386719 0.05955145094129774
0 0.1355966329574585 0.9284143235948351 0.06420116424560547 0.1350767347547743
0 0.40515184700489043 0.21449792650010852 0.012531203031539918 0.051865641276041666
1 0.5166890799999238 0.1887602064344618 0.02493058443069458 0.046607250637478295
0 0.5676205515861511 0.20858431922064888 0.011266589164733887 0.04866824679904514
0 0.5376363754272461 0.9090172661675348 0.06331977844238282 0.15642225477430555
0 0.5945932030677795 0.22093759112887912 0.01366751194000244 0.04871294233534071
1 0.8676326751708985 0.8740505642361112 0.12573585510253907 0.21593119303385416
0 0.25014691352844237 0.36562216016981336 0.038261127471923825 0.09101960923936632
0 0.3605550482869148 0.2544936815897624 0.014023599028587342 0.057474369472927514
0 0.07461557686328887 0.35984233220418294 0.04639156460762024 0.07244222429063585
0 0.8630645394325256 0.4308769226074219 0.04210903644561768 0.08017535739474826
0 0.5207966327667236 0.7598568386501736 0.042104148864746095 0.17302996317545574
0 0.4317211270332336 0.16623937288920085 0.010158205032348632 0.041136180029975045
0 0.3173026919364929 0.2907386249966092 0.016973233222961424 0.05714083777533637
0 0.3874687165021896 0.2280583381652832 0.013891202211380006 0.048583496941460504
0 0.18262572288513185 0.3470008850097656 0.037638092041015626 0.07871040768093533
0 0.8127529144287109 0.4299706776936849 0.033223533630371095 0.09550832112630209
0 0.013504378497600555 0.3374488830566406 0.02700875699520111 0.07524668375651042
0 0.5545002460479737 0.2056651857164171 0.010291671752929688 0.04651781717936198
0 0.5426366448402404 0.18957481914096408 0.01148688793182373 0.042504066891140405
0 0.5813248872756958 0.23818946414523653 0.014489889144897461 0.05681627061631944
0 0.6753343224525452 0.26818732155693903 0.0234927773475647 0.051825226677788626
0 0.9026609063148499 0.5415691693623861 0.03319327831268311 0.06082210540771484
0 0.2726906657218933 0.30673672358194987 0.01859900951385498 0.06181625790066189
2 0.3473471122793853 0.5806812021467421 0.05067517403513193 0.2810745769076877
1 0.4657978296279907 0.12758468521965874 0.014273834228515626 0.032128026750352645
0 0.5768754959106446 0.2853298293219672 0.018780517578125 0.056343396504720054
