0 0.712494072318077 0.43643968370225694 0.04697666764259338 0.11541171603732639
0 0.19830471873283387 0.44992633395724824 0.03619881868362427 0.09204516940646701
0 0.39419391453266145 0.26755780114067923 0.02771647572517395 0.06369327969021267
0 0.29676700830459596 0.6780322710673015 0.052517485618591306 0.16450015174018012
1 0.6011823892593384 0.3210023985968696 0.04785599708557129 0.08697901831732856
0 0.2758829355239868 0.42094463772243923 0.03034944534301758 0.08730129665798611
0 0.3444266334176064 0.3635052892896864 0.023805275559425354 0.09590744442409939
0 0.39381468296051025 0.21396559609307184 0.012370634078979491 0.044496048821343316
0 0.14384880661964417 0.9261145697699653 0.02465566396713257 0.06478635999891492
0 0.3190996527671814 0.43801867167154945 0.04987480640411377 0.11748860677083334
0 0.3471140623092651 0.24195464452107748 0.026023483276367186 0.052935685051812065
1 0.7043671011924744 0.43958313200208876 0.03189079761505127 0.1162700441148546
0 0.369267201423645 0.23787287606133356 0.01612563133239746 0.061084683736165366
0 0.6007300972938537 0.19075042406717937 0.012177395820617675 0.04253017637464735
2 0.6015475869178772 0.32658837371402316 0.04512832164764404 0.07359351581997342
0 0.07680758237838745 0.3953291998969184 0.06021969318389893 0.07065955268012153
0 0.5825488328933716 0.19503970675998264 0.011762332916259766 0.04089944627549913
0 0.4079472541809082 0.22857864167955186 0.013790607452392578 0.05028341081407335
0 0.3916274309158325 0.2940386517180337 0.01674513816833496 0.010299525658289592
0 0.030210193991661072 0.39685575697157116 0.04220706820487976 0.08003268771701388
