0 0.1147491455078125 0.7209342956542969 0.09261330962181091 0.14391699896918403
1 0.540777039527893 0.3240983115302192 0.048244142532348634 0.09434962802463108
0 0.06894307136535645 0.4325794643825955 0.0626643419265747 0.08841781616210938
1 0.45787214636802676 0.2643664254082574 0.03263925313949585 0.06673651801215277
0 0.595908010005951 0.37763042449951173 0.019427943229675292 0.08721953497992621
0 0.2819070816040039 0.7122394137912327 0.03736467361450195 0.16416015625
0 0.6606407165527344 0.3718916257222494 0.016325998306274413 0.07429256439208984
0 0.0414730042219162 0.7033398946126302 0.08190659880638122 0.13747355143229167
0 0.8720480561256408 0.6823378139071994 0.03538248538970947 0.11860379113091363
3 0.5637316465377807 0.21792321734958225 0.03852005004882812 0.08228922949896919
0 0.2650742053985596 0.43105604383680557 0.051247692108154295 0.08834771050347222
0 0.6420424938201904 0.38827039930555557 0.021488761901855467 0.09654015435112848
0 0.22368295192718507 0.3534801907009549 0.04632039070129394 0.07720894283718532
0 0.8269462585449219 0.463644282023112 0.062418031692504886 0.08640238444010416
0 0.016746050119400023 0.37004996405707463 0.033492100238800046 0.07922448052300347
0 0.7084680557250976 0.466930792066786 0.023688888549804686 0.0698084937201606
0 0.8258882522583008 0.6340802510579427 0.034863853454589845 0.15066697862413195
0 0.31588125228881836 0.3003985087076823 0.019378852844238282 0.07488225301106771
0 0.5717589735984803 0.27534252802530923 0.013626790046691895 0.06310257381863064
0 0.7019641876220704 0.40860977172851565 0.018349599838256837 0.09101045396592881
0 0.6235436923801899 0.2591477500067817 0.015946637094020843 0.05723402235243055
0 0.23503532409667968 0.5765455034044054 0.0633814811706543 0.10551172892252604
1 0.4606988847255707 0.17900906138949924 0.021480810642242432 0.04220181571112739
0 0.34676489159464835 0.2669830534193251 0.016846342384815215 0.06359155442979601
0 0.3825675964355469 0.2962787416246202 0.020165157318115235 0.07180951436360677
0 0.414508119225502 0.21467967563205295 0.012832874059677124 0.04868829515245226
0 0.24035019874572755 0.4885891384548611 0.06426839828491211 0.0961061265733507
0 0.6766223907470703 0.362609248691135 0.01950836181640625 0.0796028561062283
0 0.4100363731384277 0.28126305474175345 0.01754077672958374 0.06420016818576389
0 0.9086763381958007 0.48408287896050345 0.06428699493408203 0.07703518337673611
0 0.36339351534843445 0.2766484366522895 0.014463520050048828 0.05944417317708333
0 0.19228596091270447 0.5938926166958279 0.03357468843460083 0.08606934017605251
0 0.6330531954765319 0.32131891515519884 0.01821887493133545 0.06062463654412164
0 0.48197261691093446 0.24568712446424695 0.01232849359512329 0.05768831041124132
0 0.20282158851623536 0.6577171749538846 0.0800094485282898 0.13584331936306424
0 0.09075658917427062 0.36455684238009983 0.04725712537765503 0.07567079332139758
0 0.7017053246498108 0.29477156533135307 0.032666468620300294 0.05507433149549696
0 0.7057228207588195 0.34767221874660914 0.021914362907409668 0.07569972144232856
0 0.600516939163208 0.3176758342319065 0.01607346534729004 0.05362334781222873
0 0.3982829749584198 0.2602844662136502 0.013334083557128906 0.05298678080240885
0 0.6368770837783814 0.2556884447733561 0.01567111015319824 0.05718623267279731
0 0.592654001712799 0.2210940678914388 0.01472160816192627 0.05277845594618055
0 0.53432195186615 0.18767919540405273 0.009536552429199218 0.043098767598470054
0 0.24503674507141113 0.6879764980740017 0.03373699188232422 0.04532224867078993
0 0.6056722283363343 0.27922147115071616 0.011344456672668457 0.06537306043836806
0 0.673995292186737 0.267989370557997 0.018084025382995604 0.05064235263400608
0 0.8087191045284271 0.4097267362806532 0.02112056016921997 0.07820922003851996
0 0.6437641024589539 0.30831396766006947 0.015768599510192872 0.037661633474959266
0 0.5962717413902283 0.2543536080254449 0.015007472038269043 0.05470822652180989
0 0.05511309206485748 0.3782796859741211 0.03367894291877747 0.06749721103244358
0 0.7509939789772033 0.45865194532606335 0.03493309020996094 0.07393078274197049
0 0.3225799463689327 0.2940956645541721 0.004534892737865448 0.056344328986273874
1 0.5095920145511628 0.180426910188463 0.022874867916107176 0.048425981733534074
0 0.4191727638244629 0.18642287254333495 0.01112525463104248 0.03977730009290907
0 0.7410201907157898 0.3661295043097602 0.02500629425048828 0.07501629723442925
1 0.46069048047065736 0.11816266377766928 0.01581348180770874 0.032777489556206595
0 0.2732679009437561 0.30658433702256943 0.018688035011291505 0.062377548217773436
0 0.21234501600265504 0.6129177517361111 0.031887364387512204 0.06372095743815104
0 0.8652887344360352 0.46049719916449655 0.04224739074707031 0.07739062839084201
0 0.005031667277216911 0.4716951158311632 0.010063334554433822 0.09336971706814236
