0 0.8809881448745728 0.605994266933865 0.03433899879455567 0.11372396681043836
0 0.6899163514375687 0.44530578189425996 0.053840082883834836 0.08463961283365885
1 0.6505331039428711 0.5273946974012587 0.1660055160522461 0.13432718912760416
0 0.3226998090744019 0.2947916666666667 0.01815829277038574 0.07141215006510417
0 0.3743599891662598 0.49122551812065973 0.05483388900756836 0.08832194010416666
1 0.3417181968688965 0.43278929392496746 0.11656360626220703 0.12144482930501302
0 0.0854368805885315 0.36347215440538194 0.046723031997680665 0.07387220594618056
0 0.6015173077583313 0.3417250633239746 0.02191779613494873 0.0816372553507487
0 0.5679179191589355 0.4055166244506836 0.043352699279785155 0.08852797614203559
0 0.49216424822807314 0.3311444918314616 0.026417768001556395 0.07641128963894314
1 0.12308962345123291 0.4732546912299262 0.11702604293823242 0.13037278917100695
0 0.9670478820800781 0.6890684339735244 0.058560943603515624 0.14574894375271266
0 0.6760481357574463 0.3201526747809516 0.0158721923828125 0.07414090898301866
0 0.5258032977581024 0.29790670606825087 0.01611262559890747 0.07095688713921441
0 0.3645420089364052 0.28933893839518227 0.01640399396419525 0.07193166944715712
0 0.4226608037948608 0.2953601095411513 0.016458630561828613 0.06927428775363498
0 0.539349639415741 0.2541159100002713 0.01309530735015869 0.059011756049262155
1 0.4432380676269531 0.2540919833713108 0.0333632230758667 0.0752190907796224
0 0.33446877971291544 0.2349230342441135 0.01524677723646164 0.055973921881781685
0 0.5563264131546021 0.34908374150594074 0.024912261962890626 0.07960207197401259
1 0.5463927984237671 0.2118304146660699 0.03239707946777344 0.050095748901367185
0 0.38012785613536837 0.30133803685506183 0.01510598063468933 0.06686916351318359
0 0.3602688670158386 0.23882336086697048 0.013879704475402831 0.05504578484429253
0 0.389427050948143 0.24479988945855036 0.013242930173873901 0.057560899522569445
0 0.44292736053466797 0.18753601180182564 0.011058235168457031 0.043906052907307945
3 0.5657071352005005 0.274105347527398 0.03229613304138183 0.08101891411675347
0 0.5780616044998169 0.3233102162679036 0.01953749656677246 0.06866658528645833
0 0.7026159048080445 0.2898357391357422 0.034796142578125 0.06064576043023003
0 0.40044855177402494 0.2900559001498752 0.015156632661819458 0.06696775224473742
0 0.8116636276245117 0.42008980645073785 0.030879974365234375 0.08796539306640624
0 0.27283976078033445 0.3117656389872233 0.018942642211914062 0.045144081115722656
0 0.5383560061454773 0.1532266616821289 0.009471821784973144 0.03535630967881945
1 0.4591666042804718 0.22684982087877062 0.023610031604766844 0.05743418799506293
0 0.8647024154663085 0.4372176276312934 0.040510940551757815 0.08239373101128472
0 0.3960688799619675 0.20627342859903972 0.011519986391067504 0.046656566196017796
0 0.9935348391532898 0.5402592870924208 0.01293032169342041 0.08235780927870008
0 0.4825347542762756 0.23466821246676975 0.011676359176635741 0.053287908766004775
0 0.4099817484617233 0.22930234273274738 0.012761324644088745 0.05188272264268663
0 0.5123557686805725 0.1535845438639323 0.009830713272094727 0.03571099175347222
0 0.014720872044563293 0.33768988715277776 0.029441744089126587 0.07505647871229383
0 0.43424885272979735 0.17301256391737196 0.008719372749328613 0.03648427327473958
0 0.40945954620838165 0.18159190813700357 0.010186749696731567 0.040739684634738496
