0 0.17032729983329772 0.585902648501926 0.03529399633407593 0.10525972578260634
0 0.36481266021728515 0.3733182589213053 0.03117814064025879 0.08776510026719835
0 0.10663491487503052 0.6581488715277778 0.044854927062988284 0.1412573920355903
0 0.3088727593421936 0.40840218861897787 0.042198777198791504 0.0791617923312717
0 0.13121545314788818 0.8368241204155816 0.0726285994052887 0.1973503960503472
0 0.2849761605262756 0.541951052347819 0.03620622158050537 0.140756098429362
0 0.04697405695915222 0.8939515855577257 0.07944923639297485 0.20618557400173612
0 0.3477892383933067 0.27004611757066516 0.02168531119823456 0.04953700171576606
0 0.29451661109924315 0.32513632244533963 0.025235748291015624 0.06798356374104818
0 0.3322290420532227 0.34969090355767146 0.027715158462524415 0.07335192362467448
3 0.5350520551204682 0.21115682390001084 0.05771194696426392 0.12032593621148004
0 0.2183137893676758 0.4557639651828342 0.04576816558837891 0.09284066094292534
0 0.07812154293060303 0.395819091796875 0.05610744953155518 0.07671983506944445
0 0.35295939072966576 0.21773468653361003 0.01766839176416397 0.05824896494547526
0 0.4154144674539566 0.22898680369059246 0.01942550539970398 0.05554678175184462
0 0.6634718894958496 0.34767913818359375 0.029827690124511717 0.10149928198920356
0 0.2777875900268555 0.38809436162312827 0.02380223274230957 0.0756330066257053
0 0.3872193217277527 0.22081366644965278 0.021885085105895995 0.045470640394422744
1 0.048794768005609515 0.8932882308959961 0.07550876587629318 0.20910157097710502
0 0.6015316128730774 0.19433056513468425 0.01321704387664795 0.03236675262451172
1 0.13100571930408478 0.8393436855740017 0.0705152690410614 0.19600736829969617
0 0.9966143846511841 0.3975685119628906 0.006536960601806641 0.05239054361979167
3 0.13102579414844512 0.839318233066135 0.07054473757743836 0.1970023685031467
