0 0.8301314949989319 0.6582785500420465 0.035408949851989745 0.10513428582085503
0 0.1292736053466797 0.47246004740397135 0.06498112082481385 0.0982743157280816
1 0.5485876083374024 0.37224676344129776 0.05272121429443359 0.10881559583875867
0 0.6174187541007996 0.45194709565904406 0.022722411155700683 0.09426492055257162
0 0.6837712526321411 0.458814091152615 0.027512216567993165 0.10070906745062934
0 0.8846942543983459 0.6273567835489909 0.031390929222106935 0.11426972283257378
1 0.45755472779273987 0.2501497480604384 0.030413782596588133 0.060627916124131945
0 0.12750087976455687 0.6765700446234809 0.08912296295166015 0.12784898546006945
0 0.32942054271697996 0.5395683500501844 0.03115501403808594 0.11946894327799479
0 0.7054743200540543 0.3544317987230089 0.018732565641403198 0.07571985456678602
0 0.6778770446777344 0.3498971727159288 0.021176767349243165 0.07609159681532118
0 0.6044793009757996 0.3926875856187608 0.017468857765197753 0.08074768914116753
0 0.7808321416378021 0.47888533274332684 0.03761147260665894 0.07110616895887586
0 0.041256457567214966 0.6572142706976997 0.08251291513442993 0.11930728488498264
0 0.6462787985801697 0.35590383741590714 0.018712687492370605 0.08280309041341145
0 0.4145562559366226 0.2693887710571289 0.01601366400718689 0.06207873026529948
0 0.18322272300720216 0.37826754252115885 0.05004816055297852 0.0831774393717448
0 0.32611139081418516 0.2750411245557997 0.011597781628370284 0.061408042907714844
0 0.6311155915260315 0.3781916724310981 0.02096707820892334 0.0826766120062934
1 0.5131263911724091 0.1996082411872016 0.026127970218658446 0.0563190672132704
0 0.8913153171539306 0.4865071031782362 0.03855819702148437 0.06321994993421766
0 0.7286638259887696 0.4564353942871094 0.02540111541748047 0.11888851589626737
0 0.5599480867385864 0.29394833246866864 0.016058731079101562 0.06249442630343967
1 0.46227842569351196 0.1691479523976644 0.020649003982543945 0.03912863201565213
0 0.41874228715896605 0.19824358092414007 0.011732888221740723 0.04582715564303928
0 0.38247487545013426 0.2949226803249783 0.018636608123779298 0.07255791558159722
3 0.5816124677658081 0.2425279935201009 0.03954658508300781 0.09703142378065321
0 0.6397412896156311 0.2820852703518338 0.016568446159362794 0.0671577877468533
0 0.0882386326789856 0.36227713690863717 0.05251035690307617 0.08398496839735244
0 0.37056407481431963 0.25830709669325086 0.01515783965587616 0.05727416144476997
0 0.5422562956809998 0.20953166749742297 0.010346722602844239 0.04875019921196832
0 0.48091335892677306 0.23160841200086807 0.01126922369003296 0.05427462259928385
0 0.400481778383255 0.24976889292399088 0.012881529331207276 0.05329555935329861
0 0.6148962259292603 0.3241335762871636 0.019696760177612304 0.08438140021430121
0 0.08362876176834107 0.5850494384765625 0.074493670463562 0.10372483995225694
0 0.031884245574474335 0.6091570112440321 0.03424212634563446 0.08213238186306424
0 0.7025530338287354 0.29380384021335176 0.034490203857421874 0.05717979007297092
0 0.00942967519222293 0.5605829556783041 0.018679151235846802 0.08304517534044054
1 0.461309027671814 0.11240541140238444 0.016377806663513184 0.03098724153306749
0 0.4332938015460968 0.16806376775105794 0.009047281742095948 0.03679417504204644
0 0.6744676947593689 0.2678065511915419 0.017594456672668457 0.051891390482584634
0 0.6175816886126995 0.27161262300279404 0.01475841850042343 0.04850423600938585
0 0.8157261431217193 0.43333237965901694 0.03189948797225952 0.07161742316351996
0 0.1603187382221222 0.6892694897121854 0.034954726696014404 0.042790518866644964
0 0.8643608093261719 0.436995357937283 0.04142303466796875 0.07397783067491319
0 0.81992866396904 0.4769777086046007 0.043321526050567626 0.06348987155490451
2 0.5087099075317383 0.11205688582526313 0.02028014659881592 0.04923565122816298
0 0.014179620146751403 0.33776185777452256 0.028359240293502806 0.07202722761366102
0 0.6032572515308857 0.2397832128736708 0.006514503061771393 0.05379229651557075
0 0.7175915956497192 0.451347647772895 0.005441808700561523 0.07483829922146268
0 0.9657785892486572 0.4943599859873454 0.0431671142578125 0.05911561118231879
0 0.6933895111083984 0.4018281724717882 0.02062225341796875 0.084783935546875
0 0.5559735536575318 0.20237423578898112 0.011627435684204102 0.05059079064263238
0 0.7396603405475617 0.36538303163316516 0.024703681468963623 0.07581445905897352
