1 0.6378157138824463 0.6281215031941731 0.12486710548400878 0.16597921583387587
0 0.38427369594573973 0.4037408086988661 0.040585565567016604 0.11049018436008029
0 0.7985177993774414 0.602000003390842 0.059702301025390626 0.14774322509765625
0 0.31505078077316284 0.313223139444987 0.028958964347839355 0.07352002461751302
0 0.3629673644900322 0.31937446594238283 0.02971281111240387 0.08736072116427951
0 0.19762564897537233 0.5061556498209635 0.05234882831573486 0.12411643134223091
0 0.643001812696457 0.2304821226331923 0.023804759979248045 0.05638292100694445
0 0.6658252805471421 0.24220588472154406 0.014905434846878052 0.05559075673421224
0 0.07493507266044616 0.393556637234158 0.05354806184768677 0.09476081000434028
0 0.3651766687631607 0.24390413496229385 0.016480273008346556 0.058747651841905384
0 0.9194989085197449 0.5834868960910373 0.049706101417541504 0.15509236653645833
0 0.6071986675262451 0.28742201063368056 0.017859554290771483 0.06706475151909722
0 0.6189607620239258 0.2304112116495768 0.02000083923339844 0.05311508178710937
0 0.3888881981372833 0.22441185845269096 0.015358662605285645 0.0522011227077908
3 0.5464312851428985 0.20112127198113336 0.055037391185760495 0.16228912141587998
0 0.37909828424453734 0.2580288781060113 0.015483570098876954 0.05769632127549913
0 0.029523515328764915 0.3965974383884006 0.041467417031526566 0.07943687438964844
0 0.36217057704925537 0.448629273308648 0.01251678466796875 0.05149387783474392
0 0.6045130610466003 0.2252666261461046 0.0129347562789917 0.049252955118815105
0 0.5054140567779541 0.29221471150716144 0.023835182189941406 0.08573845757378472
