1 0.6211739420890808 0.5591802385118273 0.13054063320159912 0.2124265882703993
0 0.37073224037885666 0.3425784640842014 0.02893648445606232 0.07778523763020834
1 0.5723179697990417 0.3113053745693631 0.06506226062774659 0.10699240366617839
0 0.3002463817596436 0.4350819269816081 0.036768198013305664 0.11092745463053386
0 0.2673288702964783 0.3944783528645833 0.023116564750671385 0.06618016560872396
0 0.781169843673706 0.4705037858751085 0.04736027717590332 0.11637963189019097
0 0.758116340637207 0.35979526307847765 0.030466580390930177 0.06699437035454645
3 0.5733123064041138 0.3272685967385769 0.06362791061401367 0.07388710131247839
0 0.3584519073367119 0.2434239387512207 0.023408588767051697 0.05900491078694661
0 0.08047685623168946 0.40116890801323785 0.06811091899871827 0.08867679172092013
1 0.0812075063586235 0.4030025270250108 0.06831051409244537 0.09044965108235677
0 0.6586711227893829 0.28028839959038626 0.017285573482513427 0.07136094835069444
0 0.6738020420074463 0.29173750347561306 0.016534864902496338 0.06721672481960721
1 0.5783886432647705 0.38899731106228297 0.058449935913085935 0.08772379557291667
0 0.6991880238056183 0.3398238076104058 0.024815213680267335 0.08360269334581164
0 0.03064478635787964 0.3949432373046875 0.036461377143859865 0.0776656256781684
0 0.5243171751499176 0.48640536732143824 0.027714812755584718 0.09487704171074761
0 0.7525523781776429 0.408514149983724 0.029932212829589844 0.0357466803656684
0 0.713593327999115 0.3129142231411404 0.01343834400177002 0.050159645080566403
1 0.7813421428203583 0.47011641926235626 0.04682766199111939 0.11502224604288737
3 0.6430337190628052 0.55140716764662 0.08606743812561035 0.2069906234741211
0 0.005296541526331566 0.4017369058397081 0.010414068849058822 0.044457160101996525
0 0.6314491659402848 0.2693027284410265 0.013682365417480469 0.046897676255967885
0 0.9966115593910218 0.3953164206610786 0.006577897071838379 0.0589591556125217
0 0.2873826265335083 0.22770294613308376 0.018737173080444335 0.047005420260959205
3 0.43174667600542305 0.7698787477281358 0.2117393922060728 0.4602425045437283
