0 0.6861487865447998 0.5915390862358941 0.06894855499267578 0.12247907850477431
0 0.19547024965286255 0.47371368408203124 0.0692124605178833 0.09710701836480035
0 0.33161770135047847 0.4358935038248698 0.022324853541795163 0.10198067559136284
0 0.753883010149002 0.5557959026760525 0.03878518342971802 0.1082999759250217
0 0.11237902641296386 0.4585792965359158 0.05711219310760498 0.08711107042100695
1 0.5578460454940796 0.3156614833407932 0.049968719482421875 0.07119901445176867
1 0.5575738787651062 0.21246664259168838 0.02924215793609619 0.05197787814670139
0 0.14409301280975342 0.3968427022298177 0.05199904441833496 0.08535274929470486
0 0.5992259502410888 0.373836874961853 0.022839927673339845 0.07864833937750923
1 0.44729263484478 0.36348032421535914 0.11268866658210755 0.09486747317843967
0 0.21899888515472413 0.7255262586805555 0.04588260650634766 0.18216556972927517
0 0.5940616965293884 0.25181264877319337 0.01387932300567627 0.06253079308403862
0 0.08413028717041016 0.3685798512564765 0.04469132423400879 0.06221311887105306
0 0.5790207862854004 0.25517164866129555 0.01317143440246582 0.06089002821180556
0 0.5375283479690551 0.26680834028455946 0.014078903198242187 0.06377122667100694
0 0.7028342127799988 0.2932540045844184 0.03429572582244873 0.056621085272894965
0 0.49168579578399657 0.30146000120374894 0.01748504638671875 0.06839538150363499
0 0.6369115948677063 0.25443942811754017 0.015373158454895019 0.06148709191216363
0 0.35078885555267336 0.37055096096462675 0.036173439025878905 0.08843443128797743
0 0.5109157204627991 0.21071974436442056 0.010565423965454101 0.04997511969672309
0 0.30336960554122927 0.32556098302205405 0.01687438488006592 0.0759250005086263
1 0.4539405286312103 0.2057091924879286 0.028977358341217042 0.05134915245903863
0 0.7125905632972718 0.3257101164923774 0.015443873405456544 0.06086953481038412
0 0.48395278453826907 0.24029697842068143 0.013006758689880372 0.05752902560763889
0 0.27310360670089723 0.3114766507719954 0.017349934577941893 0.04398358344203896
0 0.5879202365875245 0.19370504485236273 0.011752557754516602 0.048380671607123484
0 0.39336403608322146 0.36024930742051864 0.013271927833557129 0.07651490105523004
1 0.4566892385482788 0.278811772664388 0.03614099025726318 0.07400449117024739
0 0.5210738837718963 0.18927626609802245 0.010920870304107665 0.04420811335245768
1 0.22511253356933594 0.4068699730767144 0.09312744140625 0.08310818142361111
0 0.3190495133399963 0.29553020265367297 0.018308520317077637 0.06710948944091796
0 0.5348518013954162 0.22068601184421116 0.011735224723815918 0.04944078657362196
0 0.3630512624979019 0.32838385899861655 0.02121434807777405 0.06412436167399088
0 0.38160609900951387 0.28568062252468535 0.017329210042953493 0.05744561089409722
0 0.7317885398864746 0.3752579159206814 0.026418113708496095 0.0894376966688368
0 0.8624299168586731 0.4322769588894314 0.0422896146774292 0.07632378472222222
0 0.4263203084468842 0.29116454654269747 0.017669951915740965 0.057362874348958336
0 0.010879992693662643 0.4762895372178819 0.021759985387325285 0.07998708089192709
0 0.3536426119506359 0.29824468824598527 0.017250527441501618 0.06244833204481337
0 0.5415996551513672 0.1651497787899441 0.00904707908630371 0.036455567677815756
0 0.32842539579141883 0.261592525906033 0.015357642760500312 0.053625530666775174
0 0.3882365465164185 0.19888508054945203 0.012377548217773437 0.04528891245524089
0 0.8139365017414093 0.43883476257324217 0.028904569149017335 0.08241712782118056
0 0.3648544788360596 0.2249728520711263 0.013725042343139648 0.04633721245659722
0 0.6770282030105591 0.26695007748074 0.02817564010620117 0.05143385993109809
0 0.39361069202423093 0.2574702262878418 0.012778615951538086 0.05301859113905165
0 0.3033127784729004 0.45190425978766546 0.03400897979736328 0.0669020652770996
0 0.4163251340389252 0.21125458611382378 0.012641417980194091 0.04716139899359809
0 0.014459890127182008 0.3378030988905165 0.028919780254364015 0.07441719902886285
0 0.4117779076099396 0.2489448759290907 0.014700186252593995 0.04433161417643229
