3 0.8531398415565491 0.8043022049797905 0.25781381130218506 0.38575814565022787
0 0.7293270587921142 0.4521513197157118 0.04632301330566406 0.11890309651692708
0 0.6269880414009095 0.2560991393195258 0.028736376762390138 0.06681050194634332
0 0.3636494517326355 0.24085146586100262 0.02490522861480713 0.05189124213324653
0 0.37154641896486285 0.32644374635484485 0.030504724383354186 0.08002766503228081
1 0.4364802986383438 0.32751490275065104 0.05706638693809509 0.11020278930664062
0 0.6121456503868103 0.18587173885769315 0.024058842658996583 0.05100826687282986
3 0.2724478840827942 0.38106620576646594 0.12507236003875732 0.18173944685194227
0 0.07531317472457885 0.3945683373345269 0.05432956218719483 0.09364412095811632
3 0.43464923799037936 0.33580985493544074 0.052465778589248654 0.09299115286105208
0 0.8631466865539551 0.5756644354926215 0.06326541900634766 0.15332777235243056
0 0.39146244525909424 0.19142093658447265 0.016473388671875 0.04802890353732639
0 0.39149273931980133 0.2402271376715766 0.020611721277236938 0.05468603769938151
2 0.8398370504379272 0.8132880316840277 0.3203258991241455 0.3670988294813368
3 0.4454970479011536 0.19614862336052788 0.05567331314086914 0.1612573305765788
0 0.40905608236789703 0.4723486370510525 0.018313807249069215 0.05463392469618056
1 0.8623783349990845 0.5758969942728679 0.06319127082824708 0.1553738276163737
0 0.030847631767392157 0.39626708560519747 0.04056563600897789 0.08012708028157552
3 0.7292806565761566 0.4501427756415473 0.04398576021194458 0.12052052815755208
2 0.2704543352127075 0.3513215806749132 0.12791600227355956 0.23671790228949652
0 0.41226566433906553 0.2563304689195421 0.023100054264068602 0.0468398200141059
