1 0.7416041105985641 0.6871059629652235 0.13389845490455626 0.19675924513075088
0 0.2785738468170166 0.5356689453125 0.02771439552307129 0.114971923828125
0 0.7109954476356506 0.4729712592230903 0.018634104728698732 0.10572891235351563
1 0.3839679956436157 0.48550826178656686 0.06886134147644044 0.1383774651421441
0 0.5077176094055176 0.7974405924479167 0.043141937255859374 0.173193359375
1 0.5288439750671386 0.6006975597805447 0.1183614730834961 0.19729330274793838
3 0.42859535217285155 0.35626949734157987 0.0677464485168457 0.16247098710801866
0 0.6630008339881897 0.43881986406114365 0.022441792488098144 0.09944606357150608
0 0.2529152750968933 0.6244922002156575 0.033912062644958496 0.13023100958930123
0 0.7605038642883301 0.49368218315972223 0.02891063690185547 0.11008249918619792
1 0.5862653017044067 0.3836250834994846 0.06012048721313477 0.10057481129964192
1 0.6423579692840576 0.914668697781033 0.1657588005065918 0.16603037516276042
0 0.47416571974754335 0.6693353335062663 0.0364073395729065 0.14146688249376085
0 0.7028730034828186 0.29378626081678605 0.034878993034362794 0.05784912109375
0 0.540958821773529 0.25319927003648546 0.014190745353698731 0.06728488074408637
1 0.5628617167472839 0.22431010140313043 0.024668431282043456 0.05657452477349175
0 0.8675912857055664 0.7308376736111111 0.047206878662109375 0.17217716640896266
0 0.8821456670761109 0.6508583068847656 0.04410285949707031 0.10043835110134548
0 0.28451650142669677 0.4052233378092448 0.02120342254638672 0.0915392557779948
1 0.17481484413146972 0.4180333031548394 0.11193723678588867 0.09351136949327257
0 0.6700258702039719 0.297413878970676 0.01703682541847229 0.06829916636149089
0 0.6086463652551174 0.3954122331407335 0.017292730510234833 0.08938505384657118
0 0.6229216203093528 0.24519406424628365 0.014398160576820373 0.055638228522406685
0 0.34818039983510973 0.4252686606513129 0.020051649212837218 0.09492954678005643
1 0.5087022244930267 0.1585191567738851 0.018932950496673585 0.038071897294786244
1 0.5418060898780823 0.1930775695376926 0.023749566078186034 0.042917558881971574
0 0.30127289295196535 0.44997728135850695 0.025667715072631835 0.10275946723090278
0 0.3838921427726746 0.3846958690219455 0.020898890495300294 0.07634724511040582
1 0.3768424853682518 0.31066129472520615 0.04142946302890778 0.07297999064127604
0 0.3168520212173462 0.4080987294514974 0.021461963653564453 0.09283438788519965
0 0.5947445392608642 0.31018185085720484 0.02116713523864746 0.06797947353786893
0 0.3375108871608973 0.3172977023654514 0.016736661642789842 0.07071690029568142
0 0.5222339034080505 0.46120134989420575 0.04750545024871826 0.09388215806749133
0 0.26163294315338137 0.36756434970431856 0.027954483032226564 0.09077699449327258
0 0.6032745003700256 0.25762481689453126 0.011647868156433105 0.06092745463053385
0 0.3805172175168991 0.2546794679429796 0.014378219842910767 0.04830945332845052
1 0.423756355047226 0.17809165318806966 0.023155558109283447 0.0435039308336046
0 0.7104757606983185 0.41595916748046874 0.02200866937637329 0.06505381266276042
0 0.48224719762802126 0.24995805952284073 0.013712549209594726 0.05674777560763889
0 0.5495873928070069 0.7223019070095487 0.07476158142089843 0.1376668718126085
3 0.6974332809448243 0.6773915608723958 0.04574141502380371 0.18025750054253473
0 0.34796119555830957 0.348758676317003 0.021070744097232818 0.07792099846733941
0 0.010442715138196945 0.34361252784729 0.02088543027639389 0.05022184583875868
0 0.583102798461914 0.276436275906033 0.017340612411499024 0.06384713914659289
1 0.4564535617828369 0.25317503611246744 0.03502531051635742 0.07723274230957031
0 0.7822239875793457 0.4249823676215278 0.025921058654785157 0.08895263671875
0 0.7142240524291992 0.34478447172376847 0.012176895141601562 0.06594278547498915
1 0.7032434463500976 0.3056550794177585 0.03413810729980469 0.03353238105773926
0 0.30539937019348146 0.3290454970465766 0.0179567813873291 0.07284492916531032
0 0.8126882553100586 0.43129725986056855 0.032215309143066403 0.09508175320095485
0 0.7786441802978515 0.9506424797905816 0.05614147186279297 0.09190538194444445
2 0.45254150629043577 0.17994376288519964 0.04096965789794922 0.0765355004204644
0 0.5633725762367249 0.18086961640252008 0.010246014595031739 0.039090633392333984
0 0.31764286756515503 0.2958871417575412 0.016449570655822754 0.05758633083767361
2 0.425329327583313 0.3609832869635688 0.07095611095428467 0.1686077329847548
0 0.35958523750305177 0.3923386467827691 0.020435047149658204 0.08678826226128472
0 0.3245363261550665 0.37413160536024304 0.008295952528715133 0.0848248799641927
1 0.7331528782844543 0.2525522126091851 0.03250398635864258 0.0509046130710178
0 0.6662236213684082 0.3834103054470486 0.02328624725341797 0.07583109537760417
0 0.026423303037881853 0.2280466397603353 0.015667782723903657 0.04085530175103082
0 0.39433128833770753 0.35248459445105657 0.01133742332458496 0.04436865382724338
