1 0.5863975524902344 0.5314124372270372 0.08565192222595215 0.15437835057576496
0 0.7816583633422851 0.4483551025390625 0.042273330688476565 0.10713314480251736
0 0.331790869217366 0.27643671035766604 0.019138714112341405 0.06573865678575304
2 0.6008039474487304 0.21476243336995443 0.07348518371582032 0.1416950225830078
1 0.3115325212478638 0.7678597344292535 0.23705239295959474 0.4556193457709418
3 0.3043105363845825 0.781263468000624 0.19137892723083497 0.4374730639987522
0 0.5383488893508911 0.35878354178534616 0.03871064186096192 0.08609417809380425
0 0.08368944227695466 0.4050689458847046 0.06292034983634949 0.07309981981913248
0 0.6797301262617111 0.28813134299384224 0.046891266107559205 0.09543844858805338
0 0.21600077152252198 0.4199284659491645 0.027371311187744142 0.08063570658365886
3 0.37763838171958924 0.63487671746148 0.11465176343917846 0.15128563774956597
0 0.029315543174743653 0.39808133443196614 0.04625802040100098 0.08311564127604167
3 0.781044739484787 0.4463776323530409 0.04267154932022095 0.10688924789428711
3 0.6828648090362549 0.28826917012532555 0.05312676429748535 0.09616550869411893
0 0.7202901303768158 0.3243413190046946 0.02692314386367798 0.04326441950268216
3 0.5379801213741302 0.3584839966562059 0.03873053789138794 0.08753801186879476
0 0.0035706385227967986 0.4017921447753906 0.007064367979182862 0.04286946190728082
1 0.08327926695346832 0.4047843509250217 0.06272968649864197 0.073870849609375
3 0.6179080829024315 0.21590826246473524 0.03581616580486298 0.13837725321451824
2 0.6159006077097728 0.5373525036705865 0.030801054229959844 0.16564902199639214
