0 0.7526329159736633 0.4218068652682834 0.039850831031799316 0.10383245680067274
0 0.3240927219390869 0.45682621002197266 0.031189107894897462 0.11343413458930121
0 0.23701857328414916 0.4098369810316298 0.038925576210021975 0.0930884043375651
0 0.17371160984039308 0.5737322065565321 0.0604301929473877 0.1497418721516927
0 0.627536229416728 0.33819173177083334 0.03153148666024208 0.08256903754340278
0 0.7129793673753738 0.340994750128852 0.02977232336997986 0.08160633511013454
0 0.6747311413288116 0.26695216496785484 0.024772000312805176 0.05314049190945096
0 0.626770842075348 0.254847166273329 0.02576282024383545 0.0666219499376085
0 0.07270973920822144 0.3953887939453125 0.04625312089920044 0.09287609524197049
0 0.33885043058544395 0.35442864100138344 0.03254864029586315 0.093899048699273
1 0.4136451244354248 0.35784467061360675 0.07078266143798828 0.10760726928710937
3 0.4123842269182205 0.3577722930245929 0.07281059622764588 0.12101886338657802
0 0.20501384735107422 0.28334501054551864 0.037176311016082764 0.06433402167426215
1 0.4194123685359955 0.2811487727695041 0.0440233588218689 0.07249020470513237
2 0.5662274599075318 0.21714769469367134 0.08791604042053222 0.08723009957207574
0 0.6718036651611328 0.32223260667588977 0.02728714942932129 0.06467217339409723
0 0.3815621852874756 0.23298089769151475 0.019314002990722657 0.05607198079427083
0 0.38773117065429685 0.34451366000705297 0.02440171241760254 0.08195063273111979
0 0.36296128034591674 0.22661380767822265 0.013338303565979004 0.047149403889973955
0 0.028147265315055847 0.39669753180609807 0.044969743490219115 0.07981457180447049
0 0.3240325327962637 0.2262269761827257 0.007251565903425216 0.052784432305230035
1 0.17412182092666625 0.5748048888312446 0.060034966468811034 0.15002468956841364
3 0.7092182993888855 0.340015353096856 0.022188401222229003 0.08321809768676758
0 0.3967060923576355 0.19423445065816244 0.006486439704895019 0.046775298648410374
0 0.6892544627189636 0.20237970352172852 0.012516951560974121 0.047595278422037764
0 0.6486632943153381 0.2745740466647678 0.027700591087341308 0.05606248643663195
0 0.17366968393325805 0.30171067979600696 0.0390244722366333 0.07346318562825521
