1 0.6186702251434326 0.7693245781792535 0.15283555984497071 0.2979325612386068
0 0.3152740001678467 0.7643630981445313 0.0786442756652832 0.21579132080078126
0 0.39198479652404783 0.32585103776719837 0.028168928623199464 0.08099038865831164
0 0.13379169702529908 0.6579772101508247 0.07810723781585693 0.18285251193576388
0 0.26748462915420534 0.35489658779568145 0.029451918601989747 0.08101713392469619
0 0.07273839116096496 0.3944327778286404 0.0452441930770874 0.0896100574069553
0 0.1500783383846283 0.5206268310546875 0.049150502681732176 0.11996934678819444
0 0.3544837422668934 0.2558897548251682 0.02507174462080002 0.06103928883870443
2 0.5561462283134461 0.23302600648668076 0.0674286127090454 0.14359459347195094
3 0.13433292508125305 0.6566217104593913 0.07574745416641235 0.1842272652520074
0 0.7988829612731934 0.3423571268717448 0.03976573944091797 0.09174722035725912
3 0.5667162775993347 0.40697931084367966 0.08519346714019775 0.22807476454310946
0 0.3991364032030106 0.25222101211547854 0.02011844515800476 0.06802611880832249
3 0.3142642617225647 0.7678002887301975 0.07934348583221436 0.20117310418023004
2 0.6192193269729614 0.7677238676283095 0.1518848419189453 0.30600734286838105
3 0.7990835785865784 0.34070698320865633 0.040223002433776855 0.0933089382118649
3 0.3141274094581604 0.33829595562484527 0.04352824687957764 0.09319301611847347
0 0.32605342864990233 0.261818175845676 0.0310976505279541 0.06308439042833117
3 0.5550632476806641 0.2375185012817383 0.07292118072509765 0.15325330098470052
0 0.31439646482467654 0.3385281774732802 0.04247004985809326 0.09401162465413411
1 0.6403792947530746 0.6633363935682509 0.0807585895061493 0.09544313218858506
1 0.30997509956359864 0.3413699679904514 0.048276758193969725 0.09863501654730902
2 0.5672049522399902 0.3977397918701172 0.08692188262939453 0.23006227281358507
0 0.2982652187347412 0.6883597479926216 0.03519320487976074 0.045502726236979166
0 0.6252585373818874 0.2993732345083521 0.01255442649126053 0.0203530075856381
0 0.03355928882956505 0.38064488304985894 0.03372814208269119 0.04913834465874566
0 0.3159411668777466 0.6554676161872016 0.020709133148193358 0.04577787187364366
3 0.6462786686490289 0.760929446750217 0.09203970192465931 0.2948585510253906
0 0.2134453296661377 0.28086556328667533 0.03674726486206055 0.0511383056640625
0 0.3285585750709288 0.3605535242292616 0.01573997049126774 0.03752196629842122
