1 0.5154637336730957 0.5089916653103299 0.16291217803955077 0.13751593695746528
0 0.544973087310791 0.3006891886393229 0.018919754028320312 0.07985967000325521
0 0.6701045900583267 0.2992960294087728 0.017335110902786256 0.06858976152208117
1 0.46390588879585265 0.27633064058091905 0.03577014207839966 0.07024576399061415
0 0.5592175722122192 0.21396895514594183 0.010785579681396484 0.0499320560031467
0 0.25200068950653076 0.9157024807400174 0.0800856590270996 0.15548536512586805
0 0.338720690459013 0.30685953564114044 0.017638666927814482 0.06630751291910807
0 0.4337004244327545 0.2967108514573839 0.018697965145111083 0.06952270931667752
0 0.10264244079589843 0.38175184461805556 0.05827303528785706 0.08676978217230903
0 0.5770984411239624 0.2023474587334527 0.01110248565673828 0.04846038818359375
0 0.269413685798645 0.3595391167534722 0.036983394622802736 0.08292151557074653
0 0.7032720446586609 0.2914428604973687 0.034080910682678225 0.058981132507324216
0 0.6380065202713012 0.22628733317057292 0.016021108627319335 0.049448861016167536
0 0.7149671912193298 0.33985697428385414 0.010690617561340331 0.06456366644965278
0 0.5264028549194336 0.18177993032667372 0.009629583358764649 0.04572880003187391
0 0.37545313835144045 0.920695071750217 0.05108804702758789 0.1532041761610243
0 0.36843209266662597 0.3118266847398546 0.023274803161621095 0.07932751973470052
0 0.33260407820343973 0.2642855432298448 0.01545766144990921 0.05431643591986762
0 0.4011588513851166 0.2957034640842014 0.018672657012939454 0.06948013305664062
0 0.5466791272163392 0.15875278049045138 0.009121394157409668 0.03618818918863932
3 0.4632944703102112 0.19610536893208821 0.03758926391601562 0.10802607006496853
0 0.5369666337966919 0.16479238404168023 0.008713817596435547 0.037188455793592666
0 0.3822373300790787 0.2802287525600857 0.015524536371231079 0.05715418921576606
0 0.810059928894043 0.4209952460394965 0.03300929069519043 0.09230711195203993
0 0.5663480877876281 0.18500390582614476 0.011395144462585449 0.04092604319254557
0 0.3876533806324005 0.23567159440782334 0.013732397556304931 0.046847237481011286
1 0.4215384989976883 0.2111040433247884 0.027742117643356323 0.04779330359564887
0 0.3530773460865021 0.2759209844801161 0.014353293180465698 0.05014993879530165
0 0.014517576992511749 0.33739564683702256 0.029035153985023498 0.07457209693060982
0 0.6572888255119324 0.26580334769354924 0.017922806739807128 0.05713329315185547
2 0.4628101348876953 0.192665343814426 0.03790912628173828 0.10374707116021051
