2 0.6199253082275391 0.45555818345811633 0.16972084045410157 0.3839803059895833
1 0.4427261084318161 0.2952203432718913 0.049824053049087526 0.10154785580105252
0 0.6439355656504631 0.28589890797932943 0.024584844708442688 0.06965162489149306
1 0.39460704326629636 0.4223501417371962 0.08877644538879395 0.16436377631293403
3 0.39399644136428835 0.4251612848705716 0.08911058902740479 0.15841596921284992
3 0.6504479110240936 0.4333298471238878 0.10089582204818726 0.38171380360921225
0 0.734902811050415 0.357775624593099 0.02964630126953125 0.08750116560194228
0 0.07678828239440919 0.39556630452473956 0.05979773998260498 0.07049653795030382
0 0.6085007670335472 0.19953628646002874 0.01280172411352396 0.04366882112291124
3 0.4434696227312088 0.319498572881437 0.0497243344783783 0.06052860259595844
0 0.5089008152484894 0.31751397086514366 0.010406768321990967 0.03607645763291253
0 0.6252318382263183 0.28752638498942057 0.01723957061767578 0.05563214619954427
0 0.30205299854278567 0.9169284396701389 0.017694616317749025 0.042347547743055554
