0 0.6986110419034958 0.32640741136338974 0.02865141034126282 0.070556640625
0 0.0780951738357544 0.3951812744140625 0.05713009834289551 0.07753092447916667
0 0.7217516779899598 0.3926173316107856 0.030285072326660157 0.08008965386284722
3 0.5772028148174286 0.48050906707843144 0.17595568895339966 0.377132229341401
0 0.7687516808509827 0.40796771579318575 0.03282153606414795 0.08552051120334202
0 0.6356123067438603 0.2505937576293945 0.02254762500524521 0.06486405266655816
0 0.6742968291044236 0.2910505188835992 0.022460442781448365 0.04826179080539279
2 0.5781970024108887 0.4752006530761719 0.18300552368164064 0.38951534695095485
0 0.02618711590766907 0.4047615475124783 0.05237423181533814 0.08304824829101562
0 0.5183374464511872 0.30056915283203123 0.02109168767929077 0.05308702256944445
0 0.5036170601844787 0.3059852889014615 0.01024765968322754 0.032802847193347084
0 0.418926003575325 0.17198479970296224 0.01101946234703064 0.03624627855088976
0 0.6657192230224609 0.3355816735161675 0.022305870056152345 0.05632578531901042
3 0.5968410909175873 0.8203116205003527 0.24694281816482544 0.3593767589992947
3 0.7722411036491394 0.40747890472412107 0.0401972770690918 0.08672182295057508
3 0.4033770358655602 0.63109925587972 0.1642216849140823 0.15457004970974392
0 0.7126255750656127 0.17889587614271377 0.014552688598632813 0.04653631846110026
3 0.6987936496734619 0.3261615271369616 0.0290130615234375 0.06947572595543332
