0 0.2849787950515747 0.46098637051052516 0.034960699081420896 0.11214192708333333
0 0.7056619733572006 0.39109257857004803 0.03441141247749328 0.09874294598897299
0 0.7965960383415223 0.49252272711859807 0.04124925136566162 0.09796388414171008
0 0.36395317167043684 0.33606946733262805 0.028856196999549867 0.08236707051595052
0 0.05396000742912292 0.6380579630533855 0.05450670719146729 0.1395204332139757
0 0.35105370059609414 0.23568505181206598 0.021770314872264863 0.05228284200032552
0 0.6779111146926879 0.3070752567715115 0.0222959041595459 0.0648263931274414
0 0.35641103237867355 0.28521063062879776 0.016845044493675233 0.05083401997884115
3 0.05469322651624679 0.6395202000935872 0.05623969137668609 0.13849305046929253
0 0.6417991042137146 0.24759783214992948 0.02134610414505005 0.05713905758327908
0 0.03197698071599007 0.3946847915649414 0.038609980046749114 0.07733167012532552
0 0.3237883708643494 0.19406188858879936 0.0068429680133704094 0.0421704716152615
0 0.07691743373870849 0.39409747653537325 0.05981066226959229 0.07076636420355903
1 0.5425209522247314 0.2853035820855035 0.04488449096679688 0.07738537258572048
0 0.9966124057769775 0.39537285698784724 0.006561422348022461 0.058002811008029516
0 0.3828245162963867 0.18352507485283745 0.013508081436157227 0.037651676601833765
