0 0.657200014591217 0.326633177863227 0.02912123203277588 0.07569024827745226
0 0.24776103496551513 0.4888910081651476 0.03223686218261719 0.10732625325520834
3 0.3943279027938843 0.4756249321831597 0.1467684268951416 0.46835462782118054
0 0.3032916307449341 0.3362906667921278 0.025711441040039064 0.07398230234781901
0 0.32953188940882683 0.2797318246629503 0.018438778817653656 0.061527782016330294
0 0.16200127601623535 0.6827601114908854 0.05521912574768066 0.16666988796657986
3 0.6567528545856476 0.3272392363184028 0.02935253381729126 0.07346949362092547
0 0.3113090038299561 0.41682090759277346 0.029051494598388673 0.07656258477105035
0 0.40448919534683225 0.16237498389350044 0.012957954406738281 0.036086018880208334
0 0.3165554404258728 0.3036420053905911 0.007734751701354981 0.029506233003404405
0 0.508095896244049 0.3126945845782757 0.01731269359588623 0.04374978161520428
0 0.07733396887779236 0.3938031938340929 0.05997587442398071 0.07057452731662327
2 0.3979516506195068 0.4802218119303385 0.15199270248413085 0.47128550211588544
0 0.6026779459032696 0.18106673028733994 0.0051572462194599215 0.0349435912238227
0 0.03266462907195091 0.38351611031426325 0.0361885741353035 0.057261551751030815
0 0.3583206653594971 0.21388367546929254 0.016343975067138673 0.053744930691189234
0 0.395739471912384 0.1907945950826009 0.015185987949371338 0.04404252370198568
0 0.3239152336122061 0.19437776141696506 0.0071663689610431906 0.045194053649902345
