0 0.26764591932296755 0.543049791124132 0.0457653284072876 0.1271335177951389
0 0.6486173823475838 0.31323557959662546 0.023807570338249207 0.08299484252929687
0 0.07199881672859192 0.3944911109076606 0.04282534122467041 0.08603786892361111
0 0.36307709813117983 0.3392068968878852 0.03494504690170288 0.07410212622748481
1 0.5779237031936646 0.2574129316541884 0.04254331588745117 0.0655364990234375
0 0.16568855047225953 0.7768669128417969 0.09348719120025635 0.21951056586371528
0 0.12678695917129518 0.6610436969333224 0.05156185626983643 0.10013482835557726
3 0.16655684113502503 0.7764955732557509 0.09126538038253784 0.21627078586154513
0 0.37566940784454345 0.26213213602701824 0.02226119041442871 0.056355116102430554
0 0.11104156970977783 0.5743312411838107 0.04771419167518616 0.09323255750868055
0 0.4068883329629898 0.23128201166788737 0.019863659143447877 0.07868319617377387
0 0.32730793952941895 0.27845967610677086 0.014163351058959961 0.05744188096788194
1 0.16673960089683532 0.7772733688354492 0.09017640352249146 0.21409882439507377
0 0.33136109113693235 0.30184169109496806 0.015899968147277833 0.023630713837014303
0 0.3800616145133972 0.42255593405829533 0.014278626441955567 0.04120669894748264
0 0.03269025534391403 0.38249668545193144 0.03809962570667267 0.05498258802625868
3 0.362799608707428 0.3387545956505669 0.03395707607269287 0.07390413284301758
0 0.18790791034698487 0.6882021162245009 0.03748931884765625 0.045817989773220484
0 0.581977903842926 0.17495890723334417 0.012372756004333496 0.04210633171929253
0 0.34001209735870364 0.2829220347934299 0.017357921600341795 0.054127735561794704
