0 0.6202547583729029 0.38270501030815973 0.024622189253568648 0.08016247219509548
0 0.2521057605743408 0.5431229061550564 0.03704652786254883 0.12683724297417534
0 0.21755552291870117 0.41946917639838327 0.025455617904663087 0.09065132141113282
1 0.3755571603775024 0.5676663716634115 0.11618275642395019 0.23140987820095485
0 0.3763312637805939 0.26742380989922415 0.019125652313232423 0.06455872853597006
0 0.29445457458496094 0.37855991787380644 0.02822985649108887 0.09930191040039063
3 0.377676881570369 0.572527821858724 0.1113034700974822 0.23158789740668403
1 0.5204962611198425 0.2061637666490343 0.035005736351013186 0.05650821261935764
0 0.3247435450553894 0.40676450729370117 0.03473074436187744 0.10605462392171223
0 0.6317158967256546 0.20216634538438585 0.01305658221244812 0.04556626213921441
1 0.5643922090530396 0.19920209778679743 0.03413810729980469 0.05965765847100152
3 0.5645347237586975 0.19920476277669272 0.03458864688873291 0.06197475857204861
0 0.7132521152496338 0.1911134190029568 0.013736867904663086 0.05945360395643446
0 0.9966612339019776 0.39727645450168186 0.00647125244140625 0.05298415289984809
0 0.34627907276153563 0.24246493445502387 0.012182903289794923 0.04623040093315972
0 0.07639062404632568 0.3956281450059679 0.06028363704681396 0.07043813069661459
0 0.33637609481811526 0.251718012491862 0.016177654266357422 0.05588438245985243
0 0.9362264990806579 0.3554567734400431 0.03902313709259033 0.04127497673034668
0 0.008591043204069138 0.44288514455159506 0.017182086408138276 0.07300724453396268
0 0.3459926605224609 0.4909208509657118 0.036029052734375 0.0839512719048394
