0 0.21462655663490296 0.4365883085462782 0.03639892339706421 0.08901846143934462
0 0.08767299950122834 0.6862577438354492 0.061427134275436404 0.16008423699273003
0 0.688728266954422 0.41010322570800783 0.04493106603622436 0.10608927408854167
0 0.6675472110509872 0.2966570112440321 0.03398024439811707 0.08037550184461806
0 0.15844134092330933 0.5351589626736111 0.05819048881530762 0.13080647786458333
1 0.4316626101732254 0.2966851870218913 0.07137734293937684 0.1315807130601671
0 0.274953031539917 0.47758717007107204 0.03956117630004883 0.12259928385416667
0 0.205255389213562 0.2836096657647027 0.035031890869140624 0.06384239196777344
0 0.33915455974638464 0.28644077512953015 0.02875613495707512 0.06545497046576607
3 0.6661577716469764 0.313397036658393 0.03284355103969574 0.04827420976426866
0 0.25853917598724363 0.3716683281792535 0.029138708114624025 0.09371727837456598
0 0.3530508875846863 0.22440049913194443 0.020596861839294434 0.04912109375
0 0.3904354810714722 0.22310150994194877 0.020067262649536132 0.061552937825520834
0 0.5852463960647583 0.19880411889817978 0.011508703231811523 0.04597404268052843
1 0.6886692047119141 0.40946480698055693 0.0443230390548706 0.10607879956563314
2 0.4350760459899902 0.2977437973022461 0.06433124542236328 0.12936558193630643
3 0.4343700408935547 0.29661244286431204 0.06469650268554687 0.1346983591715495
3 0.689359474182129 0.4094365941153632 0.04455833435058594 0.10573300785488553
0 0.9372964143753052 0.3549861537085639 0.03725876808166504 0.03985300064086914
0 0.6046496629714966 0.17162034776475693 0.012323522567749023 0.03955315483940972
0 0.32396609522402287 0.19622373051113554 0.007307190448045731 0.04255141152275933
0 0.41750490963459014 0.18847524325052897 0.012793749570846558 0.043240367041693796
0 0.26406863927841184 0.8193019019232856 0.017250895500183105 0.05901735093858507
