1 0.18869295716285706 0.5475162929958768 0.1346493124961853 0.13911649915907118
0 0.6679155111312867 0.6163737297058105 0.034008026123046875 0.1283426284790039
1 0.4552885055541992 0.5936662038167317 0.07167434692382812 0.18239296807183158
0 0.6490953445434571 0.5290225558810764 0.030548620223999023 0.11295233832465278
0 0.8323452949523926 0.5631717258029514 0.03520126342773437 0.12152625189887153
0 0.5602123022079468 0.3897855016920302 0.019701385498046876 0.09108464982774522
0 0.19829299449920654 0.8245126512315538 0.04887676239013672 0.17460818820529514
0 0.9244448661804199 0.8641255696614584 0.058950042724609374 0.18673163519965277
0 0.8237351059913636 0.7605571534898546 0.05056107044219971 0.15280579460991753
1 0.4411749541759491 0.4098965220981174 0.058221185207366945 0.13426774342854816
1 0.743520450592041 0.943611568874783 0.1648181915283203 0.11277686225043403
1 0.3344388484954834 0.7904513041178386 0.17617063522338866 0.22848341200086805
0 0.73671875 0.6582895914713541 0.037921714782714847 0.15378689236111112
0 0.7842898845672608 0.5234263102213542 0.03210020065307617 0.12078806559244791
0 0.34897148683667184 0.33319489161173504 0.01719571202993393 0.0803262710571289
0 0.32847062349319456 0.5470829645792643 0.025339341163635253 0.09678332010904948
0 0.6837366282939911 0.40355326334635416 0.02010650634765625 0.09440875583224827
0 0.6680608510971069 0.3348475456237793 0.02021484375 0.07214069366455078
3 0.4317166328430176 0.28475941552056205 0.047901248931884764 0.11992039150661893
0 0.3811589002609253 0.3105095757378472 0.016284000873565675 0.07621786329481336
0 0.3606595993041992 0.5981521606445312 0.03245253562927246 0.1458645290798611
0 0.26565051078796387 0.4531790415445964 0.024206829071044923 0.11023830837673611
0 0.29239917993545533 0.4913171132405599 0.022166228294372557 0.09773067898220486
0 0.5831600546836853 0.3158794567299386 0.01748015880584717 0.05340029293050368
1 0.5320031464099884 0.24193267822265624 0.030833518505096434 0.058104917738172744
0 0.5144139587879181 0.47360882229275175 0.025550925731658937 0.11024415757921006
0 0.8624762535095215 0.6982272677951389 0.03462696075439453 0.1432274712456597
0 0.6113229229114949 0.3060681449042426 0.017256796546280383 0.06768832736545138
0 0.7207971096038819 0.5679705301920573 0.030976486206054688 0.1268140157063802
0 0.3717633649706841 0.2600261900160048 0.014336910843849183 0.05988888210720486
0 0.30299177169799807 0.33315938313802085 0.020446109771728515 0.08473631540934244
0 0.3409728862345219 0.24720967610677083 0.013505564630031585 0.058873621622721355
0 0.39059906005859374 0.5602197435167101 0.026962947845458985 0.14090677897135417
0 0.2686930656433105 0.35612555609809027 0.033080673217773436 0.07954143948025173
0 0.49349737763404844 0.30718648698594836 0.022125470638275146 0.07102974785698785
0 0.7276931226253509 0.43834285736083983 0.02667182683944702 0.08666030036078559
1 0.450911408662796 0.19482467969258627 0.024458205699920653 0.049658552805582686
1 0.42640672624111176 0.16808902422587077 0.02137828469276428 0.03993461396959093
0 0.7610362946987153 0.3828237639533149 0.021192634105682374 0.08161809709337023
3 0.5134857177734375 0.1793324417538113 0.027042531967163087 0.06887701882256402
0 0.3623907431960106 0.226944637298584 0.012885561585426331 0.05386748843722873
0 0.6373806536197663 0.35628168318006725 0.019099217653274537 0.08085789150661893
0 0.3330129623413086 0.45255974663628473 0.023496150970458984 0.11586354573567709
0 0.5602113723754882 0.32397260665893557 0.017649459838867187 0.08739643096923828
0 0.3940156280994415 0.20884531868828668 0.011253428459167481 0.04847537146674262
0 0.7026422142982482 0.2926452530754937 0.03486511707305908 0.05858779483371311
0 0.8628919959068299 0.43177878061930336 0.04048130512237549 0.07903946770562066
0 0.9591087341308594 0.6886116875542535 0.07982177734375 0.14383646647135417
0 0.5941689610481262 0.23619892332288955 0.01349937915802002 0.055463812086317274
0 0.013140913844108582 0.33668471442328557 0.026281827688217164 0.07521040174696181
0 0.5692712068557739 0.21792822943793402 0.012213039398193359 0.05129970974392361
0 0.8439095377922058 0.679952261182997 0.04197747707366943 0.062025833129882815
3 0.465569007396698 0.1541050434112549 0.02286252975463867 0.0563852416144477
0 0.8108596801757812 0.42407845391167537 0.027324676513671875 0.09932657877604166
0 0.727278083562851 0.5025438096788194 0.021101725101470948 0.07464667426215278
0 0.6756548225879669 0.2660702599419488 0.020585596561431885 0.05449985928005642
0 0.7171652436256408 0.44761589898003473 0.006294512748718261 0.07038082546657987
0 0.3823661237955093 0.18184472190009224 0.01237064003944397 0.04356106652153863
0 0.5554109215736389 0.22438617282443576 0.011609864234924317 0.05049510531955295
0 0.2729390859603882 0.30801208284166126 0.017937469482421874 0.059803877936469185
0 0.7138388633728028 0.5058425479465061 0.012947273254394532 0.10705803765190972
0 0.5864339828491211 0.21871430079142254 0.013135147094726563 0.0482609854804145
0 0.4178930759429932 0.3435595194498698 0.020388984680175783 0.07314563327365452
0 0.5734455943107605 0.29101312425401477 0.014598536491394042 0.060185072157118054
3 0.4422706127166748 0.40870318942599826 0.058277034759521486 0.13432159423828124
3 0.9653570652008057 0.5686576419406467 0.06729979515075683 0.2848870171440972
0 0.025606314092874526 0.22601985931396484 0.014603279531002045 0.041390482584635416
