1 0.5403133749961853 0.2706363783942329 0.038469767570495604 0.06580541398790148
0 0.9063314437866211 0.7534355163574219 0.0490142822265625 0.1613372802734375
0 0.225462007522583 0.5036361270480686 0.06658816337585449 0.10324639214409723
0 0.08594692647457122 0.5727474000718858 0.03299995064735413 0.12443631490071615
1 0.41830129772424696 0.4198401345147027 0.12340647876262664 0.09813287523057726
1 0.5839064598083497 0.32061648898654516 0.054393434524536134 0.08095465766059028
0 0.7846247673034668 0.8320005628797743 0.05432548522949219 0.18162909613715278
0 0.7223640561103821 0.45270232094658747 0.02304399013519287 0.09221765730116102
0 0.3335288992617279 0.40378311740027534 0.02482434092089534 0.09721890025668674
0 0.5959918260574341 0.2402088483174642 0.013834667205810548 0.05663649241129557
0 0.6812000274658203 0.36126348707411027 0.02143516540527344 0.0901442633734809
0 0.29115091562271117 0.38582628832923044 0.02127993106842041 0.09016050232781304
0 0.6332124471664429 0.33872700797186955 0.017103195190429688 0.08540770212809244
0 0.7915220260620117 0.5109881083170573 0.030017280578613283 0.11718961927625868
0 0.9800577163696289 0.9138080173068577 0.039779281616210936 0.15674031575520833
0 0.60118408203125 0.37066396077473956 0.02173471450805664 0.08916422526041666
0 0.49143543243408205 0.3427412245008681 0.022941780090332032 0.0823605219523112
0 0.0851205050945282 0.3636528333028158 0.04601119756698609 0.07191189659966363
0 0.5754870295524597 0.2174726062350803 0.012492156028747559 0.05508876376681858
0 0.3714662119746208 0.28455701404147676 0.014904537796974182 0.06628568437364367
0 0.8486112594604492 0.8156561109754774 0.058904075622558595 0.1727874755859375
0 0.8129210710525513 0.6561097674899631 0.04461350440979004 0.10932994418674045
1 0.44209909439086914 0.2599494192335341 0.03441314697265625 0.07439920637342665
0 0.7027316331863404 0.2924796846177843 0.03424592018127441 0.06019015842013889
0 0.24140434265136718 0.3700961218939887 0.03767695426940918 0.08681089613172743
0 0.3264443999534706 0.2656476550632053 0.01211056589963846 0.055932701958550345
0 0.5458638548851014 0.2193066914876302 0.011171984672546386 0.047766494750976565
0 0.3581507861614227 0.3678453657362196 0.018466144800186157 0.08219545152452257
0 0.606785784215026 0.3201833089192708 0.013479662835015916 0.07312249077690972
0 0.409767284989357 0.31918561251627076 0.014151841402053833 0.056481932434770794
0 0.4672542572021484 0.4317161136203342 0.04995718002319336 0.08377617730034723
0 0.31348363161087034 0.3137565188937717 0.015211939811706543 0.04973526000976562
0 0.43603708744049074 0.32004177305433484 0.017295527458190917 0.0670549816555447
1 0.45719538927078246 0.2282208972507053 0.027769637107849122 0.05485492282443576
0 0.7207534730434417 0.3932454612520006 0.0226498007774353 0.06561551094055176
0 0.2734450101852417 0.31180213027530246 0.017696189880371093 0.044678046968248154
0 0.5342079997062683 0.17818560070461698 0.008992171287536621 0.04093151092529297
0 0.6740670412778854 0.270146115620931 0.02084314227104187 0.04807828267415364
0 0.3831630378961563 0.32154086327387227 0.017818063497543335 0.06333898115489218
0 0.482000470161438 0.23382578955756295 0.012508702278137208 0.053948932223849826
0 0.34927295669913294 0.3205353328958154 0.016927070915699005 0.061977605811423725
0 0.5559640765190125 0.17178241411844888 0.009949898719787598 0.04021139144897461
0 0.8142747163772583 0.434046024746365 0.025333929061889648 0.08505914476182726
0 0.30261620283126833 0.3600788116455078 0.015069270133972168 0.07352769639756944
0 0.9165890336036682 0.6828144073486329 0.03200299739837646 0.05631832546657986
0 0.4257618635892868 0.23337152269151476 0.012407118082046508 0.04721340603298611
0 0.39187408685684205 0.2739743762546115 0.014880061149597168 0.0600905524359809
0 0.42047486305236814 0.3444221496582031 0.02188901901245117 0.06570604112413195
0 0.8625003933906555 0.4341460969712999 0.04201195240020752 0.07148704528808594
0 0.4344332814216614 0.19402792188856338 0.01048262119293213 0.04025594923231337
0 0.3313919495325536 0.31710239781273736 0.01904496634379029 0.05642701784769694
0 0.3335050892084837 0.20015286339653862 0.012966743856668472 0.04535035027398004
0 0.3531771920621395 0.27748025258382164 0.015900178253650664 0.05838177998860677
0 0.015424416959285736 0.3383274926079644 0.03084883391857147 0.07286224365234376
3 0.5092485845088959 0.14989948272705078 0.017767035961151124 0.04458895789252387
1 0.5101486623287201 0.15411505699157715 0.016797220706939696 0.03916145960489909
