0 0.3394181847572327 0.39590814378526473 0.03652145862579346 0.09403923882378472
0 0.6422012642025947 0.26848973168267143 0.027762624621391296 0.07144605848524306
0 0.28226478099823 0.38142673704359265 0.03381156921386719 0.09370034535725912
0 0.15931769013404845 0.6003111521402995 0.05438476800918579 0.1287518819173177
0 0.24443180561065675 0.44954876369900176 0.03937606811523438 0.10694173177083334
0 0.3296880841255188 0.25711839463975694 0.02436950206756592 0.05826505025227865
0 0.07327451705932617 0.39580137464735243 0.04946432113647461 0.08782382541232639
0 0.3549588657915592 0.2538766860961914 0.026042543351650238 0.05702472262912327
0 0.12154245376586914 0.5607525083753798 0.03769376277923584 0.12038451300726996
0 0.18291868567466735 0.4359920289781358 0.03935924768447876 0.09665014478895399
0 0.22320287227630614 0.6517997741699219 0.06704530715942383 0.15026160346137152
0 0.34289416316896676 0.314449331495497 0.03715140335261822 0.07025833129882812
0 0.40128231048583984 0.25567700068155924 0.028050577640533446 0.06393430497911241
0 0.6066932448768056 0.2114701059129503 0.012842158670537174 0.04841293758816189
0 0.032231669127941134 0.3822419060601128 0.032765951752662656 0.05061916775173611
0 0.9288179397583007 0.3563539160622491 0.035935831069946286 0.04171843528747558
0 0.17510418295860292 0.7569987191094293 0.012977516651153565 0.046366839938693574
0 0.9965461730957031 0.4040463924407959 0.006807851791381836 0.04048865636189779
1 0.22323203682899476 0.6344628016153971 0.06164458990097046 0.1147894541422526
0 0.39415688514709474 0.21633504231770834 0.01601581573486328 0.053689999050564235
