0 0.2845978498458862 0.3991849872801039 0.03143997192382812 0.09088455306159125
0 0.16601870059967042 0.6671732160780165 0.05726919174194336 0.1983843485514323
1 0.4139238268136978 0.5164475546942817 0.0842580258846283 0.18360761006673176
0 0.6246599197387696 0.6924038357204861 0.04975605010986328 0.18059255811903213
0 0.23083553314208985 0.4924096213446723 0.035822153091430664 0.12122620476616754
0 0.350372850894928 0.2854257689581977 0.024860072135925292 0.06212889353434245
1 0.34599528312683103 0.3930305904812283 0.07377834320068359 0.1557173834906684
3 0.3513569891452789 0.39259252150853474 0.06208897829055786 0.15706166956159803
0 0.35198097229003905 0.23838763766818577 0.01722259521484375 0.0336037105984158
3 0.16553135514259337 0.6676718923780653 0.05382605791091919 0.20397701263427734
0 0.38007562756538393 0.2577235009935167 0.018708431720733644 0.060251808166503905
0 0.07726148366928101 0.3939828660753038 0.05946512222290039 0.06931660970052084
1 0.6257101702969521 0.6566094292534722 0.0484387063421309 0.10736194186740451
0 0.9355810523033142 0.3554817173216078 0.03632433414459228 0.0405171447330051
0 0.028967606648802758 0.395271004570855 0.043135131150484084 0.07740843031141494
3 0.6252042439533397 0.6927852736579048 0.04915442527271807 0.18371113671196831
0 0.3845948100090027 0.5613542556762695 0.03081037998199463 0.06664093865288628
1 0.45194355249404905 0.23946794933742946 0.03987762928009033 0.08612321217854818
0 0.32340381383983186 0.19329981803894042 0.006118876932305284 0.041968419816758896
0 0.3516379237174988 0.5106479432847765 0.051451802253723145 0.10611754523383246
