0 0.19689613580703735 0.5055479261610243 0.05467064380645752 0.13285937839084203
0 0.9163145065307617 0.7275783962673611 0.08103923797607422 0.1927893320719401
3 0.3761945843696594 0.5710958162943522 0.11176416873931885 0.33056422339545355
0 0.2826865196228027 0.46438992818196617 0.056347084045410153 0.14035025702582465
0 0.5340848982334137 0.2864421632554796 0.03598664999008179 0.08567165798611111
0 0.33014612197875975 0.25591811074150933 0.025093984603881837 0.053843710157606334
0 0.34552270397543905 0.3101409594217936 0.02503037601709366 0.06463921864827474
0 0.20458984375 0.2851217057969835 0.03799271583557129 0.06484773423936632
0 0.37784882038831713 0.2408535851372613 0.022715654969215394 0.05907321506076389
1 0.9195349097251893 0.6707859463161893 0.07601745128631592 0.07974014282226563
1 0.2822952032089233 0.46425745222303605 0.05797595977783203 0.1416206783718533
0 0.40051648318767546 0.3110105408562554 0.032756882905960086 0.07840900421142578
3 0.2824767708778381 0.46472080018785267 0.056659150123596194 0.1397780312432183
3 0.914979100227356 0.7294014824761285 0.07832159996032714 0.1939205593532986
0 0.40682460069656373 0.19858721097310383 0.01281909942626953 0.045549594031439884
0 0.590397310256958 0.23665992948744033 0.017755651473999025 0.05203817155626085
0 0.033832717686891556 0.38313163121541344 0.03379117101430893 0.05568252139621311
1 0.20700809955596924 0.3032673239707947 0.035550928115844725 0.02875687016381158
0 0.17157995104789733 0.2819125069512261 0.031698763370513916 0.039672597249348955
0 0.5547353267669678 0.15745981534322104 0.010714387893676758 0.03627388212415907
0 0.2946398973464966 0.9003618240356446 0.014268875122070312 0.04637099372016059
0 0.43676282167434693 0.17967916594611275 0.012695527076721192 0.04178277121649848
