0 0.215120130777359 0.5169133928087023 0.034695136547088626 0.09852523803710937
0 0.7763075709342957 0.5023129569159613 0.030800056457519532 0.10583949618869358
0 0.4394120991230011 0.4332390891181098 0.03257461786270142 0.10203395419650607
0 0.24612163305282592 0.38359476725260416 0.023925089836120607 0.09390936957465278
0 0.37731338292360306 0.42011129591200086 0.030982229113578796 0.0953187730577257
0 0.3285142660140991 0.34736572901407875 0.02620067596435547 0.07352229224310981
0 0.09016069173812866 0.6489539252387153 0.06516849994659424 0.1567043728298611
0 0.37036057710647585 0.34294247097439234 0.02716109752655029 0.05933829413519965
1 0.6175402164459228 0.2707450442843967 0.0490537166595459 0.07109747992621528
0 0.5315420627593994 0.24920952055189344 0.019460105895996095 0.059457121955023874
0 0.4188172549009323 0.3273554907904731 0.02197414040565491 0.07944717407226562
0 0.3117335200309753 0.28728363249037003 0.018704152107238768 0.0629354476928711
0 0.38542760014533994 0.24544769922892254 0.022753024101257326 0.07156954871283637
3 0.0909645289182663 0.6485899501376682 0.06640639901161194 0.1657514148288303
0 0.4169366180896759 0.21967055002848307 0.016740953922271727 0.06323979695638021
0 0.3757623314857483 0.5109024471706815 0.04755675792694092 0.09828720092773438
0 0.3901506900787354 0.9049713982476129 0.019002771377563475 0.055313025580512154
0 0.507778662443161 0.3120828032493591 0.015012204647064209 0.042351328002081974
0 0.07643617391586303 0.3953319125705295 0.05821182727813721 0.06798892550998265
