1 0.6376398473978042 0.49777378506130643 0.07527969479560852 0.13530120849609376
0 0.20051465034484864 0.6523087607489692 0.03750481605529785 0.11600235833062066
0 0.8240681529045105 0.5895860671997071 0.03335053920745849 0.11883023579915365
0 0.7127423077821732 0.5632180743747287 0.026446551084518433 0.11297586229112414
0 0.3046666502952576 0.4755748112996419 0.023219799995422362 0.1008675045437283
0 0.2750728607177734 0.6551132202148438 0.03247852325439453 0.154010009765625
0 0.2854872584342957 0.4217478434244792 0.021663737297058106 0.09839409722222223
0 0.682238084077835 0.442198371887207 0.0226040244102478 0.09671414693196614
0 0.11716480255126953 0.9010989718967014 0.05748643279075623 0.18139105902777777
0 0.8931596875190735 0.6612235599093967 0.04320724010467529 0.09708930121527778
0 0.7670689582824707 0.5161198404100206 0.02576789855957031 0.09314564598931206
0 0.670440948009491 0.3375495804680718 0.01727287769317627 0.07101035647922092
1 0.5496631264686584 0.19457333882649738 0.025453782081604003 0.046419313218858504
0 0.3464137837290764 0.4042133702172173 0.02225089967250824 0.0981040636698405
0 0.19215633869171142 0.9185943603515625 0.053611469268798825 0.15199754503038193
0 0.07618488669395447 0.3972352557712131 0.05277336835861206 0.07536040412055121
0 0.8144114494323731 0.730297597249349 0.04865264892578125 0.1352812025282118
0 0.8838700294494629 0.7462544759114583 0.054869651794433594 0.1479220920138889
0 0.7719277262687683 0.6214190165201823 0.046732401847839354 0.10758082071940105
0 0.5858319282531739 0.26012885835435656 0.012431764602661132 0.06372347937689887
1 0.4412515640258789 0.3423235999213325 0.04655647277832031 0.09486643473307292
1 0.3789946436882019 0.30141148037380644 0.042010712623596194 0.08277418348524306
0 0.7222538590431213 0.43495718638102215 0.020468831062316895 0.09456528557671441
0 0.7027650475502014 0.2910858048333062 0.03468492031097412 0.0592312494913737
0 0.6364572077989579 0.2615114529927572 0.014373964071273804 0.0629733403523763
0 0.24081443548202514 0.4988582399156358 0.03051598072052002 0.11049478318956163
1 0.39127254486083984 0.24687717225816513 0.031038320064544676 0.05426141950819227
0 0.2344317317008972 0.5964700698852539 0.033380532264709474 0.1336623721652561
0 0.31651016473770144 0.40078402625189885 0.020500779151916504 0.08626789516872829
0 0.3558209866285324 0.251952690548367 0.013762593269348145 0.05722412533230252
0 0.3234919786453247 0.3176538891262478 0.01871199607849121 0.07047674391004774
2 0.38136410862207415 0.3163072177933322 0.05024854838848114 0.051351152029302384
3 0.7571114800870419 0.822198994954427 0.2854176476597786 0.35560201009114584
0 0.7109337270259857 0.4726738240983751 0.022639644145965577 0.08445636961195203
0 0.9276058197021484 0.5174836900499132 0.058713531494140624 0.09219885932074653
0 0.3364266064018011 0.26556705898708766 0.013852066546678542 0.06160685221354167
0 0.5813425540924072 0.20192175971137152 0.012813043594360352 0.05449727376302083
0 0.3031948089599609 0.3697795550028483 0.02031264305114746 0.08072889116075303
0 0.34475029706954957 0.3406492127312554 0.01901886463165283 0.06633773379855686
0 0.9774231910705566 0.8264172024197048 0.04515361785888672 0.16219923231336805
3 0.45828981399536134 0.2537171257866753 0.042159080505371094 0.10657344394259982
1 0.5216388881206513 0.1365734683142768 0.015786516666412353 0.03125420676337348
1 0.41339904963970187 0.2089895248413086 0.029557639360427858 0.058121744791666666
0 0.8738861918449402 0.44436238606770834 0.020579266548156738 0.06488986545138889
3 0.4643915772438049 0.1610275427500407 0.027310490608215332 0.05667496787177192
0 0.9310013771057128 0.8366187201605902 0.05277957916259766 0.15461595323350694
1 0.8916730880737305 0.9113726298014323 0.12411727905273437 0.17725474039713543
0 0.2729966759681702 0.31139456060611537 0.017636036872863768 0.043799863383173945
0 0.013820713758468628 0.33850919935438367 0.027641427516937257 0.07203860812717014
0 0.8118515968322754 0.43104900783962674 0.027969741821289064 0.09658033582899306
0 0.25610780715942383 0.34703848097059464 0.026067733764648438 0.07556822035047743
3 0.37814865112304685 0.3169064596295357 0.04316420555114746 0.052887541386816235
0 0.015628108382225038 0.4929986317952474 0.031256216764450076 0.09559843275282118
0 0.6760349750518799 0.2657485326131185 0.023615264892578126 0.05603527492947048
3 0.4138568341732025 0.21071402231852213 0.028700435161590578 0.05889146592881944
0 0.025896816700696944 0.22633403142293293 0.015052159130573273 0.04091125064425998
0 0.368116007745266 0.2290968894958496 0.013504448533058166 0.0468571768866645
0 0.8533445119857788 0.4350170718299018 0.021083831787109375 0.05705868403116862
0 0.9871707201004029 0.42160532739427353 0.01683211326599121 0.04403950373331706
0 0.7835215091705322 0.4263865152994792 0.028187274932861328 0.0864139133029514
