0 0.926146125793457 0.6996185302734375 0.07130813598632812 0.2009070078531901
0 0.6599725529551506 0.3717420154147678 0.024820020794868468 0.08003145853678385
0 0.5832608342170715 0.25177316665649413 0.02035815715789795 0.05715105268690321
0 0.6264575533568859 0.26686980989244247 0.015402163565158843 0.06716776953803169
1 0.9238860845565796 0.7055535210503472 0.07142143249511719 0.1916302998860677
0 0.5967440962791443 0.2830085966322157 0.019008898735046388 0.0601898193359375
0 0.07673381567001343 0.39560546875 0.058388566970825194 0.0706634521484375
0 0.3750025272369385 0.20681729846530492 0.014386892318725586 0.04976189931233724
0 0.6045933260786114 0.30176642735799153 0.009004862752044573 0.062023862202962236
0 0.6892669796943665 0.2023532337612576 0.013963770866394044 0.044957372877332896
0 0.5069342792034149 0.3141967598659297 0.016770780086517334 0.050200126423603955
0 0.3962415337562561 0.19740419387817382 0.007516932487487793 0.050975100199381514
0 0.02987617664039135 0.39633825090196395 0.043594983965158464 0.07963269551595052
