1 0.6665091037750244 0.7695927937825521 0.15314321517944335 0.3089789072672526
0 0.650413627922535 0.33961896896362304 0.03143932521343231 0.08155307769775391
0 0.3006745934486389 0.33916023042466903 0.029627394676208497 0.078408326043023
0 0.16121153831481932 0.6032875061035157 0.05977649688720703 0.12889149983723958
3 0.413099080324173 0.42804524633619523 0.07411655187606811 0.13633025487263997
0 0.22106189727783204 0.7002905951605902 0.060102570056915286 0.14836781819661457
0 0.3536854602396488 0.32310574849446616 0.03055243343114853 0.08581314086914063
1 0.41404285430908205 0.42375225490993923 0.07304544448852539 0.13994496663411457
0 0.6590424418449402 0.2691621250576443 0.024600005149841307 0.06273314158121744
0 0.18385652899742128 0.4483962800767687 0.045359575748443605 0.10331925286187066
0 0.07380832433700561 0.39503729078504773 0.051063168048858645 0.08940963745117188
0 0.634682460129261 0.24126688639322916 0.02484826147556305 0.06141866048177083
3 0.6545485019683838 0.7639752282036676 0.13152799606323243 0.3115424262152778
0 0.32102118730545043 0.2888761732313368 0.01670715808868408 0.06559155782063802
0 0.2590907096862793 0.36214658949110246 0.026892948150634765 0.08215753767225477
0 0.36275324821472166 0.25413877699110243 0.02415122985839844 0.06821895175509983
0 0.6116595149040223 0.18493519359164767 0.01285383701324463 0.037529574500189886
0 0.3231732305510377 0.3106507452411784 0.005692687556438614 0.04200364905926916
0 0.34755386859178544 0.21042950948079428 0.01687001287937164 0.03980272081163194
0 0.03320050314068794 0.3803595860799154 0.03471032232046127 0.0490578121609158
0 0.35165022164583204 0.17425615522596571 0.0109151691198349 0.03838657803005642
1 0.22471907138824462 0.66746826171875 0.05605435371398926 0.0865801493326823
0 0.3875476479530334 0.42202955881754556 0.024904704093933104 0.12907269795735676
2 0.6563640832901001 0.7666343265109592 0.1278968334197998 0.3020562065972222
0 0.7235443234443665 0.32854993608262806 0.022335195541381837 0.03386955261230469
