0 0.3608673244714737 0.35504252115885415 0.033806639909744265 0.0906327141655816
0 0.2528562068939209 0.4477812025282118 0.0387359619140625 0.10400644938151042
0 0.1678913116455078 0.6157649570041233 0.06553339958190918 0.1554048326280382
0 0.9091592788696289 0.630582512749566 0.07016544342041016 0.1727784898546007
0 0.7514505863189698 0.6030636257595486 0.057918357849121097 0.14383332994249132
0 0.4150448262691498 0.2972476535373264 0.032504069805145266 0.07846645779079861
1 0.5758329868316651 0.4778416103786892 0.08465614318847656 0.16623399522569443
0 0.07280947864055634 0.39548506206936307 0.0436768114566803 0.0869387944539388
2 0.5490416526794434 0.27430795033772787 0.058882713317871094 0.12139549255371093
0 0.8073111534118652 0.5212877909342448 0.0445281982421875 0.13718982272677951
0 0.7204324185848237 0.47830289204915366 0.03987740278244019 0.1095852322048611
3 0.5492453813552857 0.3150021240943008 0.057059431076049806 0.048827286726898615
0 0.37772728949785234 0.2327423201666938 0.022440072894096375 0.05856397416856554
0 0.013623815774917603 0.584964370727539 0.027247631549835206 0.10090916951497396
1 0.9082574129104615 0.6318325254652235 0.07045927047729492 0.17382901509602863
0 0.3370985507965088 0.6899483998616537 0.015632772445678712 0.049442291259765625
1 0.752307903766632 0.6042734146118164 0.05922422409057617 0.14558482699924044
0 0.7744115829467774 0.40380740695529516 0.031456947326660156 0.08076646592881945
0 0.03211004436016083 0.38166743384467233 0.03636497855186462 0.05084648132324219
0 0.8530374646186829 0.5233343972100152 0.01965453624725342 0.04581455654568142
0 0.4307280957698822 0.17137159771389432 0.01682068109512329 0.035610728793674044
0 0.8923085808753968 0.5629102283053928 0.018978333473205565 0.04152234395345052
0 0.6080458286422072 0.43708773718939886 0.015986304875696078 0.09709256490071615
0 0.8043776392936707 0.2546373791164822 0.021464323997497557 0.06239488389756945
3 0.9073945999145507 0.6310426500108507 0.0681307315826416 0.17022569444444444
