0 0.7467019498348236 0.39219836129082575 0.028854668140411377 0.09338486989339193
1 0.38132321983575823 0.30281633800930446 0.05800076425075531 0.0851327896118164
3 0.3795133516192436 0.3180974807176325 0.055372753739356996 0.05546131018135283
0 0.710575008392334 0.29932195875379775 0.024768257141113283 0.07317106458875867
0 0.07601248025894165 0.3953380584716797 0.05985708236694336 0.07175623575846354
0 0.3746614813804626 0.1814742088317871 0.012481236457824707 0.03222582075330946
0 0.3875568866729736 0.206390380859375 0.016333913803100585 0.05539894104003906
0 0.3524314403533936 0.2083884557088216 0.019711112976074217 0.05845934549967448
0 0.709486722946167 0.358315192328559 0.026316356658935548 0.07409411536322699
0 0.6013427734375 0.1884095933702257 0.01798725128173828 0.055467308892144095
0 0.03019617348909378 0.3816338645087348 0.03590280115604401 0.05144394768608941
0 0.9965627312660217 0.4031453662448459 0.006763291358947754 0.04147622850206163
