0 0.08131452202796936 0.6988684760199653 0.07848876714706421 0.19032847086588542
0 0.07429013401269913 0.3953963279724121 0.048632261157035825 0.09357598622639975
1 0.08148951828479767 0.6993909411960177 0.07796081900596619 0.1901637183295356
2 0.5923886179924012 0.23159184985690648 0.09707610607147217 0.1293251249525282
0 0.028033787570893764 0.39593209160698783 0.04733455069363117 0.07849146525065104
0 0.5461792945861816 0.2806134541829427 0.01760702133178711 0.07311740451388889
3 0.6205264240503311 0.22104401588439943 0.04105284810066223 0.11820347044203017
0 0.9333011627197265 0.3526861482196384 0.03451943397521973 0.0353196726904975
0 0.3768659636378288 0.17859928343031142 0.019591072201728822 0.043390846252441405
0 0.6125937532633543 0.3031478675237546 0.01095273569226265 0.02834098497405648
