0 0.8359930038452148 0.5718144734700521 0.06474571228027344 0.11369154188368055
1 0.377451466396451 0.3823344654507107 0.09951513037085533 0.08798389434814453
0 0.2633260011672974 0.4778779771592882 0.06464333534240722 0.09415825737847222
0 0.08416860699653625 0.3738834804958767 0.05108157396316528 0.08358578152126736
1 0.5570621967315674 0.2763573858473036 0.03644204139709473 0.0634417004055447
0 0.03661747574806214 0.46398535834418403 0.06732383966445923 0.09811774359809028
0 0.12863235473632811 0.9356116400824652 0.0645146369934082 0.12488810221354167
0 0.7030373454093933 0.2936688635084364 0.03409912586212158 0.05375957489013672
1 0.5275483369827271 0.3326382107204861 0.08219513893127442 0.08900510999891494
0 0.10356534719467163 0.4388361612955729 0.05823698043823242 0.08446129692925347
0 0.6339366674423218 0.31648824479844834 0.014937973022460938 0.07178637186686197
0 0.3017062783241272 0.3756215519375271 0.045756983757019046 0.07558294932047525
1 0.5421725869178772 0.18632018831041125 0.02421753406524658 0.04650495317247179
0 0.17896516919136046 0.43918607499864365 0.036361086368560794 0.09511977301703559
0 0.637097156047821 0.25402859581841364 0.014861273765563964 0.059944534301757814
0 0.4424574851989746 0.35341758728027345 0.043970775604248044 0.07917048136393229
0 0.30515735149383544 0.3201005087958442 0.021557426452636717 0.0670810275607639
0 0.5338734745979309 0.2294324451022678 0.01299445629119873 0.05727670457628038
0 0.9197172164916992 0.5520357767740885 0.05334014892578125 0.09975365532769097
1 0.4560572266578674 0.2799091657002767 0.0375213623046875 0.07310288747151693
1 0.45364865064620974 0.2068619516160753 0.029221153259277342 0.05101740095350477
0 0.5229603230953217 0.19497595893012154 0.010513079166412354 0.04524264865451389
0 0.5776005148887634 0.22641487121582032 0.01991112232208252 0.05539686414930556
0 0.2692857265472412 0.36145930820041233 0.029919147491455078 0.08049630059136284
0 0.2198807954788208 0.4410436153411865 0.026468515396118164 0.06965294943915473
0 0.2392430305480957 0.3955193837483724 0.03787078857421875 0.08733206854926215
0 0.4031094968318939 0.2955315589904785 0.01773824691772461 0.0650938457912869
0 0.7200190544128418 0.3687008327907986 0.020678138732910155 0.08659116956922742
0 0.3818951040506363 0.2939745479159885 0.018802052736282347 0.06947468651665581
0 0.7136724829673767 0.3264404402838813 0.013280034065246582 0.07059112124972873
0 0.48251780271530154 0.2306350072224935 0.013023757934570312 0.04939032660590278
0 0.8123328208923339 0.4377066294352214 0.031857872009277345 0.08790351019965278
0 0.01184137463569641 0.43702307807074653 0.023632952570915224 0.08790198432074653
0 0.31303695440292356 0.28328234354654946 0.01726996898651123 0.05635952419704861
0 0.5053330421447754 0.18933269182840984 0.009880137443542481 0.04287862777709961
0 0.2735562562942505 0.31030157752748994 0.01664743423461914 0.04205967423816522
0 0.48615549206733705 0.2647219869825575 0.013124620914459229 0.05718873341878255
0 0.35319878682494166 0.2989479594760471 0.023343868553638458 0.0621098624335395
0 0.6574243932962418 0.25312897364298503 0.01601007580757141 0.05594365861680772
0 0.5686350345611573 0.17164462407430012 0.012278604507446288 0.04007422129313151
0 0.3369851429015398 0.26409387588500977 0.014752998203039169 0.05033541785346137
0 0.8637847185134888 0.42319391038682724 0.033774709701538085 0.07489878336588542
0 0.00742617055948358 0.5033005608452691 0.014711070951307192 0.07874204847547743
0 0.39294794797897337 0.2548102484809028 0.014104104042053223 0.05100966559516059
0 0.014334678649902344 0.3403517829047309 0.028669357299804688 0.07043050130208334
0 0.39727452397346497 0.21416629155476888 0.011288952827453614 0.04411525726318359
0 0.741090965270996 0.3697406768798828 0.02466106414794922 0.08064524332682292
0 0.9933573961257934 0.5400155703226726 0.013285207748413085 0.094326294793023
0 0.3821136087179184 0.208802678849962 0.01256830096244812 0.04415577782524956
