0 0.22220481634140016 0.42078208923339844 0.03722503185272217 0.09105563693576389
0 0.07181366682052612 0.6722658793131511 0.06577727794647217 0.15348019070095487
0 0.8694578170776367 0.6722541809082031 0.06873912811279297 0.17399393717447917
0 0.1748272955417633 0.5894138760036892 0.052453267574310306 0.12797309027777778
0 0.07413829565048217 0.39521430333455404 0.04670640230178833 0.08921727074517144
0 0.6036267399787902 0.22810148662990995 0.025542187690734863 0.05862666236029731
0 0.2753812313079834 0.6857742309570313 0.057771921157836914 0.1504391140407986
0 0.23555238246917726 0.6024723476833768 0.05462756156921387 0.14471367730034723
0 0.37754502296447756 0.5183419121636285 0.05591020584106445 0.140283203125
1 0.5559563159942627 0.30668890211317273 0.0476036548614502 0.08902291191948784
0 0.3916736960411072 0.2927461730109321 0.025598061084747315 0.07565280066596138
0 0.252775764465332 0.3539369689093696 0.02897810935974121 0.07011068132188585
0 0.36329056322574615 0.323170714908176 0.025989121198654173 0.06541139814588759
0 0.029186028987169266 0.3961371315850152 0.04555215686559677 0.07981342739529079
0 0.3237438440322876 0.4643199920654297 0.03230466842651367 0.1097751193576389
0 0.3898580074310303 0.3784529685974121 0.029430639743804932 0.099288452996148
0 0.3454440198838711 0.26798329883151584 0.020641209185123445 0.053415870666503905
0 0.4217540204524994 0.275227599673801 0.020284998416900634 0.06480596330430773
1 0.07056161761283875 0.6515787760416667 0.06794973611831664 0.11906467013888888
1 0.3196986198425293 0.362333255343967 0.05685863494873047 0.09306131998697917
0 0.38560951352119444 0.2292027685377333 0.018298590183258058 0.05364220937093099
3 0.5560722351074219 0.3199841949674818 0.04665679931640625 0.062190612157185875
3 0.07296584695577621 0.6724685457017686 0.06874356567859649 0.1568446265326606
1 0.8705445885658264 0.6472131305270725 0.06732995510101318 0.12669461568196613
0 0.3729823589324951 0.24159319135877821 0.01648082733154297 0.062164560953776045
0 0.6206743240356445 0.22097557915581598 0.017512702941894533 0.06073777940538194
0 0.40528669357299807 0.24295094807942708 0.017162156105041505 0.05647243923611111
0 0.4215156078338623 0.3012824871887763 0.008661651611328125 0.022345205396413804
0 0.510493415594101 0.31483736799822915 0.011112511157989502 0.03811660938792759
3 0.8690589070320129 0.6711669603983561 0.06815636157989502 0.17541035546196831
