0 0.6265434741973877 0.6647125879923502 0.04204201698303223 0.0927970462375217
0 0.18854930400848388 0.7419871860080295 0.09788336753845214 0.15377587212456598
1 0.16032578945159912 0.5308523390028211 0.13365039825439454 0.1436742146809896
0 0.8332052230834961 0.6677463107638889 0.03377137184143066 0.13660753038194445
3 0.4534432053565979 0.24949236975775824 0.04396393299102783 0.11838277180989583
0 0.3761818170547485 0.5949236975775825 0.0330106258392334 0.1481614006890191
1 0.5497354507446289 0.34018979602389865 0.05237636566162109 0.08018711937798394
0 0.5078948020935059 0.7542200724283854 0.039608001708984375 0.18924357096354166
0 0.3357470750808716 0.7400646633572049 0.037987375259399415 0.17504238552517362
0 0.7091632127761841 0.36049038569132485 0.02113165855407715 0.0807772954305013
0 0.7172278881072998 0.47547598944769964 0.06221752166748047 0.09950764973958333
0 0.4478057861328125 0.7485556708441841 0.039864540100097656 0.18738170199924045
0 0.3940425872802734 0.773319583468967 0.036873817443847656 0.18575965033637154
0 0.8588676452636719 0.5795407189263238 0.037807464599609375 0.11745851304796007
0 0.02401299625635147 0.5013797760009766 0.04434855878353119 0.10493969387478298
2 0.20465152263641356 0.38745960659450956 0.16442933082580566 0.1454575432671441
0 0.2788485288619995 0.5509693145751953 0.030193519592285157 0.1225246853298611
0 0.606640636920929 0.22295799255371093 0.014086604118347168 0.054780366685655384
0 0.6275187134742737 0.40900052388509117 0.0192516565322876 0.09360131157769097
0 0.3103151321411133 0.31367162068684895 0.021529483795166015 0.07986806233723959
0 0.3164820194244385 0.580359141031901 0.0351593017578125 0.1428917778862847
0 0.3164780616760254 0.9257755703396268 0.05582447052001953 0.1375817192925347
0 0.08848263025283813 0.3614723629421658 0.050886130332946776 0.08493728637695312
0 0.7057098388671875 0.6842710706922743 0.038462066650390626 0.16042005750868055
0 0.5686502099037171 0.2964106877644857 0.014928507804870605 0.06203579372829861
0 0.11722304821014404 0.7015369839138454 0.08484238982200623 0.12859954833984374
0 0.3775237947702408 0.24458624521891276 0.014207762479782105 0.05190158420138889
0 0.4018255829811096 0.2900363604227702 0.019262373447418213 0.06591972774929471
0 0.6142231589183211 0.3741507636176215 0.01795509345829487 0.08484251234266493
0 0.593719220161438 0.34908901850382484 0.019231033325195313 0.08414372338189019
0 0.68345947265625 0.6413322448730469 0.032838058471679685 0.14286753336588542
0 0.6280885338783264 0.25083594852023655 0.015834355354309083 0.05734952290852865
0 0.3875937104225159 0.20660116407606338 0.012775743007659912 0.04556634691026476
0 0.13587651252746583 0.42827205657958983 0.04298264980316162 0.07087298499213325
0 0.5027001202106476 0.30417067209879556 0.031470191478729245 0.06357816060384115
0 0.40955292582511904 0.23817874060736763 0.01203603744506836 0.054363844129774304
0 0.3929569453001022 0.6901614718967014 0.03397905230522156 0.04189927842881944
0 0.8629785180091858 0.4266090393066406 0.03855140209197998 0.07353015475802951
0 0.017223039269447328 0.6286986456976996 0.03364592790603638 0.13800794813368056
0 0.691408348083496 0.43979356553819443 0.038140487670898435 0.0767809549967448
0 0.6706704258918762 0.4536821789211697 0.03110872507095337 0.08222974141438802
0 0.3591978341341019 0.29325476752387153 0.01861698627471924 0.0653106689453125
0 0.7025716066360473 0.29279613494873047 0.03416452407836914 0.05752800835503472
0 0.8104994773864747 0.41963848537868925 0.031662368774414064 0.09068620469835069
0 0.04557792842388153 0.7393453809950087 0.08442524075508118 0.1566897922092014
1 0.451193755865097 0.30240781015406054 0.039956629276275635 0.026245843577716085
0 0.6814789026975632 0.32688748041788734 0.01890314221382141 0.07163829803466797
0 0.23744009733200072 0.5349494298299153 0.03634731769561768 0.0937491946750217
0 0.37901848554611206 0.3079134715927972 0.021003413200378417 0.03804916540781657
0 0.32647578716278075 0.5094667646620009 0.029124069213867187 0.09054073757595486
0 0.4277694642543793 0.20195147196451824 0.010163581371307373 0.04553786383734809
1 0.6230756482575088 0.3043346193101671 0.04528742013499141 0.0583541022406684
0 0.293637752532959 0.5024210611979166 0.02877521514892578 0.10927225748697916
0 0.013534720242023467 0.3345589531792535 0.027069440484046935 0.07960207197401259
0 0.24572305679321288 0.46947937541537815 0.02500176429748535 0.0746241569519043
0 0.8963485717773437 0.5193596733940973 0.07268791198730469 0.10724300808376735
1 0.5690778732299805 0.21393571429782443 0.033696889877319336 0.055333391825358076
0 0.7253043293952942 0.42390714751349556 0.017757391929626463 0.05911963780721029
0 0.4334430038928986 0.16600323253207735 0.009057104587554932 0.03721609115600586
0 0.3424835681915283 0.29773281945122615 0.019905662536621092 0.0725504133436415
0 0.4696521461009979 0.17215457492404515 0.009752619266510009 0.03670010036892361
0 0.08214844167232513 0.6408247841729058 0.05214651226997376 0.12140922546386719
0 0.18059635758399964 0.6830803129408095 0.05105365514755249 0.0560615963406033
