0 0.1335451602935791 0.6261022779676649 0.08248336315155029 0.1249208238389757
0 0.42663379609584806 0.4650464375813802 0.039442211389541626 0.10692359076605903
1 0.44643056988716123 0.23441922929551867 0.031627357006073 0.06719767252604167
0 0.3228713274002075 0.2957845052083333 0.018622064590454103 0.06723259819878472
0 0.876241397857666 0.5472580379909939 0.05856170654296875 0.1022168477376302
0 0.5977667331695556 0.6447466108534071 0.08042306900024414 0.13556459214952257
0 0.3922743618488312 0.22026011149088542 0.0120927095413208 0.05246853298611111
0 0.7332299232482911 0.6209303114149306 0.0650289535522461 0.12835167778862847
0 0.4109938830137253 0.1892263677385118 0.011957436800003052 0.044971497853597005
0 0.5635218143463134 0.2017059908972846 0.01246471405029297 0.051262887318929036
1 0.8197257995605469 0.461085934109158 0.15512652397155763 0.11661597357855903
0 0.594678771495819 0.20805451075236003 0.013122105598449707 0.05343714820014106
0 0.3649516314268112 0.291671011182997 0.01593664288520813 0.06754625108506944
1 0.051623903959989545 0.41309055752224394 0.07693343311548233 0.06520741780598958
0 0.2732799291610718 0.7796952989366319 0.052765512466430665 0.1888149685329861
0 0.23977792263031006 0.6736046685112848 0.07463726997375489 0.13900519476996528
0 0.38090012073516843 0.2970890045166016 0.014383268356323243 0.06324462890625
0 0.2692527770996094 0.606105719672309 0.07507705688476562 0.1082365247938368
0 0.4195847988128662 0.3430157131618924 0.039408206939697266 0.0743729485405816
0 0.40098621547222135 0.2892319467332628 0.014405173063278199 0.06533141665988498
0 0.3350385308265686 0.40271797180175783 0.04833700656890869 0.07786483764648437
0 0.1989143133163452 0.4777803209092882 0.038801717758178714 0.08644934760199653
0 0.42428726255893706 0.28895752165052624 0.015239375829696655 0.06366460588243272
0 0.02151217609643936 0.4691501193576389 0.04302435219287872 0.0911588880750868
1 0.24341877698898315 0.44421473609076606 0.08652994632720948 0.09724171956380208
1 0.45849707126617434 0.1893174648284912 0.026470756530761717 0.045657147301567926
3 0.5065865159034729 0.13312573962741428 0.01819908618927002 0.05279443528917101
0 0.919484543800354 0.5758289655049642 0.033455848693847656 0.06924355824788411
0 0.015636032819747923 0.536052237616645 0.03111299276351929 0.09007314046223959
3 0.11396239995956421 0.511102803548177 0.14398009777069093 0.17360466851128473
0 0.7836220264434814 0.5918643103705512 0.06263723373413085 0.10951122707790799
0 0.553886604309082 0.5927161746554904 0.061747169494628905 0.13283233642578124
0 0.9452746629714965 0.5598019070095486 0.018456172943115235 0.08099839952256944
0 0.3598538875579834 0.3385584513346354 0.021453094482421876 0.0784669664171007
0 0.5341901302337646 0.1424178706275092 0.007732963562011719 0.033150302039252386
0 0.2728604555130005 0.31191761441942717 0.018920278549194335 0.0451430595997307
0 0.7029281616210937 0.2924642986721463 0.03414130210876465 0.05867818196614583
0 0.06826391965150833 0.4175423781077067 0.039053413271903994 0.05779475106133355
0 0.0870065450668335 0.35876439412434896 0.04797353744506836 0.07220713297526042
0 0.2216054916381836 0.37676917182074654 0.03938713073730469 0.0720245361328125
0 0.3158313274383545 0.46874559190538195 0.05323524475097656 0.08828989664713542
0 0.5585975289344788 0.1745732625325521 0.010692906379699708 0.039300537109375
0 0.43003082275390625 0.13316407733493382 0.007888150215148926 0.029671817355685765
0 0.39389322996139525 0.3251578225029839 0.012213540077209473 0.070948240492079
0 0.6102700471878052 0.21629610061645507 0.012107944488525391 0.054347801208496097
0 0.6746442914009094 0.2691469616360135 0.02513878345489502 0.04946017795138889
0 0.015728956460952757 0.9444272359212239 0.03125145435333252 0.11114552815755209
0 0.2694350600242615 0.6818810356987848 0.040383648872375486 0.05846015082465278
0 0.252835750579834 0.45032085842556424 0.07289466857910157 0.0994505140516493
0 0.1445427119731903 0.4284012264675564 0.029367291927337648 0.0558107164171007
0 0.8859904766082763 0.47473565737406415 0.022841835021972658 0.06358202828301324
0 0.17601377367973328 0.4516251722971598 0.029208409786224365 0.06310635672675238
1 0.1334137111902237 0.633279906378852 0.08312086462974548 0.09898262023925782
0 0.6575466275215149 0.25014113320244685 0.02185103893280029 0.050203980339898
