1 0.6954594612121582 0.8699532402886285 0.19040136337280272 0.25746900770399306
3 0.6945473003375809 0.8724891874525282 0.18872865677112713 0.2536726633707682
3 0.4214310571551323 0.3157070689731174 0.11750656664371491 0.27395076751708985
0 0.22703624963760377 0.5277478747897678 0.038423991203308104 0.13747232225206163
0 0.7393706142902374 0.44683958689371744 0.036525952816009524 0.09763984680175782
0 0.2531576991081238 0.3677943335639106 0.024527144432067872 0.08291295369466146
1 0.5777299523353576 0.31989895502726234 0.06924188137054443 0.1010849634806315
0 0.32089378833770754 0.3706997990608215 0.03346343040466308 0.08233195145924886
0 0.6909653335809708 0.33088388442993166 0.03120567202568054 0.07956108517116971
0 0.6555655360221863 0.3357590443558163 0.023479771614074708 0.055960277716318764
0 0.2019333064556122 0.43020186954074435 0.032625114917755126 0.07942839728461372
0 0.0764777660369873 0.39825185139973956 0.05554444789886474 0.0660842047797309
0 0.03371401727199554 0.3950788709852431 0.03711031079292297 0.07808812459309895
3 0.38520278930664065 0.371932315826416 0.02949066162109375 0.16608685387505426
0 0.6446456208825111 0.2907841788397895 0.02101980149745941 0.044362046983506945
2 0.5776389837265015 0.3307346010270218 0.06983833312988282 0.08329462791896529
0 0.6889080882072449 0.39676041867997913 0.019638657569885254 0.05519322819179959
0 0.6718183517456054 0.27907367282443574 0.01790761947631836 0.06151101854112413
0 0.3291291117668152 0.27394819259643555 0.018019270896911622 0.05190436045328776
3 0.6908332675695419 0.33186777813567053 0.03092086911201477 0.08013292186790043
0 0.6064489938318729 0.3340611881679959 0.012642963230609894 0.09314801957872179
0 0.38931525945663453 0.4125662061903212 0.02136948108673096 0.08638415866427951
0 0.3843212962150574 0.1607959747314453 0.019375061988830565 0.04670312669542101
0 0.652809453010559 0.17297258377075195 0.02341623306274414 0.0574146482679579
0 0.9966100335121155 0.3971806632147895 0.006610417366027832 0.05539783901638455
0 0.5074433147907257 0.3119818719310893 0.016482698917388915 0.04505881625745031
0 0.3290261436952278 0.3183144642247094 0.016554766008630394 0.03633534775839912
0 0.40715582966804503 0.1448163350423177 0.012435817718505859 0.03553714752197266
0 0.5741489171981812 0.15234724150763618 0.02157936096191406 0.04478508631388346
0 0.7123979210853577 0.18248169157240127 0.014485478401184082 0.046732521057128905
