0 0.14233689308166503 0.7691243489583334 0.08005008697509766 0.19245533413357205
0 0.043321797251701356 0.7557649400499132 0.0805221140384674 0.18448287116156684
0 0.32673622369766236 0.45903905232747394 0.03630678653717041 0.11976021660698785
0 0.5242970764636994 0.2772543907165527 0.020953452587127684 0.0804501215616862
0 0.8373794555664062 0.5336582607693142 0.055587387084960936 0.1480280558268229
0 0.5948328256607056 0.24337188932630752 0.028024005889892577 0.07238402896457248
0 0.33380487710237505 0.29845234553019206 0.019332680106163024 0.06210206349690755
0 0.3634957328438759 0.2946297221713596 0.026047155261039734 0.05952332814534505
2 0.43144039511680604 0.25535110367669 0.07992523908615112 0.21348051495022244
0 0.35403251126408575 0.23538234498765734 0.017568807303905486 0.06611084408230251
0 0.07240009307861328 0.39427742428249785 0.042738282680511476 0.08506185743543837
3 0.043079063296318054 0.7530980004204644 0.07980119585990905 0.1935791015625
0 0.2846694588661194 0.3092126528422038 0.030939984321594238 0.0682527118259006
1 0.14345600605010986 0.7688800811767578 0.07894058227539062 0.193621826171875
3 0.14334841966629028 0.7690474616156684 0.07818105220794677 0.19385469224717883
3 0.4330242156982422 0.25607804192437067 0.08223190307617187 0.21924175686306424
0 0.028241467475891114 0.3954550637139214 0.04638452529907226 0.07939330206976997
0 0.3772474765777588 0.21842286851671006 0.01876678466796875 0.06182314554850261
1 0.043530913069844246 0.7526153988308377 0.08034364804625511 0.19424370659722223
0 0.5421576499938965 0.23978271484375 0.01966724395751953 0.060053846571180555
1 0.43804163932800294 0.3117031945122613 0.07391071319580078 0.10477913750542535
0 0.9332371234893799 0.5260743882921007 0.01736130714416504 0.028029039171006943
0 0.39411067962646484 0.19011183314853244 0.011778640747070312 0.05227607091267904
1 0.33271537080872804 0.45993090205722387 0.023581013968214392 0.12133247587415907
