3 0.6379369735717774 0.6082348293728299 0.19735393524169922 0.5318910386827257
3 0.42714611291885374 0.5077090157402886 0.08994855880737304 0.27403212653266057
0 0.6999324440956116 0.47279177771674263 0.025660109519958497 0.09600003560384114
3 0.36949604749679565 0.8637506484985351 0.061007905006408694 0.27249870300292967
1 0.8439362525939942 0.7711681789822049 0.15385704040527343 0.2311002943250868
0 0.7502633094787597 0.4807198842366536 0.030624580383300782 0.11536500718858507
1 0.40294933319091797 0.8605443318684896 0.1277097463607788 0.2713826497395833
0 0.3233036160469055 0.3654405487908257 0.020291829109191896 0.08983915117051866
1 0.5390558481216431 0.24142142401801214 0.033567619323730466 0.06087964375813802
0 0.29339351654052737 0.3388789282904731 0.016243171691894532 0.08194410536024306
1 0.35909848362207414 0.3124732335408529 0.051645871996879575 0.07909503512912326
0 0.9234282493591308 0.6972483317057292 0.05086727142333984 0.1508544921875
0 0.7309306621551513 0.4159992218017578 0.024286365509033202 0.09513312445746527
1 0.41509963274002076 0.2597630500793457 0.03625662326812744 0.07225788964165582
0 0.7030582547187805 0.29264102511935763 0.03438446521759033 0.05989265441894531
0 0.6863793343305588 0.421076668633355 0.02255863547325134 0.07812025282118056
0 0.6166653513908387 0.27605796390109594 0.015253615379333497 0.0650292714436849
3 0.464585953950882 0.19097504615783692 0.03145197629928589 0.07190711763170031
0 0.5792740702629089 0.24214593039618598 0.014618849754333496 0.06378010643853081
0 0.6081769824028015 0.3304160859849718 0.017319416999816893 0.054149500528971356
0 0.5858393669128418 0.2967805862426758 0.018785953521728516 0.07290789286295572
0 0.6503880023956299 0.34503489600287546 0.0175382137298584 0.07361607021755642
0 0.6666593909263611 0.30198425716824 0.018653559684753417 0.07036098904079861
1 0.18922308683395386 0.4117625766330295 0.13641064167022704 0.09104715983072917
0 0.47873854637145996 0.2734683566623264 0.013860607147216797 0.06722865634494357
0 0.45155811309814453 0.24094757503933376 0.014605832099914551 0.04829970465766059
0 0.32629019021987915 0.2849454879760742 0.0119553804397583 0.07352261013454861
3 0.44189172983169556 0.32979401217566595 0.048881149291992186 0.08181024657355415
0 0.5627537608146668 0.1775792810651991 0.011541056632995605 0.04340889188978407
0 0.6011708498001098 0.22664262983534073 0.013066339492797851 0.05285280015733507
3 0.3589110612869263 0.3197139501571655 0.055621767044067384 0.061650122536553276
0 0.6453044533729553 0.3045037269592285 0.018178486824035646 0.0668002446492513
0 0.01425243616104126 0.49217007954915365 0.028499138355255128 0.09803076850043403
0 0.013712631165981292 0.33719007703993054 0.027425262331962585 0.07344459957546658
0 0.5529277443885803 0.15498692724439833 0.00943458080291748 0.036476781633165145
2 0.3594534397125244 0.3200036393271552 0.0534757137298584 0.06222950087653266
0 0.6840528964996337 0.3513571831915114 0.02520751953125 0.06273564497629801
0 0.3150177478790283 0.2610982259114583 0.01499176025390625 0.05459403991699219
1 0.8715952038764954 0.975676006740994 0.08544509410858155 0.048506842719184026
0 0.8637125730514527 0.43148831261528864 0.03949413299560547 0.07864036560058593
1 0.39719377756118773 0.2190249654981825 0.025895345211029052 0.05252081553141276
0 0.8128066062927246 0.43804859585232203 0.029532432556152344 0.09064576890733507
1 0.5186015665531158 0.13438436190287273 0.016576611995697023 0.03162289725409614
1 0.8319884479045868 0.6844646665785048 0.13133255243301392 0.05274874369303385
0 0.37852280139923095 0.24629585478040908 0.012769782543182373 0.0514604992336697
0 0.8759798049926758 0.9603097703721788 0.07149181365966797 0.07799258761935764
0 0.6372834235429764 0.3434571544329325 0.017149412631988527 0.04664100805918376
0 0.6754030674695969 0.391146461168925 0.019369608163833617 0.07352330419752333
0 0.27287137508392334 0.3064464357164171 0.01768913269042969 0.06071506076388889
1 0.44183343946933745 0.3178424835205078 0.04665073752403259 0.11337161593967014
2 0.4421461969614029 0.3183283593919542 0.047078436613082884 0.11325232187906902
0 0.716528058052063 0.30921960274378457 0.007568883895874024 0.04066142770979139
2 0.4001925505697727 0.8282766766018338 0.13825604170560837 0.34344664679633247
0 0.39775503873825074 0.2658688757154677 0.004489922523498535 0.056545066833496097
1 0.4127907544374466 0.2950281227964701 0.030306166410446166 0.012172364127925701
0 0.02590223029255867 0.2274688826666938 0.015170173346996307 0.03988200293646919
