1 0.6485015511512756 0.5322420332166884 0.09276587963104248 0.13291812472873263
0 0.8181163787841796 0.6693232536315918 0.03979315757751465 0.1439451641506619
1 0.46475944519042967 0.8039446512858073 0.18551309108734132 0.2607662624782986
0 0.022068235278129577 0.5171397738986545 0.043935221433639524 0.1083708021375868
1 0.44673471450805663 0.4939700656467014 0.12252137660980225 0.11852942572699653
0 0.7688223361968994 0.49733147621154783 0.026248693466186523 0.09317227469550239
0 0.8679176330566406 0.691560787624783 0.03901939392089844 0.1486453586154514
0 0.271643328666687 0.6715426974826388 0.03661198616027832 0.16412065294053818
0 0.6462533950805665 0.8998223198784723 0.05781211853027344 0.1755438910590278
0 0.6337815284729004 0.3392924732632107 0.019669151306152342 0.08290441301133898
0 0.26487586498260496 0.4954119576348199 0.023763656616210938 0.09857889811197916
0 0.6962544679641723 0.3854675716824002 0.020325946807861327 0.084332275390625
0 0.7087298393249511 0.48783149719238283 0.028569602966308595 0.11928956773546007
0 0.566413688659668 0.7389833238389757 0.05545539855957031 0.15251295301649306
1 0.5088966846466064 0.32850430806477865 0.10676445960998535 0.09092881944444445
0 0.4058566093444824 0.35227923923068577 0.018676280975341797 0.08655734592013889
0 0.736279821395874 0.4401990466647678 0.020934581756591797 0.08672201368543837
0 0.6584737062454223 0.32874775992499455 0.0173797607421875 0.07519719865587023
0 0.5740246415138245 0.23352632522583008 0.0133284330368042 0.056879319085015194
0 0.5882062554359436 0.3257322841220432 0.017945313453674318 0.07613688574896918
0 0.08776328563690186 0.3642097473144531 0.05052051544189453 0.08113555908203125
3 0.4062716394662857 0.2118309391869439 0.03572065234184265 0.07987273534138997
3 0.45700416564941404 0.21428501341078016 0.036566543579101565 0.08627889421251085
0 0.3906059145927429 0.4893727620442708 0.01878817081451416 0.08701434665256076
0 0.6958326816558837 0.7662986331515842 0.03305511474609375 0.08259735107421876
0 0.619946563243866 0.2915106561448839 0.014630818367004394 0.0647878646850586
0 0.6308236464858055 0.7450212478637696 0.026479026675224303 0.08954387240939671
0 0.6040321469306946 0.3122995058695475 0.01445624828338623 0.06962430742051866
0 0.38384926319122314 0.7506700091891818 0.030454730987548827 0.13407571580674912
0 0.859381103515625 0.6076911926269531 0.03782939910888672 0.1045803493923611
0 0.5991658210754395 0.6459779103597005 0.07035388946533203 0.12672822740342882
0 0.4144639581441879 0.2666492780049642 0.014520221948623657 0.06530496809217665
0 0.37947630882263184 0.3423707326253255 0.018040847778320313 0.07911020914713542
0 0.5923574924468994 0.2630069838629829 0.015160608291625976 0.059161737230088975
3 0.5348674774169921 0.2361472659640842 0.040796422958374025 0.09772122701009114
0 0.7026036143302917 0.2914858818054199 0.033966660499572754 0.059723981221516925
3 0.9440533518791199 0.8779277801513672 0.11003754138946534 0.23970489501953124
2 0.2854403018951416 0.3523572572403484 0.05615477561950684 0.11588076055049897
0 0.01136007085442543 0.9286304050021701 0.02232314497232437 0.1427391899956597
3 0.512946629524231 0.1803629928165012 0.03294830322265625 0.0721615367465549
0 0.6621030449867249 0.7380504820081922 0.03733031749725342 0.10105400085449219
0 0.02267497479915619 0.3698704189724392 0.026665979623794557 0.08751313951280382
0 0.3385374929755926 0.24175436231825087 0.015927959233522415 0.046113883124457467
0 0.8122615814208984 0.4283969455295139 0.02941436767578125 0.09584664238823784
1 0.4444282531738281 0.2919807434082031 0.03675403594970703 0.07557907104492187
0 0.8631672024726867 0.43460585276285807 0.04082024097442627 0.07524045308430989
0 0.006763980537652969 0.4644817352294922 0.01332271546125412 0.08086361355251737
0 0.6012245059013367 0.22047895855373806 0.014426875114440917 0.05125149620903863
1 0.3921597540378571 0.30217644373575847 0.03575799465179443 0.07874647776285808
0 0.6741339921951294 0.2690100457933214 0.02328462600708008 0.048473591274685326
0 0.6629299700260163 0.6766042709350586 0.02306673526763916 0.06505317687988281
3 0.3143983602523804 0.33306159973144533 0.10024995803833008 0.1519276089138455
3 0.38774904012680056 0.314517556834552 0.024501919746398926 0.05042747813794348
0 0.4414839565753937 0.3095418323452274 0.03499141931533813 0.03994847349822521
0 0.3758520603179932 0.21471792856852215 0.014345407485961914 0.04572313096788194
1 0.9454207420349121 0.9040640936957465 0.10915851593017578 0.19069112141927083
0 0.6105360484216362 0.6582561704847548 0.02022548196837306 0.08276761372884114
