0 0.6981450647115708 0.36586860020955403 0.03455548882484436 0.08366103702121311
0 0.7680304050445557 0.39294361538357203 0.03450078964233398 0.08704791598849826
3 0.5741241037845611 0.4141985893249512 0.12463058233261108 0.31280078887939455
0 0.07475166916847228 0.3940218819512261 0.04714846611022949 0.08611098395453559
0 0.6739315390586853 0.29434210459391275 0.021652913093566893 0.05215471055772569
3 0.6985172063112259 0.3663545582029555 0.03437778353691101 0.0836853716108534
0 0.6340046882629394 0.29703125423855253 0.01506977081298828 0.06156879001193576
0 0.6154615661129356 0.28770861095852324 0.022992433980107307 0.07612785763210721
0 0.6524190470576287 0.3121092160542806 0.025588253140449525 0.061320728725857206
0 0.026049193739891053 0.40547358194986977 0.052098387479782106 0.08389265272352431
2 0.5775213241577148 0.41369222005208334 0.12579689025878907 0.3198983934190538
3 0.7684367954730987 0.3930766953362359 0.0352070689201355 0.08648173014322917
0 0.6996867179870605 0.29514844682481556 0.023381710052490234 0.0634465111626519
3 0.40828577280044553 0.6302200317382812 0.17594654560089112 0.1597487555609809
