0 0.6761761546134949 0.35525812572903104 0.038582015037536624 0.09225872887505425
2 0.6126358032226562 0.6816849072774251 0.15099921226501464 0.30118885040283205
1 0.6118331909179687 0.684706793891059 0.14654674530029296 0.30249159071180554
0 0.3457122441381216 0.26962324778238933 0.030855173617601393 0.07629063924153646
0 0.706787571310997 0.33893843756781683 0.03348072171211243 0.09193767971462674
0 0.07275883406400681 0.39506137635972766 0.046655741333961484 0.08948201073540582
0 0.9137909531593322 0.3558675977918837 0.042159533500671385 0.04157960679796007
0 0.03542915433645248 0.3829647594028049 0.030883601307868956 0.05510955386691623
3 0.6759150475263596 0.3549710392951965 0.03873263001441955 0.09413568443722195
3 0.6172010600566864 0.9109044816758898 0.2062228798866272 0.17454537285698785
