3 0.21205883026123046 0.6269298129611545 0.35144529342651365 0.746140374077691
1 0.43728725910186766 0.3176054848564996 0.059889912605285645 0.09425671895345052
0 0.7153360962867736 0.3626542303297255 0.04244434833526611 0.1016156726413303
0 0.8482368469238282 0.5387687259250217 0.045708847045898435 0.11635199652777778
0 0.6600475966930389 0.25972203148735895 0.014336681365966797 0.05496826171875
3 0.43599593341350557 0.3266938119505843 0.060064131021499635 0.0751262103103929
3 0.7157394260168075 0.3631156232621935 0.042080312967300415 0.10204598108927408
3 0.45663551688194276 0.2023687097761366 0.0581511378288269 0.15117726855807834
3 0.35669028940610586 0.5001802656385633 0.06968177193775774 0.38565470377604166
0 0.3834902852773666 0.24582895702785915 0.017667502164840698 0.06031453874376085
0 0.029700161144137382 0.395886845058865 0.04339096322655678 0.08015844557020399
0 0.40302341878414155 0.18400478892856173 0.011986953020095826 0.03740152782864041
0 0.41247497498989105 0.21858097712198893 0.01603007912635803 0.05637213389078776
0 0.33870341889560224 0.2665485594007704 0.01689097061753273 0.06542731391059028
0 0.5067413330078125 0.3098091697941224 0.015188145637512206 0.0404416104985608
0 0.3864238739013672 0.19144989649454752 0.021416616439819337 0.05022207895914713
0 0.2550670146942139 0.2886588202582465 0.04367647171020508 0.04691407945421007
0 0.3241834226995707 0.1981114387512207 0.007741845399141312 0.050680817498101126
0 0.11212077140808105 0.352880859375 0.0451970100402832 0.0651765611436632
