0 0.20413671731948851 0.49112684461805556 0.04889957904815674 0.12215508355034722
0 0.3485335107892752 0.29922299914889866 0.03421365693211555 0.07110669877794054
0 0.8858298540115357 0.6590159204271104 0.06921310424804687 0.16573475731743706
0 0.31316044330596926 0.47126407623291017 0.027655696868896483 0.09958966573079427
0 0.07403870224952698 0.3943009270562066 0.05046190023422241 0.09361809624565973
0 0.5400398135185241 0.28539726469251847 0.03049314022064209 0.04584950341118706
0 0.7610066413879395 0.5721382564968533 0.04880685806274414 0.13996158175998263
0 0.35906692743301394 0.22101110882229275 0.019035649299621583 0.06392964257134331
0 0.3108008146286011 0.30015654034084743 0.02189464569091797 0.061195860968695746
0 0.3963598132133484 0.31203577253553605 0.017689216136932372 0.06929389105902778
0 0.3675612464547157 0.3715418497721354 0.026854023337364197 0.07855623033311632
3 0.5716768264770508 0.2312646230061849 0.11461505889892579 0.1230287339952257
0 0.38611488342285155 0.28671017752753364 0.01767106056213379 0.07194605933295356
0 0.6276471018791199 0.26944828033447266 0.015600132942199706 0.0554229736328125
0 0.03265731483697891 0.38384284973144533 0.036154243350028994 0.05639775594075521
0 0.5930640459060669 0.1628167258368598 0.0140777587890625 0.030932490030924478
0 0.6176708698272705 0.17033942010667588 0.013676977157592774 0.029337766435411243
0 0.44975244998931885 0.31179756654633417 0.013670039176940919 0.027327610386742487
0 0.37518413066864015 0.23425924513075086 0.016047096252441405 0.05395270453559028
0 0.3955056071281433 0.21461056603325737 0.008364701271057129 0.04002685546875
0 0.3967405676841736 0.686537339952257 0.006518864631652832 0.030504692925347222
