0 0.2338036060333252 0.4408816443549262 0.03866720199584961 0.11800036960177951
2 0.6450237989425659 0.2947826544443766 0.11447105407714844 0.2360436863369412
0 0.8853216171264648 0.6529146830240885 0.0662689208984375 0.15821092393663194
0 0.07649284601211548 0.3910658942328559 0.05971078872680664 0.0840364244249132
0 0.7110293984413147 0.3256943172878689 0.01846497058868408 0.07773030598958333
0 0.5064102172851562 0.30918576108912627 0.013614273071289063 0.03886666985021697
3 0.4063981056213379 0.6318137062920465 0.1721712112426758 0.1581334008110894
0 0.031876183301210406 0.39084448284573026 0.03277227133512497 0.07094311184353298
1 0.572477912902832 0.33499849107530383 0.055056190490722655 0.0977262708875868
3 0.5953153491020202 0.5331083509657119 0.2360320806503296 0.3560055202907986
0 0.5601135730743408 0.206553586324056 0.01663522720336914 0.052771970960828994
