0 0.8008464813232422 0.5923798455132379 0.0663367748260498 0.1725095960828993
1 0.6987136840820313 0.8155985514322917 0.2194194793701172 0.35856598748101126
2 0.7024491786956787 0.8152454800075954 0.19656763076782227 0.34614537556966146
0 0.06072666645050049 0.7087244669596354 0.059676408767700195 0.17060953776041668
0 0.7157492071390152 0.3653979195488824 0.03715171217918396 0.09261419508192274
3 0.6552468061447143 0.803984726799859 0.13013138771057128 0.34290487501356337
0 0.3420730897691101 0.4315143585205078 0.04185057105496526 0.11593356662326389
1 0.5882251739501954 0.2896219889322917 0.05396537780761719 0.09242405361599393
0 0.28861496448516843 0.3961567984686957 0.03249945640563965 0.09571189880371093
0 0.2575898408889771 0.47423140207926434 0.03509073257446289 0.13618236117892796
0 0.34255261197686193 0.2568836424085829 0.020989184081554414 0.05244089762369792
1 0.4374165922403336 0.28923883438110354 0.051220434904098514 0.0958395004272461
0 0.08230962753295898 0.3949796040852865 0.0737964391708374 0.08533274332682292
0 0.3574498414993286 0.3467099401685927 0.026851749420166014 0.07216714223225912
3 0.5866474151611328 0.3128693501154582 0.05238347053527832 0.047960540983412
0 0.36462214440107343 0.28126245074801975 0.020005741715431215 0.06488255394829644
1 0.08138443231582641 0.3946792019738091 0.07890560626983642 0.09159506691826715
0 0.32597281701746394 0.3206831932067871 0.011106419714633376 0.06182854970296224
1 0.658837080001831 0.6733989927503797 0.1229508399963379 0.07542423672146267
0 0.39982729256153104 0.19421717325846355 0.013592547178268433 0.051684527926974824
0 0.310107684135437 0.2849731233384874 0.02022895812988281 0.06306186252170139
0 0.42236148416996 0.3145680586496989 0.023403114080429076 0.03815668953789605
2 0.5863263607025146 0.31319433159919247 0.053497695922851564 0.04794366941269901
0 0.6075615666806697 0.2977320777045356 0.014664630591869354 0.09410493638780382
3 0.8004317820072174 0.5931576940748426 0.06662200689315796 0.17630998823377822
0 0.5094346523284912 0.30537054273817277 0.021831035614013672 0.06511756049262153
0 0.38101868629455565 0.2085034476386176 0.01400008201599121 0.048918660481770834
3 0.5078659534454346 0.1732428338792589 0.04686551094055176 0.08342100779215494
0 0.4536130130290985 0.2250215530395508 0.018961012363433838 0.05102755228678386
1 0.7089232087135315 0.36479316817389595 0.022778582572937012 0.0915182007683648
0 0.4513853669166565 0.3151930703057183 0.018699383735656737 0.05102797614203559
