1 0.5514010787010193 0.360509098900689 0.05476920604705811 0.10016981760660808
0 0.2677065134048462 0.3654736836751302 0.03270864486694336 0.08230056762695312
0 0.6505525544285774 0.24507344563802083 0.025327703356742857 0.062093565199110246
0 0.07650834321975708 0.3950639936659071 0.05393223762512207 0.08442535400390624
0 0.7210091352462769 0.37706859376695423 0.03157355785369873 0.09813315073649088
0 0.685918140411377 0.3128150833977593 0.034874343872070314 0.06738397810194227
0 0.283432674407959 0.29782981872558595 0.029731369018554686 0.07415296766493056
0 0.4092718631029129 0.3129560624145799 0.02085840106010437 0.046317525456349054
3 0.8863012313842773 0.8232736163669162 0.22739753723144532 0.35345276726616753
3 0.4091701924800873 0.631575690375434 0.17771538496017455 0.15792287190755208
0 0.4061964780092239 0.2796937412685818 0.021086126565933228 0.0528791003757053
0 0.8563094019889832 0.5318757481045193 0.013226151466369629 0.05031515757242839
