0 0.7027976125478744 0.3940494855244954 0.03501899838447571 0.07934869130452474
1 0.5639394879341125 0.33252214855617945 0.06169617176055908 0.10831199222140842
1 0.5512679100036622 0.23639720280965168 0.04831066131591797 0.08099507225884331
0 0.7639296770095825 0.5250196880764432 0.03523590564727783 0.11433567470974393
2 0.563318383693695 0.3395102341969808 0.06179630756378174 0.09658308029174804
0 0.6108508825302124 0.22771760092841253 0.021794700622558595 0.05983350541856554
0 0.7093517154455184 0.3332463264465332 0.023446542024612427 0.052643903096516925
0 0.08291985988616943 0.40232891506618923 0.07824563980102539 0.08049163818359376
0 0.6737469255924224 0.3080442139878869 0.01627814769744873 0.03725824302269353
0 0.65767502784729 0.25289687050713433 0.024246072769165038 0.04814921485053168
3 0.6044955253601074 0.481715816921658 0.09889955520629883 0.20127122667100694
1 0.08350422829389573 0.4058030234442817 0.07626420557498932 0.08005417717827691
0 0.9968654632568359 0.39598958757188585 0.006201171875 0.05638804965549045
0 0.5065266072750092 0.3111334066838026 0.015052640438079834 0.04219050250119633
0 0.5400349140167237 0.35224666992823284 0.0152130126953125 0.05316994190216064
