3 0.14071735851466655 0.7945062319437662 0.25771218314766886 0.41098753611246747
3 0.6981063842773437 0.7325839572482639 0.11105079650878906 0.26451517740885416
1 0.6219877600669861 0.5029477861192492 0.09056656360626221 0.13688286675347222
3 0.43380012512207033 0.6354349772135417 0.10537586212158204 0.3693661159939236
0 0.8019551694393158 0.7342964808146158 0.042799198627471925 0.13828341166178384
0 0.7294450402259827 0.5349064297146268 0.025441360473632813 0.10342203776041667
1 0.5553212821483612 0.6245266808403863 0.11033974885940552 0.1713560316297743
0 0.692796128988266 0.5285394032796223 0.027244341373443604 0.10815853542751735
1 0.4423433065414429 0.3892359733581543 0.06257822513580322 0.12963716718885634
0 0.8092302322387696 0.5513183169894749 0.03222661018371582 0.12209515041775174
3 0.34279046058654783 0.42484546634886 0.07056198120117188 0.21463139057159425
0 0.6408720493316651 0.4088022232055664 0.01901068687438965 0.07587386237250435
0 0.8959404468536377 0.6598157776726616 0.03234786987304687 0.10885499318440756
0 0.08420458137989044 0.36916433705223933 0.04379608035087586 0.05986443095737033
0 0.5926272749900818 0.3428521898057726 0.01892211437225342 0.07927085028754341
0 0.6364635944366455 0.28609982596503364 0.015549230575561523 0.06453321244981554
0 0.5921750068664551 0.7371771918402777 0.049011611938476564 0.16667463514539932
0 0.6468145847320557 0.9205686357286241 0.05393342971801758 0.15886272854275174
0 0.4255025714635849 0.23525573942396377 0.012501031160354614 0.054485257466634116
0 0.7753705024719239 0.6137090047200521 0.03544559478759766 0.13627692328559027
0 0.8473801612854004 0.5860886467827691 0.028871917724609376 0.1245541042751736
0 0.6638749718666077 0.34578843646579316 0.019809412956237792 0.0786355972290039
0 0.8534847259521484 0.7109171549479166 0.04630279541015625 0.14742007785373265
0 0.29257529973983765 0.39088527891370983 0.020540690422058104 0.09517578548855252
3 0.46121606826782224 0.2393597920735677 0.040719103813171384 0.11784311930338541
0 0.34408984407782556 0.29904806349012586 0.017884887754917145 0.06266365051269532
0 0.548296308517456 0.8325785319010417 0.04488048553466797 0.1982089572482639
0 0.5325636863708496 0.21979183620876735 0.011769533157348633 0.05295533074273003
0 0.3212648034095764 0.29597106509738497 0.01767747402191162 0.06905466715494792
0 0.5839176177978516 0.9422438727484809 0.06362113952636719 0.11042090521918403
1 0.6776695251464844 0.6553304036458333 0.08468985557556152 0.11122979058159722
0 0.9285135269165039 0.6490141974555121 0.03777732849121094 0.13194207085503473
0 0.7784633636474609 0.45794236924913195 0.02999725341796875 0.10090162489149306
0 0.6979971885681152 0.45299962361653645 0.02772178649902344 0.1027297125922309
0 0.8132972955703736 0.4377349853515625 0.026959037780761717 0.08393758138020833
0 0.4739060401916504 0.33795125749376087 0.01708056926727295 0.08420524597167969
3 0.17359065711498262 0.5076705932617187 0.2468799650669098 0.4068810356987847
0 0.9572921752929687 0.9379703097873264 0.07272834777832031 0.11689317491319444
0 0.8624495744705201 0.43134833441840276 0.041187381744384764 0.07825681898328993
0 0.6172703266143799 0.2910795741611057 0.016596078872680664 0.06694681379530165
0 0.5709235191345214 0.27748724619547527 0.017006301879882814 0.07312821282280815
0 0.674334517121315 0.2679171562194824 0.02113153338432312 0.05113162994384766
0 0.9046209335327149 0.8247755262586806 0.07741928100585938 0.18763258192274307
0 0.7421028554439545 0.46937601301405163 0.026335179805755615 0.09327244228786892
0 0.4025458335876465 0.3448737780253092 0.020530474185943604 0.07423551347520617
1 0.38546364307403563 0.30018955866495767 0.028955984115600585 0.06932875315348307
0 0.5561144113540649 0.22414700190226236 0.012839221954345703 0.05625815921359592
1 0.381787072122097 0.24140362209743924 0.0362749844789505 0.05928497314453125
0 0.01343485713005066 0.33708970811631944 0.02686971426010132 0.07476594712999132
0 0.961275863647461 0.7539974636501736 0.034128570556640626 0.12645941840277777
0 0.48757227063179015 0.2970447858174642 0.017669403553009035 0.0695311016506619
2 0.14401087760925294 0.7382781558566623 0.28715853691101073 0.5234436882866753
0 0.7026532888412476 0.2927074220445421 0.034236907958984375 0.05911445617675781
0 0.9444677829742432 0.5598170280456543 0.01898360252380371 0.07018845876057943
1 0.4320828080177307 0.1803171475728353 0.022996854782104493 0.04772298600938585
0 0.3014512300491333 0.314852417839898 0.016705989837646484 0.05192705790201823
0 0.9544429421424866 0.516234482659234 0.025576186180114747 0.07092408074273003
0 0.3609644189476967 0.29235772026909723 0.017937955260276795 0.06758219401041667
0 0.601936137676239 0.2588010470072428 0.014664816856384277 0.0587848875257704
3 0.3899172389646992 0.9105683856540256 0.13809304949827492 0.1788632286919488
0 0.6064271211624146 0.31687370671166315 0.01458740234375 0.053550227483113604
0 0.5330780863761901 0.7726651509602864 0.01911489963531494 0.09384977552625869
2 0.44223107397556305 0.38926357560687597 0.061957639455795285 0.13210455841488308
3 0.4658754765987396 0.15030738512674968 0.02208782434463501 0.0563319206237793
0 0.5210564613342286 0.20602942572699653 0.010985946655273438 0.05160628424750434
3 0.5271434009075164 0.16996133592393664 0.024470102787017823 0.05125804477267795
0 0.6064105200770428 0.6538960774739583 0.012762203215970658 0.1083645290798611
0 0.7819335579872131 0.534771728515625 0.025235366821289063 0.0762363009982639
0 0.5542891025543213 0.7355814615885417 0.034050607681274415 0.08380126953125
3 0.39063034057617185 0.6121038013034397 0.018242025375366212 0.1980146196153429
0 0.3606812357902527 0.18167627122667102 0.011809992790222167 0.039747322930230033
0 0.27449952363967894 0.31131204844762883 0.015283894538879395 0.043878776207566264
