0 0.30868240594863894 0.48091856638590497 0.04265916347503662 0.11523891025119358
0 0.3807468041777611 0.4337824927435981 0.026888254284858703 0.08526975843641493
0 0.24990830421447754 0.4979699876573351 0.04088783264160156 0.13438381618923612
0 0.6883874654769897 0.3550309287177192 0.03135757446289063 0.07046453687879774
0 0.3576362207531929 0.30254476335313585 0.024906906485557555 0.08644994099934895
0 0.27664837837219236 0.6388123406304254 0.05263962745666504 0.14321331448025174
0 0.1546889066696167 0.5151614295111762 0.04662389755249023 0.14122721354166667
1 0.5981714010238648 0.2256970935397678 0.045869064331054685 0.07461073133680556
0 0.26556144952774047 0.340898726383845 0.024151158332824708 0.06358427339129978
0 0.0756415605545044 0.3940041012234158 0.05645742416381836 0.0684250725640191
0 0.3566437676548958 0.2403667238023546 0.02217867076396942 0.04018541971842448
0 0.5197544097900391 0.243998654683431 0.021596717834472656 0.06549263000488281
0 0.3872078776359558 0.27124321195814344 0.022810196876525878 0.07502871619330512
0 0.36109888553619385 0.7860248141818577 0.03885030746459961 0.13215772840711806
0 0.6106188513338566 0.22165252897474502 0.020859594643115997 0.07335834503173828
3 0.2770020365715027 0.6697454240587023 0.054035735130310056 0.2077130635579427
0 0.39526413977146146 0.19222189055548775 0.020446282625198365 0.048518170250786676
0 0.38895154893398287 0.30149232069444326 0.013872987031936646 0.024785602361791663
0 0.3098625183105469 0.7515612284342448 0.018708276748657226 0.037572818332248265
0 0.9967109441757203 0.3973377439710829 0.006454086303710938 0.05217340257432726
