0 0.7446723580360413 0.4080870946248372 0.037464141845703125 0.09693887498643664
1 0.565670645236969 0.3418828010559082 0.06548206806182862 0.11156614091661242
0 0.7005937576293946 0.3468543158637153 0.031549835205078126 0.11209988064236111
1 0.6154859066009521 0.4877347310384115 0.10278863906860351 0.1762939453125
1 0.5546271920204162 0.2641010390387641 0.043582701683044435 0.06611609988742405
0 0.8377653121948242 0.5980792575412326 0.04067916870117187 0.15564202202690972
0 0.680098631978035 0.2761185752020942 0.01696060299873352 0.054956605699327254
0 0.6310438990592957 0.24020989735921225 0.015064072608947755 0.06335305107964409
2 0.5657124876976013 0.34395394325256345 0.06611206531524658 0.10870680279201932
3 0.6328192293643952 0.48473552068074544 0.06563845872879029 0.1775408214992947
0 0.07663933634757995 0.3956108093261719 0.05829876661300659 0.06665005154079862
0 0.5752749681472779 0.1631084548102485 0.014323568344116211 0.0390917248196072
0 0.6192281194031238 0.20682027604844835 0.014633606374263763 0.03786968655056423
0 0.5068017959594726 0.30836849212646483 0.015727305412292482 0.03895920647515191
3 0.6997369408607483 0.34776269594828285 0.03371322154998779 0.10974285337660047
3 0.40804241418809395 0.6253842247856988 0.1753945207601646 0.17145377265082465
