1 0.7440186083316803 0.5345746570163303 0.1281885027885437 0.16689940558539496
0 0.3601897105574608 0.2654295285542806 0.027056458592414855 0.0661272472805447
0 0.07959861159324647 0.39870787726508244 0.06414285898208619 0.0767181396484375
0 0.5601905822753906 0.3073751555548774 0.017783164978027344 0.07282899220784506
0 0.338916540145874 0.25074263678656683 0.018799304962158203 0.06479136149088542
0 0.31675076484680176 0.30188166300455727 0.029300117492675783 0.0934572007921007
0 0.7002690196037292 0.551430172390408 0.0400869607925415 0.1636522928873698
3 0.7433095276355743 0.5339162084791396 0.1284495234489441 0.16771013471815321
0 0.40290766060352323 0.22657525804307727 0.015059834718704224 0.04359300401475694
0 0.031643178686499594 0.3960677252875434 0.03830837681889534 0.07865532769097222
0 0.3533871531486511 0.38403095139397514 0.019881892204284667 0.035731305016411676
0 0.42214125096797944 0.4027075714535183 0.017379575967788698 0.04996029535929362
