3 0.846517413854599 0.8156654569837782 0.28922592401504515 0.3686690860324436
0 0.7368007361888885 0.6091353416442871 0.032881319522857666 0.11709283192952474
0 0.7049749851226806 0.5076426612006293 0.02923431396484375 0.11387134128146702
0 0.6499637603759766 0.48005540635850696 0.0264801025390625 0.1158036126030816
0 0.2602099895477295 0.7497490776909722 0.04853363037109375 0.16262410481770834
0 0.395921927690506 0.4206262376573351 0.02442634105682373 0.09658788045247396
0 0.1684891939163208 0.6355695512559679 0.037419700622558595 0.15477845933702256
0 0.3268319606781006 0.4599931504991319 0.024886035919189455 0.12141520182291667
0 0.2846556544303894 0.38151472939385306 0.021722960472106933 0.09171746571858724
0 0.27256431579589846 0.516770256890191 0.031542491912841794 0.13309190538194443
0 0.5698918581008912 0.19426858160230848 0.011337661743164062 0.04659797880384657
0 0.8124982833862304 0.6333991156684028 0.049350738525390625 0.13588697645399306
0 0.3650782272219658 0.37155993779500324 0.02006106674671173 0.08166573842366537
0 0.3335470321588218 0.3631113052368164 0.021205025352537633 0.08193821377224392
0 0.5875599265098572 0.1968326727549235 0.012344670295715333 0.05008423063490126
0 0.8554543375968933 0.6161878161960178 0.03999550342559814 0.12904040018717447
0 0.08868143558502198 0.3636161804199219 0.052228116989135744 0.08219790988498264
0 0.9531475067138672 0.7966725667317708 0.06387138366699219 0.14604831271701388
0 0.3503698825836182 0.31041748258802626 0.01604485511779785 0.06894681718614366
0 0.8612422227859498 0.4326992670694987 0.043663406372070314 0.07471054924858941
0 0.38753218948841095 0.28881747987535267 0.015334969758987427 0.06541483137342664
0 0.4236119270324707 0.34406475490993926 0.01957855224609375 0.08874952528211806
3 0.4503750801086426 0.2579684787326389 0.047179794311523436 0.12713546752929689
0 0.777759313583374 0.46524056328667535 0.04862852096557617 0.09297909206814237
0 0.552986490726471 0.18858032756381565 0.010908961296081543 0.04849780400594075
0 0.7027351498603821 0.2911151568094889 0.03507950305938721 0.060942522684733075
1 0.5109569609165192 0.16630479494730632 0.02233079671859741 0.04377230538262261
0 0.41807972490787504 0.18747151692708333 0.011405795812606812 0.04361317952473958
0 0.7538692116737366 0.5366556803385417 0.021056866645812987 0.09094225565592448
1 0.4499679923057556 0.30476874907811485 0.04114484786987305 0.03052850564320882
0 0.32807518243789674 0.2889420615302192 0.018042969703674316 0.06450309753417968
0 0.27281143665313723 0.3117800225193302 0.018735122680664063 0.04467446220417817
0 0.4061795353889465 0.3025064786275228 0.014710140228271485 0.06404399871826172
0 0.3631464779376984 0.23772656122843425 0.015418660640716553 0.05225844913058811
0 0.4199527591466904 0.2539592636956109 0.01190844178199768 0.05723768870035807
0 0.8138340473175049 0.46359134780036076 0.024153375625610353 0.06287149853176541
2 0.4520720064640045 0.25449130800035263 0.045549070835113524 0.12089239756266276
0 0.3633444309234619 0.9575600941975911 0.052290153503417966 0.08487981160481771
0 0.7386522471904755 0.4969385464986165 0.021392977237701415 0.08823045094807942
0 0.4851946890354156 0.2839724434746636 0.01595245599746704 0.06433648003472223
0 0.3663231819868088 0.3145136170917087 0.014594835042953492 0.051249456405639646
0 0.6753442525863648 0.26949794557359485 0.02694091796875 0.04805728064643012
0 0.26689395904541013 0.4368962658776177 0.022982025146484376 0.07502868440416124
3 0.7061957597732544 0.8572690116034614 0.02782135009765625 0.21248181660970053
0 0.014096975326538086 0.3366225348578559 0.028193950653076172 0.07508027818467881
0 0.40402039885520935 0.3503373569912381 0.02117948532104492 0.07815973493787977
3 0.4641154885292053 0.11956541273328992 0.01733059883117676 0.04172888861762153
0 0.9410573720932007 0.4645450433095296 0.018996429443359376 0.07808557086520725
