0 0.11974066495895386 0.738783688015408 0.06539227962493896 0.15726521809895833
0 0.18206642866134642 0.44921304914686416 0.0375863790512085 0.09350369771321615
0 0.06517887264490127 0.6430619557698568 0.05428005158901215 0.13198784722222223
0 0.658003282546997 0.34968609280056423 0.04206571578979492 0.10767288208007812
0 0.23009201288223266 0.5059272607167562 0.042983412742614746 0.10759704377916124
0 0.2747427821159363 0.35307869381374785 0.0347937822341919 0.08514900207519531
3 0.6575312867760659 0.35068011085192363 0.041503867506980895 0.10495600567923652
0 0.45646497011184695 0.3252803908454047 0.0318312406539917 0.07626035478379992
0 0.41017986536026 0.3384950213962131 0.028730225563049317 0.08399848937988282
0 0.35565583407878876 0.3808833228217231 0.0357626736164093 0.08360731336805556
0 0.07410773038864135 0.393407948811849 0.05169045925140381 0.08926476372612847
0 0.275926673412323 0.4569244596693251 0.03375136852264404 0.10035794576009115
0 0.16691142916679383 0.5337547726101346 0.05297898054122925 0.12284444173177084
0 0.37682011872529986 0.2715383953518338 0.02301304042339325 0.0631439208984375
3 0.4560299038887024 0.3270233699844943 0.03250341415405274 0.07302314655648337
0 0.20509893894195558 0.282898924085829 0.03769173622131348 0.06513307359483507
0 0.29903593063354494 0.3227269066704644 0.024259185791015624 0.07543758816189236
0 0.40171217918395996 0.2672586864895291 0.017825257778167725 0.058665635850694446
0 0.03051186129450798 0.3815070046318902 0.03826996833086014 0.05136646694607205
0 0.39260058403015136 0.22801068623860676 0.016475486755371093 0.05235629611545139
1 0.12355057299137115 0.6857881757948133 0.0683893620967865 0.04791556464301215
0 0.3744637489318848 0.21200981140136718 0.016298675537109376 0.05318501790364583
0 0.40885406732559204 0.47317111757066516 0.0203590989112854 0.059489038255479604
1 0.528425532579422 0.16087531513637968 0.028997504711151124 0.040459325578477645
3 0.4108535021543503 0.3294808636109034 0.026724034547805788 0.06695029271973504
0 0.3427125453948975 0.2694048351711697 0.02240762710571289 0.0734881083170573
1 0.5430144488811492 0.2485705057779948 0.045651018619537354 0.07386368645562066
0 0.11077299118041992 0.9007907443576388 0.07664268016815186 0.19095628526475694
0 0.397215461730957 0.352875468466017 0.005527353286743164 0.0365288151635064
