0 0.8463112831115722 0.7439909193250868 0.0905496597290039 0.2018273671468099
0 0.6836535215377808 0.39389282862345376 0.04079868793487549 0.10003867679172092
0 0.3715753197669983 0.2973777241177029 0.036440587043762206 0.08479607899983724
0 0.7289533853530884 0.5063796149359809 0.04629795551300049 0.11538196139865452
1 0.8461262941360473 0.7412024392022027 0.09067573547363281 0.20774014790852866
0 0.7300884366035462 0.40590924157036673 0.03375380039215088 0.09523438347710503
0 0.10399736166000366 0.5895489162868923 0.050653505325317386 0.12732137044270833
0 0.07344313263893128 0.3944504737854004 0.04675348997116089 0.09509690602620442
0 0.6015405654907227 0.21362817552354602 0.016108894348144533 0.04368858337402344
0 0.02883814983069897 0.397125604417589 0.044982341676950456 0.08186319139268664
0 0.7127698540687561 0.18119317690531414 0.014803910255432129 0.04875162972344293
0 0.3929665207862854 0.18468698925442165 0.019030702114105225 0.036687617831759986
3 0.4124965488910675 0.6321292453342013 0.184368097782135 0.15754759046766492
0 0.3485392093658447 0.22375813590155708 0.02225203514099121 0.047310659620496964
