0 0.6555869698524475 0.5110958046383328 0.02783501148223877 0.11270464791191949
0 0.3696987271308899 0.45310681660970054 0.02623029947280884 0.11749844021267361
0 0.7015030741691589 0.5797408633761936 0.033613038063049314 0.11694268120659722
3 0.4466548144817352 0.21145558887057833 0.03196786642074585 0.08856851789686415
0 0.7565659523010254 0.5566148546006945 0.031018447875976563 0.13417858547634548
1 0.4447444647550583 0.4539570702446832 0.05937381386756897 0.12836744520399307
0 0.7212109565734863 0.7223256429036459 0.03957805633544922 0.16490211486816406
1 0.4394675731658936 0.7609953138563368 0.16385183334350586 0.21649174160427517
3 0.5346459567546844 0.2514376958211263 0.039213478565216064 0.09779493543836805
1 0.5975383043289184 0.40267669889662 0.06711759567260742 0.09819418589274088
0 0.8213326513767243 0.7206471761067709 0.04749420881271362 0.14176661173502605
0 0.16708496809005738 0.3959529876708984 0.0546985387802124 0.08886905246310764
0 0.7191391587257385 0.3954421679178874 0.0216111421585083 0.09342174530029297
0 0.33401150032877924 0.3550072564019097 0.02085784524679184 0.08411085340711806
0 0.03621633648872376 0.5164909362792969 0.05186997652053833 0.10409817165798611
1 0.44772322177886964 0.3199716250101725 0.0446549654006958 0.09808351728651259
0 0.23024519681930541 0.3871347427368164 0.05011951923370361 0.07438638475206164
0 0.5138909578323364 0.4732726626925998 0.025639724731445313 0.10986768934461806
0 0.6779403865337372 0.43612504535251195 0.022321271896362304 0.0852680418226454
0 0.374599027633667 0.31587349573771156 0.01597766876220703 0.0539692136976454
0 0.887507438659668 0.7154298570421007 0.05032672882080078 0.1442440456814236
0 0.7028980374336242 0.2932030571831597 0.03437149524688721 0.05839042663574219
0 0.6428826570510864 0.37054356469048394 0.017794883251190184 0.07758098178439671
0 0.6651056349277497 0.35264226065741644 0.019937121868133546 0.07940938737657335
0 0.40758283734321593 0.21721286773681642 0.012703251838684083 0.054493543836805554
0 0.8323312044143677 0.5873725043402778 0.045537900924682614 0.10531709459092882
0 0.5646076321601867 0.2676501909891764 0.013557505607604981 0.06264981163872613
0 0.6073376536369324 0.2863780763414171 0.015929341316223145 0.06682476467556424
0 0.07380826473236084 0.38598430156707764 0.03067399263381958 0.06852737532721626
0 0.5907873153686524 0.31689297358194984 0.018792724609375 0.07641654544406468
0 0.40185734033584597 0.3374296188354492 0.017409801483154297 0.07891366746690538
0 0.26183595657348635 0.3626347859700521 0.03339300155639648 0.0838261710272895
0 0.2055594205856323 0.8302927652994792 0.04491658210754394 0.1892784966362847
0 0.3070348620414734 0.31372488604651555 0.015255999565124512 0.04967199431525336
0 0.697820970416069 0.48972562154134114 0.02523670792579651 0.08445337083604601
0 0.47712196707725524 0.2557448493109809 0.012536323070526123 0.060499784681532116
0 0.9427408218383789 0.8325391133626302 0.06541461944580078 0.14291754828559028
0 0.22920916080474854 0.9222028096516927 0.06168527603149414 0.14814351399739584
0 0.6277778506278991 0.3347876018948025 0.019428944587707518 0.07579536437988281
0 0.3763793870806694 0.259201357099745 0.014643993973731995 0.06176980336507162
0 0.653212058544159 0.3162618319193522 0.019811034202575684 0.06784335242377387
1 0.5219751358032226 0.959990734524197 0.15310211181640626 0.08001853095160591
1 0.458880352973938 0.15204657978481717 0.019505882263183595 0.03759948942396376
0 0.768576192855835 0.9421748691134982 0.06502656936645508 0.10908101399739584
0 0.3813668847084045 0.19069359567430283 0.0125083327293396 0.04550773832533095
0 0.34815600886940956 0.27131951649983727 0.016357718408107756 0.06471239725748698
1 0.43277549743652344 0.14599108166164823 0.01862468719482422 0.03599853515625
1 0.5152161061763764 0.19465736283196344 0.026049339771270753 0.04664252599080403
0 0.3885233223438263 0.4224818335639106 0.0204373836517334 0.09384273952907986
0 0.5840618252754212 0.27004112667507596 0.014255070686340332 0.061393059624565975
0 0.9398964881896973 0.6867563565572102 0.04039855003356933 0.08979023827446832
0 0.6046256329864264 0.24680888917711047 0.009251265972852706 0.051066017150878905
0 0.863297164440155 0.43159715864393444 0.040363001823425296 0.08033943176269531
0 0.7574928283691407 0.4748011271158854 0.02762184143066406 0.09268222384982638
0 0.8838878631591797 0.9123224894205729 0.06760520935058593 0.1676513671875
0 0.7656543254852295 0.3898343404134115 0.026592445373535157 0.07628021240234376
1 0.5448928475379944 0.18446520169576008 0.022054362297058105 0.044186941782633465
0 0.8111742019653321 0.4243615892198351 0.025983810424804688 0.09638010660807292
0 0.7078760981559753 0.6823832194010416 0.024872803688049318 0.05729302300347222
0 0.3278031024383381 0.3151012400786082 0.013515698304399849 0.03909344540701972
0 0.013826996088027954 0.3368027157253689 0.027653992176055908 0.07485690646701389
0 0.27345656156539916 0.31064576043023 0.01850144863128662 0.04243829515245226
3 0.4476791024208069 0.32886702749464247 0.04557843208312988 0.07995627721150717
0 0.3964086174964905 0.20044351153903536 0.007182765007019043 0.043786811828613284
0 0.6753050684928894 0.2666994412740072 0.02443253993988037 0.0527706782023112
1 0.7003343045711518 0.305243550406562 0.0275288462638855 0.032709323035346134
3 0.37766050100326537 0.7370884153578017 0.044678997993469236 0.14169561598036023
0 0.3463923692703247 0.2956333429293914 0.012475728988647461 0.013397891519384251
1 0.5342203140258789 0.29608802464273243 0.037033462524414064 0.014398271507687039
0 0.9713691711425781 0.6957587348090277 0.05502185821533203 0.13369950188530816
