3 0.8578675806522369 0.7951870388454861 0.26413062810897825 0.4096259223090278
3 0.8143835067749023 0.5061747021145291 0.30329246520996095 0.3868421342637804
1 0.5492535412311554 0.36580743789672854 0.07114089727401733 0.1358888202243381
0 0.36177612394094466 0.21509048673841688 0.02419075071811676 0.04993008507622613
0 0.0753523051738739 0.3947103712293837 0.05363677740097046 0.0865995619032118
0 0.6608199834823608 0.2708339055379232 0.027146148681640624 0.05719028049045139
2 0.5502443492412568 0.3657402154472139 0.07092467546463013 0.13475913802782694
0 0.39094423353672025 0.2605224927266439 0.022494620084762572 0.06819689008924697
0 0.6833086222410202 0.27487382888793943 0.018750149011611938 0.042058838738335505
0 0.3325384855270386 0.2916377173529731 0.030296134948730468 0.07028435601128472
0 0.21404242515563965 0.4872183905707465 0.04946192502975464 0.11770604451497396
0 0.6311711594462395 0.22590973112318252 0.017562875151634218 0.04449748992919922
0 0.6202657066285611 0.19589926931593155 0.014742685854434967 0.042933389875623916
0 0.7128248274326324 0.235735289255778 0.015058863162994384 0.05028663211398655
2 0.815339183807373 0.6561667442321777 0.35693912506103515 0.6876665115356445
3 0.6291452407836914 0.5025744650099012 0.05829048156738281 0.41707329220241973
0 0.41073556840419767 0.13916288481818306 0.013304024934768677 0.033514944712320964
0 0.5871744275093078 0.14455603493584526 0.02012016773223877 0.03533352745903863
0 0.43145168423652647 0.19991265932718913 0.01803039312362671 0.04546386930677626
0 0.003487507998943329 0.400942415661282 0.006967583298683166 0.04204861323038737
