0 0.8169029712677002 0.509303273095025 0.028449249267578126 0.08364946577284071
0 0.2194140911102295 0.4273726357354058 0.028429794311523437 0.08307482401529948
0 0.6735729992389679 0.3685118039449056 0.02353271245956421 0.08675136566162109
0 0.21608369350433348 0.5246117485894097 0.034823274612426756 0.11865386962890626
0 0.8452119827270508 0.6530425177680121 0.05597248077392578 0.16870625813802084
1 0.4003448486328125 0.546722412109375 0.08605155944824219 0.18683251274956597
3 0.4116956114768982 0.23057441181606717 0.07155380249023438 0.17370496326022677
0 0.36781598776578905 0.2220184326171875 0.017513135075569154 0.04990607367621528
0 0.3863368988037109 0.27431745529174806 0.02264251708984375 0.06585687001546224
0 0.34294535163789985 0.22582699457804362 0.03296608440577984 0.050634278191460505
1 0.42169342041015623 0.3490426805284288 0.054913997650146484 0.09700444539388021
0 0.07646095752716064 0.39724078708224825 0.05880494117736816 0.07104560004340278
0 0.03615682795643806 0.3819961653815375 0.029568313062191008 0.053216446770562066
3 0.4175835639238358 0.34695431523852877 0.05216643214225769 0.09158235920800104
3 0.3788569688796997 0.5486176331837972 0.041817331314086915 0.19891163508097331
