3 0.5713074684143067 0.39083709716796877 0.07852802276611329 0.17864818572998048
1 0.6777900338172913 0.47183594173855253 0.08413002490997315 0.13701345655653213
0 0.2576262950897217 0.4389224582248264 0.03000221252441406 0.10602527194552952
0 0.7438524842262269 0.6662229855855306 0.03597800731658936 0.13864142100016277
3 0.36900036334991454 0.8584024853176541 0.061999273300170896 0.2831950293646918
3 0.5138293087482453 0.18049286206563314 0.03797997236251831 0.07374811172485352
0 0.4924439251422882 0.7114005936516656 0.046160662174224855 0.1489225811428494
0 0.8438706398010254 0.8058095296223958 0.046246910095214845 0.1736263699001736
3 0.46055078506469727 0.20447703467475042 0.03371913433074951 0.09013163248697917
0 0.797254866361618 0.6426979064941406 0.03916465044021607 0.12037734985351563
0 0.5314137458801269 0.8568637424045139 0.04725570678710937 0.18303731282552083
0 0.21311256885528565 0.3747951931423611 0.04865574836730957 0.08387722439236112
0 0.8230012893676758 0.5502400292290581 0.03256416320800781 0.11929838392469617
0 0.7495103597640991 0.5315487967597113 0.025468277931213378 0.10834227667914496
0 0.7281053960323334 0.4311590830485026 0.02297760248184204 0.08689914279513888
0 0.7881600379943847 0.8011531405978732 0.044061279296875 0.1712739732530382
0 0.7775770664215088 0.5171048482259114 0.024553680419921876 0.11576826307508681
0 0.3117996692657471 0.32526698642306856 0.020561885833740235 0.08660744561089409
3 0.373325514793396 0.25096717410617403 0.051618194580078124 0.12498406304253472
0 0.5257453441619873 0.684006585015191 0.03029041290283203 0.15565897623697916
0 0.43565069437026976 0.21649327807956273 0.012551236152648925 0.04777503543429905
0 0.08515831232070922 0.36487261454264325 0.04565455913543701 0.07239006890190972
3 0.44713802337646485 0.2976227230495877 0.04407510757446289 0.10703099568684896
0 0.15102778673171996 0.3702948252360026 0.04943768978118897 0.08035413953993055
0 0.6564282298088073 0.37117337120903865 0.023290848731994628 0.07667833964029948
0 0.33897206783294676 0.3561809963650174 0.020733165740966796 0.09404093424479167
0 0.32428802251815797 0.28521603478325736 0.01579926013946533 0.06512383355034722
0 0.4080134600400925 0.29193209542168513 0.01425594687461853 0.06469389597574869
0 0.6058321203294327 0.2517728805541992 0.011592397987260483 0.05380299886067708
0 0.5186923027038575 0.5840235816107856 0.03247079849243164 0.13666534423828125
3 0.541065788269043 0.2563834296332465 0.057788658142089847 0.11611294216579861
0 0.6867279052734375 0.3528580135769314 0.020887231826782225 0.07400419447157118
1 0.43133911192417146 0.17201526959737143 0.022160714864730834 0.039514848921034074
0 0.7023982733488083 0.3764302677578396 0.019964295625686645 0.07922606998019749
1 0.6157059669494629 0.32515415615505644 0.03723897933959961 0.08101374308268229
2 0.6144426345825196 0.3248249324245585 0.043281173706054686 0.07014594500263532
1 0.39539668560028074 0.8579508463541666 0.119044828414917 0.27668524848090276
0 0.013587559759616851 0.33740386962890623 0.027175119519233702 0.07576556735568576
1 0.3741894900798798 0.30221709357574583 0.05389772653579712 0.026256980891856883
3 0.6769538998603821 0.47431358761257597 0.08584983348846435 0.1393424563937717
0 0.8718644976615906 0.444444825914171 0.024656033515930174 0.06338721381293402
2 0.5630668520927429 0.2063906404707167 0.05528733730316162 0.09352509180704753
0 0.8089868247509002 0.41323168012830946 0.022851717472076417 0.0793876224093967
0 0.6676924139261246 0.3154880311754015 0.018059080839157103 0.06524887084960937
0 0.27406647205352785 0.31137380202611287 0.016019201278686522 0.043230875333150225
2 0.4417895138263702 0.13204103575812445 0.02221027612686157 0.04597836600409614
0 0.6445084571838379 0.327176390753852 0.01850094795227051 0.07511956956651476
0 0.6248592451214791 0.26729764938354494 0.015859356522560118 0.05323056115044488
0 0.6055866803973913 0.4157523685031467 0.01117336079478264 0.10341686672634548
0 0.7030020117759704 0.2902272542317708 0.033543848991394044 0.06017116970486111
0 0.649246072769165 0.2829382366604275 0.017642736434936523 0.05503226386176215
