0 0.5483514547348023 0.39119997024536135 0.028318405151367188 0.09559383392333984
1 0.6814931377768516 0.39583486980862087 0.09337938129901886 0.14314513736301
1 0.6621248006820679 0.5648587120903863 0.11060729026794433 0.2009552001953125
0 0.28940269947052 0.3794654740227593 0.02915029525756836 0.10000934600830078
0 0.08007099330425263 0.4005305608113607 0.05967455506324768 0.06968404981825087
0 0.3932831108570099 0.25042778650919595 0.024013113975524903 0.07393690745035807
0 0.3417931944131851 0.23434943093193902 0.018864268064498903 0.059094344245062935
0 0.31909390687942507 0.2935145060221354 0.02113921642303467 0.06680005391438802
0 0.27691404819488524 0.5032557169596354 0.040779638290405276 0.12772216796875
2 0.45042807161808013 0.24901303185356988 0.0671522557735443 0.14115575154622395
0 0.3685910001397133 0.25336589813232424 0.021862491965293884 0.05970221625434028
3 0.44925775527954104 0.2523705800374349 0.06647911071777343 0.13668416341145834
0 0.35187520980834963 0.3223679436577691 0.022304534912109375 0.08699459499782985
0 0.0333183579146862 0.3965142991807726 0.034595920145511626 0.08103391859266493
0 0.41559402346611024 0.17300460073682997 0.011706006526947022 0.03480469385782878
0 0.5043994903564453 0.3086679357983586 0.010717320442199706 0.039347446223513945
0 0.39822847247123716 0.19216145939297147 0.012843751907348632 0.04411844677395291
0 0.5181137084960937 0.2674224959479438 0.02032332420349121 0.06198147667778863
0 0.9966947197914123 0.39693094889322916 0.006426548957824707 0.054300689697265626
0 0.4630734324455261 0.3072805240543352 0.019843864440917968 0.03550159769753615
0 0.6036080270248931 0.1481240537431505 0.006967286916915327 0.03869009017944336
0 0.42755948901176455 0.1590503321753608 0.010861814022064209 0.03255696826510959
0 0.32704644292825835 0.23277276357014973 0.013097719545476139 0.055103429158528644
