0 0.2859566569328308 0.5869700961642795 0.043358778953552245 0.12402250501844618
0 0.8096918106079102 0.5396162245008681 0.044500732421875 0.11697345309787327
1 0.5761521577835083 0.34502828386094836 0.0643537998199463 0.10907334221733941
0 0.16079193353652954 0.6833443535698784 0.06157348155975342 0.19146385192871093
0 0.3733809396624565 0.27833100424872503 0.025051632523536684 0.06249247656928168
0 0.6726300030946731 0.27805553012424045 0.02189372181892395 0.060261238945855035
0 0.3374062184244394 0.2520179324679904 0.018029247969388963 0.06111912197536892
3 0.16052135825157166 0.6843261824713813 0.0616625189781189 0.1926015853881836
3 0.44622039794921875 0.23628052605523003 0.0709188461303711 0.16079779730902777
0 0.3828025937080383 0.21745324664645724 0.01762268543243408 0.06408774058024089
0 0.31075687408447267 0.28281549877590606 0.02447829246520996 0.07179385291205512
0 0.0789768397808075 0.4010913848876953 0.056890809535980226 0.06407224867078994
2 0.5761420130729675 0.34667988253964316 0.06524865627288819 0.10763078464402093
0 0.40632630288600924 0.2241197903951009 0.017508870363235472 0.06569398244222005
0 0.6992822647094726 0.42177639007568357 0.02683112621307373 0.10194282531738282
0 0.6847802579402924 0.37339463763766817 0.02566103935241699 0.08837172190348307
2 0.4446610450744629 0.23786816596984864 0.07922770977020263 0.15807837380303277
0 0.03136819265782833 0.40148071712917754 0.03855339959263802 0.09046033223470053
0 0.22470574378967284 0.4461950514051649 0.02389078140258789 0.08920355902777778
0 0.2956751108169556 0.7002954059176975 0.019762516021728516 0.02137099372016059
0 0.3528168112039566 0.6327118555704753 0.007330834865570068 0.020625940958658853
0 0.5069907784461976 0.3135363679793146 0.015321803092956544 0.043961451782120596
0 0.6041038192808628 0.34010199440850153 0.008207638561725617 0.0789594226413303
0 0.7121598482131958 0.18379778332180446 0.015204906463623047 0.04945524003770616
