0 0.6052448987960816 0.4338574939303928 0.02587547302246094 0.08456391228569879
1 0.4884586036205292 0.34370924631754557 0.09164253473281861 0.07327630784776476
1 0.46331043243408204 0.2525389035542806 0.03041198253631592 0.061193233066134986
0 0.8713689804077148 0.5310127682156033 0.07176551818847657 0.10450125800238716
0 0.4832528531551361 0.4219279342227512 0.03625191450119018 0.08711317910088433
0 0.5397581815719604 0.43397915098402234 0.031790542602539065 0.0861054950290256
0 0.5966163635253906 0.3682986299196879 0.023551034927368163 0.07890102863311768
0 0.23135871887207032 0.5004542880588108 0.07197065353393554 0.10704583062065973
3 0.8494561791419983 0.8227792316012912 0.2791208028793335 0.3544415367974175
0 0.3082482576370239 0.31846368577745227 0.017909717559814454 0.07151612175835503
1 0.06605288982391358 0.7224449157714844 0.13110578060150146 0.20103335910373263
0 0.05357112288475037 0.5104689280192057 0.07053664922714234 0.10564236111111111
0 0.5755342602729797 0.20547911326090496 0.012877726554870605 0.050179545084635416
0 0.540856122970581 0.297682433658176 0.01773228645324707 0.06963719262017144
0 0.42322448194026946 0.4396537039015028 0.036051660776138306 0.09309834374321832
0 0.5574406862258912 0.23820313347710503 0.012341165542602539 0.057014253404405385
0 0.6690123558044434 0.29922398461235894 0.020081806182861327 0.07830713060167101
1 0.053057342767715454 0.43973168267144097 0.10611468553543091 0.10524300469292534
0 0.5350646257400513 0.1958961327870687 0.010881900787353516 0.046616183386908636
0 0.34086384773254397 0.2982069969177246 0.019802236557006837 0.0640363269382053
1 0.4630488395690918 0.19376224941677517 0.0264113187789917 0.05299364725748698
1 0.4287097483873367 0.18134115007188584 0.020609897375106812 0.04262886047363281
0 0.3447856955230236 0.24453457726372613 0.013293339312076569 0.05555432637532552
0 0.5295706510543823 0.2470195664299859 0.012261772155761718 0.05598286522759332
0 0.7031601786613464 0.2916924370659722 0.03409750461578369 0.06106215582953559
0 0.434357488155365 0.2972781711154514 0.019035148620605468 0.06855091518825955
1 0.4148317724466324 0.2309798240661621 0.028322142362594605 0.053440623813205294
0 0.5092017412185669 0.19832652409871418 0.010704112052917481 0.04638551076253255
0 0.5218360960483551 0.22336708704630534 0.011440598964691162 0.04865712059868706
0 0.39236160218715666 0.2089165581597222 0.013238412141799927 0.05091946919759115
0 0.37293639183044436 0.38234859042697483 0.05025568008422852 0.0757859124077691
0 0.36791253089904785 0.31515915393829347 0.02224440574645996 0.052540530098809136
0 0.3269603948283475 0.2728899319966634 0.013079143466893584 0.05910939110649956
0 0.405403071641922 0.29451607598198787 0.025997614860534667 0.06869600084092882
0 0.7150390982627869 0.342378478580051 0.01054680347442627 0.06627945370144314
0 0.37277434915304186 0.23905523088243272 0.01544194519519806 0.05497851901584201
0 0.224955952167511 0.46390000979105633 0.02252662181854248 0.0660862922668457
0 0.6376770853996276 0.2272632598876953 0.015082859992980957 0.04925371805826823
0 0.39417253732681273 0.26724521848890515 0.011654925346374512 0.06362319522433811
0 0.8138482511043549 0.439206420050727 0.027724993228912354 0.08040055168999566
3 0.4634779095649719 0.14143142170376247 0.02543179988861084 0.055957486894395614
0 0.013406649231910706 0.33996480305989585 0.02681329846382141 0.07209811740451388
0 0.9279840469360352 0.5548341009351943 0.022737646102905275 0.06320709652370876
0 0.5486070871353149 0.18997058338589137 0.010099506378173828 0.04041422737969293
0 0.509296840429306 0.14866547054714627 0.008616340160369874 0.035203107198079425
1 0.33003461360931396 0.1759132809109158 0.01944422721862793 0.04448076883951823
0 0.11516288816928863 0.3582877132627699 0.03526100516319275 0.06020304891798231
0 0.5479381084442139 0.2617603937784831 0.015358734130859374 0.05985382927788629
0 0.8616843461990357 0.42849422030978734 0.03939275741577149 0.0711398654513889
