0 0.1350026845932007 0.7716567145453559 0.049556732177734375 0.16273990207248265
0 0.3040829062461853 0.3654348479376899 0.028005146980285646 0.07510335710313586
0 0.3272678375244141 0.27917728424072263 0.024763202667236327 0.0814162360297309
0 0.7233781516551971 0.3639337221781413 0.02433849573135376 0.09540865156385633
0 0.3104344606399536 0.448437139723036 0.03416008949279785 0.10039778815375434
1 0.5387251317501068 0.25153019163343643 0.04233108758926392 0.061656083001030815
0 0.6649742811918259 0.3081266297234429 0.02628808617591858 0.06281074947781033
0 0.8790491104125977 0.6190811581081814 0.05139350891113281 0.1320782979329427
0 0.6525184452533722 0.2514851888020833 0.014732563495635986 0.05381503634982639
1 0.09207194745540619 0.40450568728976777 0.08388059735298156 0.09664904276529948
0 0.07700775861740113 0.3993300543891059 0.05619633197784424 0.09115990532769097
0 0.6246072001755237 0.22188683615790472 0.0162595197558403 0.05464551713731554
0 0.03290180042386055 0.3956385930379232 0.03397558778524399 0.07874463399251302
0 0.39997014999389646 0.2181180953979492 0.018001747131347657 0.06524331834581164
0 0.5967617511749268 0.17090379397074382 0.0159731388092041 0.03699536853366428
0 0.996571171283722 0.40176966455247665 0.006811594963073731 0.04251682493421766
3 0.6652454555034637 0.31457670318583647 0.026459884643554688 0.0504545148048136
0 0.39380348920822145 0.19480787383185494 0.012202143669128418 0.04423536724514431
0 0.37515122890472413 0.19522983762953017 0.013254547119140625 0.03997423383924696
