0 0.07080647945404053 0.7882004631890192 0.07871387004852295 0.23343556722005207
0 0.24412506818771362 0.4125404013527764 0.027591872215270995 0.07350589434305826
0 0.29469765424728395 0.3919309510125054 0.027568650245666505 0.11408553653293185
0 0.3342589259147644 0.4006445354885525 0.02878549098968506 0.08743163214789497
0 0.3331688178703189 0.28143197165595163 0.01942805089056492 0.06709389156765408
0 0.556714904308319 0.3546797858344184 0.025092148780822755 0.07542563544379341
1 0.40409274101257325 0.42510541280110675 0.0788619041442871 0.16779522365993924
3 0.07262139767408371 0.78564576043023 0.07625481188297271 0.2291609870062934
3 0.40422246903181075 0.42475278112623427 0.08180619776248932 0.172408390045166
3 0.42268653213977814 0.30335767931408353 0.04268748164176941 0.02893758085038927
0 0.07704775333404541 0.3942194620768229 0.05853884220123291 0.07076772054036458
1 0.4223992347717285 0.268163808186849 0.050932693481445315 0.09569600423177084
0 0.37202355861663816 0.22076428731282552 0.017696523666381837 0.06213658650716146
0 0.031404147297143935 0.38640884823269317 0.03431025594472885 0.06157781812879774
1 0.08221069276332856 0.6918397479587131 0.08011985421180726 0.03731922573513455
0 0.38050873279571534 0.42165004942152234 0.03765411376953125 0.16333738962809244
