0 0.8594688296318054 0.5939279344346788 0.05233113765716553 0.15028728908962674
0 0.6255137406289577 0.3201986418830024 0.02097354084253311 0.06869932810465494
0 0.07667394280433655 0.3923039754231771 0.05708016157150268 0.06887105305989584
1 0.5777066230773926 0.38618604871961804 0.06475963592529296 0.10938466389973958
0 0.701396107673645 0.4033076286315918 0.02785160541534424 0.10055433909098307
0 0.6758840501308441 0.3059700436062283 0.02604827880859375 0.07439630296495225
0 0.7038761645555496 0.3171369234720866 0.02785293459892273 0.08167099422878689
0 0.6240909613668919 0.2621848954094781 0.017666707932949065 0.047332912021213105
1 0.5667792320251465 0.31359971364339195 0.05108804702758789 0.08568619622124565
0 0.6393243789672851 0.27858042187160914 0.017119741439819335 0.06086894141303168
0 0.6294410347938537 0.22381851408216688 0.012424683570861817 0.037562794155544706
0 0.031452563405036923 0.3809857898288303 0.03098898530006409 0.05079646640353733
0 0.662512657046318 0.2672353638543023 0.014315754175186157 0.05242209964328342
1 0.6060639560222626 0.40018695460425485 0.011930906772613525 0.06734720336066352
1 0.6228577136993408 0.5395404391818577 0.10048723220825195 0.1580185784233941
3 0.5766014695167542 0.35402121014065213 0.067850661277771 0.17804063161214193
3 0.4083884656429291 0.6285698996649848 0.17615193128585815 0.1650824228922526
0 0.6061062028282322 0.39814686245388453 0.011946607078425587 0.07200995551215278
0 0.7183564066886902 0.3307612101236979 0.003786635398864746 0.048179244995117186
0 0.8396056413650512 0.5553270975748698 0.016697406768798828 0.05357051425509983
