0 0.2130051851272583 0.5890926361083985 0.06755299568176269 0.1583605448404948
0 0.08855875730514526 0.616521708170573 0.05549263954162598 0.13438262939453124
0 0.33078492879867555 0.3971854633755154 0.03866088390350342 0.09809123145209418
0 0.5505483865737915 0.3145382457309299 0.028786945343017577 0.09154415130615234
0 0.8313485145568847 0.604162851969401 0.0657205581665039 0.15508626302083334
0 0.9317971229553222 0.6997545878092448 0.0663259506225586 0.16564754909939236
2 0.6253513813018798 0.27571737501356336 0.05912027359008789 0.10535888671875
0 0.7065896332263947 0.31473913192749026 0.029843556880950927 0.08252862294514975
3 0.5494080424308777 0.32453502230346204 0.0287609338760376 0.06961904739340147
0 0.08035259246826172 0.39767481486002604 0.0641326665878296 0.09372168646918402
0 0.2863955497741699 0.3382791731092665 0.026726722717285156 0.08055953979492188
0 0.9153295874595642 0.3560127761628893 0.037752604484558104 0.04049438370598687
0 0.9965033054351806 0.4050029595692953 0.006861734390258789 0.03756507237752279
1 0.9298473000526428 0.6646506839328342 0.06481573581695557 0.09292085435655383
0 0.3114646553993225 0.6520472208658854 0.023347926139831544 0.09400193956163194
3 0.8307113349437714 0.6023726039462619 0.06396137475967408 0.1595053990681966
3 0.5006633400917053 0.17138828171624076 0.037163305282592776 0.06298888524373372
0 0.3382974624633789 0.5258628315395779 0.024872350692749023 0.06557644738091363
1 0.8305644631385803 0.6031311882866753 0.06381866931915284 0.15968449910481772
