0 0.32036101818084717 0.455099360148112 0.028437232971191405 0.11616668701171876
0 0.2510934114456177 0.42527347140842015 0.038212823867797854 0.11367662217881945
0 0.28194369077682496 0.3492852210998535 0.026668143272399903 0.09694474538167318
0 0.3737450048327446 0.3212943606906467 0.026147404313087465 0.09388478597005208
0 0.30688709020614624 0.3207722451951769 0.028410792350769043 0.07813612620035808
0 0.3448863700032234 0.31146816677517364 0.019641980528831482 0.08671251932779948
0 0.559650981426239 0.24966105355156792 0.015642857551574706 0.06238519880506727
0 0.29437553882598877 0.4440369923909505 0.027345895767211914 0.09796515570746528
0 0.540963101387024 0.2320853657192654 0.023622655868530275 0.06132433149549696
0 0.03429916277527809 0.38244054582383896 0.035685662925243375 0.05253851148817274
0 0.37961807250976565 0.2672119564480252 0.022486782073974608 0.07035157945421007
0 0.960917592048645 0.3564255184597439 0.037606668472290036 0.04387478298611111
0 0.4364308178424835 0.21937138239542645 0.01663283109664917 0.05626667870415582
0 0.3967683434486389 0.49169340663486055 0.006317448616027832 0.06389720704820422
0 0.07607395648956299 0.39580531650119355 0.05910677909851074 0.06921920776367188
0 0.32341230306774377 0.19631938404507107 0.006199606135487557 0.04824931886461046
0 0.6313268303871155 0.1945597701602512 0.012775826454162597 0.036033217112223306
