2 0.8146001696586609 0.6882490052117242 0.2009174108505249 0.3355777104695638
1 0.23762245774269103 0.48721082475450306 0.14476617574691772 0.13715019226074218
0 0.6685535252094269 0.5193611145019531 0.02371072769165039 0.11322335137261284
0 0.3627635478973389 0.9104410807291666 0.05969090461730957 0.17380896674262153
0 0.11697258055210114 0.5541496276855469 0.04827732443809509 0.12000317043728298
0 0.7465247750282288 0.8931520250108507 0.03572471141815185 0.10704099867078994
0 0.3180362701416016 0.3531902313232422 0.023149681091308594 0.09488101535373264
0 0.9564339637756347 0.7940567016601563 0.05535430908203125 0.15391659206814237
0 0.6374925136566162 0.3208133697509766 0.015191984176635743 0.07138409084743924
0 0.029236317425966264 0.4420476065741645 0.045221482217311856 0.08705931769476996
0 0.34942164421081545 0.4268499162462023 0.022806167602539062 0.10459518432617188
0 0.3540824830532074 0.3440522849559784 0.018076425790786742 0.07716888454225328
0 0.4407291829586029 0.28728353712293836 0.015850794315338135 0.06959826151529948
0 0.4722642540931702 0.23430271148681642 0.011612749099731446 0.0537994384765625
0 0.5753450989723206 0.2354023297627767 0.014251971244812011 0.06346272362603081
0 0.32637550830841067 0.4653045230441623 0.024040365219116212 0.10877685546875
2 0.5298722147941589 0.16703413327534994 0.03454644680023193 0.08376735051472982
0 0.6363286972045898 0.25585024091932507 0.016339492797851563 0.060488255818684895
0 0.5273823618888855 0.23027640448676215 0.011254620552062989 0.05452512105305989
0 0.6777458190917969 0.42003025478786893 0.02806406021118164 0.10439012315538194
1 0.4635816216468811 0.16469280984666612 0.02045302391052246 0.03632101482815213
1 0.4621576309204102 0.4645050472683377 0.060654640197753906 0.13377532958984376
2 0.5982498168945313 0.40800255669487845 0.07605652809143067 0.14955842759874133
0 0.4187698096036911 0.19876468976338704 0.01070757508277893 0.04644127951727973
0 0.0879370927810669 0.3621893988715278 0.05351345539093018 0.08573532104492188
0 0.6488287329673768 0.35297405454847547 0.01891939640045166 0.0826867209540473
0 0.5624547362327575 0.18418714735243055 0.011547398567199708 0.04570041232638889
0 0.3859784036874771 0.18494076728820802 0.010915344953536988 0.0406381713019477
0 0.5825582504272461 0.29358025656806097 0.015804529190063477 0.07037982940673829
0 0.1804376244544983 0.35052988794114853 0.03574573993682861 0.06465169058905708
0 0.5988553643226624 0.2540798293219672 0.015488600730895996 0.05872876909044054
0 0.27317875623703003 0.3124322949598233 0.01762206554412842 0.04515103126565615
0 0.2979056477546692 0.43396016756693523 0.021771931648254396 0.07246421178181967
3 0.46447417736053465 0.42113882501920064 0.06356172561645508 0.22292235030068291
1 0.6330219268798828 0.9519218444824219 0.19048547744750977 0.09615631103515625
0 0.3991087436676025 0.21969801584879559 0.014666366577148437 0.06004070705837673
3 0.8348442792892456 0.6855405595567491 0.2126387119293213 0.35011978149414064
0 0.4370527446269989 0.16508203082614475 0.009083521366119385 0.03694845835367839
1 0.5985424995422364 0.4122278849283854 0.0728973388671875 0.14461449517144098
0 0.028469114750623702 0.38781817489200165 0.031727160513401034 0.06328445540534125
0 0.4147678017616272 0.1623191992441813 0.008947145938873292 0.03610361946953668
0 0.7396780014038086 0.37011973063151044 0.025728130340576173 0.08734232584635417
0 0.813872230052948 0.4381444507175022 0.026815390586853026 0.08226297166612413
0 0.6935628890991211 0.9057649400499131 0.05849323272705078 0.11632046169704861
0 0.4262604296207428 0.1793586942884657 0.008320271968841553 0.036559380425347225
0 0.7095731973648072 0.2944293234083388 0.021478605270385743 0.06009201473659939
2 0.23758770823478698 0.48741248978508844 0.14147278070449829 0.1330265998840332
3 0.5313259124755859 0.17343101501464844 0.034234046936035156 0.08679715262518989
3 0.3633434295654297 0.9189237594604492 0.05942826271057129 0.16200616624620226
0 0.01371549367904663 0.34089525010850696 0.02743098735809326 0.07189466688368056
0 0.9015148162841797 0.5743762546115452 0.03249855041503906 0.10290874905056424
0 0.657130765914917 0.254763560824924 0.015225601196289063 0.05177434285481771
0 0.6943829536437989 0.3568380567762587 0.024054527282714844 0.07742343478732638
0 0.026038152724504472 0.22831346723768448 0.015491609275341035 0.04177364773220486
0 0.9810737609863281 0.5220489501953125 0.03477210998535156 0.08088997734917534
