0 0.7522899150848389 0.491707271999783 0.051445388793945314 0.12848052978515626
0 0.11124242544174194 0.6268933614095052 0.06783206462860107 0.1620815700954861
0 0.6580992132425308 0.28368621402316624 0.028966444730758666 0.07324252658420138
3 0.3270713329315186 0.2696579827202691 0.11383399963378907 0.1410631815592448
1 0.11243589520454407 0.630579948425293 0.06856781244277954 0.1560061560736762
0 0.5631675243377685 0.25325171152750653 0.028739070892333983 0.06703253851996528
3 0.11220066249370575 0.6305329216851129 0.06836252808570861 0.15841742621527777
0 0.07709256410598755 0.3973803202311198 0.057580208778381346 0.08030565049913195
0 0.3938184380531311 0.19045898119608562 0.011956477165222168 0.046221786075168185
2 0.3259481191635132 0.265965207417806 0.10959091186523437 0.1441070556640625
0 0.916747784614563 0.35585009256998695 0.04192185401916504 0.04160902235243055
3 0.7522324383258819 0.49134143193562824 0.05314842462539673 0.129359499613444
1 0.7519986093044281 0.49213024775187175 0.05263582468032837 0.12933322058783636
0 0.40519351363182066 0.2239999771118164 0.014658260345458984 0.04518644544813368
0 0.029637299105525018 0.3847489595413208 0.037105188518762586 0.05618096987406413
0 0.5844913482666015 0.17354154056972929 0.015226793289184571 0.047350131140814884
