0 0.7316433310508728 0.39393866856892906 0.028860855102539062 0.09037948184543186
0 0.6695614695549011 0.36246137619018554 0.030301451683044434 0.08279955122205947
0 0.332323956489563 0.3572456465827094 0.029194402694702148 0.10001159244113499
1 0.5716021180152893 0.33563768598768445 0.07148950099945069 0.11832457648383246
0 0.08137957751750946 0.6852863947550456 0.050233131647109984 0.13803045484754775
0 0.827246367931366 0.631353399488661 0.039444804191589355 0.12482795715332032
3 0.43739651441574096 0.2826486693488227 0.10059909820556641 0.22234058380126953
2 0.5707693934440613 0.3428452979359362 0.07336509227752686 0.10535147769583596
0 0.6712300896644592 0.270476320054796 0.017911076545715332 0.05902968512641059
0 0.30654966831207275 0.306497679816352 0.025225162506103516 0.07646755642361111
0 0.273380970954895 0.3413931316799588 0.035089731216430664 0.08002204895019531
0 0.3606312990188599 0.238926633199056 0.015249395370483398 0.06663309733072917
0 0.5069303154945374 0.3096944984048605 0.015000534057617188 0.04007027621070544
0 0.5563148498535156 0.2357537587483724 0.017303085327148436 0.05565312703450521
0 0.3744473457336426 0.26976774003770615 0.019410324096679688 0.06827693515353733
0 0.0335609994828701 0.38041985829671227 0.034656234085559845 0.04971911112467448
0 0.4899769604206085 0.31442698223723303 0.012310707569122314 0.0450894597503874
0 0.07677188515663147 0.39363072713216146 0.06044348478317261 0.07085469563802084
0 0.34789299964904785 0.4633923159705268 0.017542648315429687 0.040477254655626085
0 0.712617301940918 0.18183257844713 0.014318704605102539 0.05190741221110026
