3 0.8278500437736511 0.7703673998514812 0.2034597635269165 0.42439742618136933
3 0.6318572521209717 0.47938883039686414 0.06163721084594727 0.19979031880696616
1 0.3117380738258362 0.6402668635050456 0.11439182758331298 0.1389468299018012
0 0.8026911556720734 0.5180737177530924 0.03008192777633667 0.09381116231282552
1 0.6903672099113465 0.4411950853135851 0.05918443202972412 0.12122099134657117
0 0.028055605292320252 0.3753072950575087 0.05017750859260559 0.0799068874782986
0 0.27406740188598633 0.547598393758138 0.02974414825439453 0.13884684244791667
1 0.3338653951883316 0.34457811779446074 0.02710579037666321 0.07938124338785807
0 0.20850433707237243 0.5180946350097656 0.03790489435195923 0.12134306165907117
0 0.7044081926345825 0.5662647247314453 0.029333019256591798 0.11481713189019097
0 0.20197138786315919 0.6989513821072049 0.03965349197387695 0.1655848185221354
0 0.6671944499015808 0.31714275148179794 0.016932082176208497 0.06913801829020182
3 0.30070985555648805 0.7235235002305772 0.14167354106903077 0.32004852294921876
0 0.4995945930480957 0.39974649217393665 0.024427413940429688 0.10569000244140625
3 0.45472251772880556 0.27133070627848305 0.04437164068222046 0.11943673027886284
3 0.5473165929317474 0.26735594007703994 0.06758958101272583 0.16561690436469184
0 0.4653343200683594 0.8664067586263021 0.05173358917236328 0.19618021647135417
2 0.31372369527816774 0.3491268316904704 0.06538097858428955 0.08777596155802408
1 0.7028199672698975 0.9360178629557292 0.1706082344055176 0.12796427408854166
0 0.3882499933242798 0.5258809195624458 0.02350001335144043 0.11310607062445746
0 0.4197136878967285 0.5764573838975694 0.03628625869750977 0.12555067274305556
0 0.9369727492332458 0.728815926445855 0.03594982624053955 0.10287356906467014
0 0.1389970898628235 0.6956404791937933 0.04709889888763428 0.16581013997395833
0 0.41142120361328127 0.3197630670335558 0.01674762964248657 0.07868768903944227
0 0.7410242438316346 0.44422730339898003 0.021527194976806642 0.10025253295898437
1 0.37956422567367554 0.30515216588974 0.04087154865264893 0.0325265540017022
0 0.6288539223372936 0.34487875832451714 0.018456341326236726 0.07542752159966362
0 0.45058326721191405 0.643329366048177 0.04764232635498047 0.14606136745876735
0 0.7027730584144593 0.2931476487053765 0.03507888317108154 0.05931945376925998
0 0.06672670245170594 0.4293495178222656 0.027398204803466795 0.0823182847764757
0 0.45219621658325193 0.7502777947319879 0.043204307556152344 0.14561530219184027
0 0.8630640745162964 0.43063829210069443 0.040262603759765626 0.07889650132921007
1 0.5075205624103546 0.16505483521355524 0.019133484363555907 0.03872654173109266
2 0.7978367984294892 0.643555302090115 0.18335357904434205 0.13475015428331164
1 0.454395467042923 0.31148557398054333 0.04348567724227905 0.04519337018330892
0 0.2816979169845581 0.45406951904296877 0.024846649169921874 0.1131773206922743
1 0.4147835344076157 0.2138553195529514 0.021764522790908812 0.05225376553005642
0 0.5085865199565888 0.351519775390625 0.020669329166412353 0.07134060329861111
0 0.5853130698204041 0.1899446964263916 0.013646388053894043 0.04720529980129666
0 0.2532987356185913 0.9549541897243924 0.056904840469360354 0.08475443522135416
0 0.34500296860933305 0.3053625848558214 0.016583934426307678 0.06853440602620443
0 0.6238451838493347 0.27388268576727975 0.017001652717590333 0.06880486806233724
0 0.9934306740760803 0.9543068567911784 0.013138651847839355 0.09138628641764322
0 0.6028754406797816 0.25456869337293836 0.005667189284577034 0.05278354220920139
3 0.42489450573921206 0.1696820894877116 0.02562335729598999 0.05760538313123915
0 0.8100942611694336 0.4201979743109809 0.02766757011413574 0.08753696017795139
0 0.400241756439209 0.47137086656358507 0.034576249122619626 0.08182779947916667
1 0.5916101098060608 0.2480953640407986 0.025844311714172362 0.06014391581217448
0 0.2733511686325073 0.30683613883124455 0.017941665649414063 0.06086304982503255
3 0.7001108974218369 0.4423884391784668 0.07673378586769104 0.12080105675591363
1 0.3010500192642212 0.36942300266689726 0.04567022323608398 0.05469346576266819
0 0.9299012184143066 0.6490498860677083 0.046711158752441403 0.118365478515625
1 0.5502566993236542 0.3214207516776191 0.06178933382034302 0.0650637255774604
2 0.34540536999702454 0.6401978174845377 0.05018573999404907 0.1418265872531467
0 0.3308833599090576 0.2840825398763021 0.015146827697753907 0.053492694430881074
