1 0.6108108758926392 0.461213133070204 0.10837202072143555 0.20027398003472222
0 0.15059618949890136 0.5475382486979167 0.053301763534545896 0.12630716959635416
0 0.33567035673186185 0.33954813215467666 0.02729372028261423 0.08360201517740885
0 0.6981393337249756 0.3423595004611545 0.0405522346496582 0.10047234429253472
0 0.07509599030017852 0.39532240761650933 0.048564547300338747 0.08890569474962022
0 0.2968841314315796 0.5336897108289931 0.0393646240234375 0.12617755466037325
0 0.33146564960479735 0.2697455088297526 0.023531627655029298 0.05767839219835069
0 0.5497381567955018 0.29103407329983183 0.02121608257293701 0.06083795759412977
0 0.251066255569458 0.3551924811469184 0.032758331298828124 0.09873337215847439
0 0.6131475687026977 0.2645082155863444 0.027596569061279295 0.061276223924424916
0 0.3028203248977661 0.32516229417588977 0.02792835235595703 0.08147337171766493
3 0.6972074925899505 0.3397896226081583 0.03974958658218384 0.09878699200020896
0 0.5261013507843018 0.3222455342610677 0.03061189651489258 0.07569442325168185
0 0.38082570135593413 0.30793917973836266 0.03494102358818054 0.09957887861463759
0 0.4050564765930176 0.2396290037367079 0.019895005226135253 0.060702472262912324
1 0.6982437133789062 0.3396701706780328 0.04063339233398437 0.10191805097791884
0 0.6981484979391098 0.41671359803941516 0.018867069482803346 0.060160530938042536
2 0.6337995392270386 0.45905470053354896 0.06277488823980093 0.1996051205529107
3 0.15016658902168273 0.5482265366448297 0.05377289056777954 0.13087384965684679
0 0.3925078630447388 0.21498212814331055 0.014471912384033203 0.049218474494086374
0 0.3235128553211325 0.19414703051249185 0.006392022669388098 0.04392516877916124
0 0.032685902714729306 0.38138692643907335 0.032209467887878415 0.04920556810167101
0 0.3761866092681885 0.24035267300075955 0.015439605712890625 0.03938636779785156
3 0.6327180528780445 0.4577540079752604 0.06417967793531716 0.2045318603515625
0 0.39345749616622927 0.3015343017048306 0.01006147861480713 0.02529082563188341
0 0.3856091320514679 0.33938694132698904 0.012476277351379395 0.036609064208136664
