0 0.2649388790130615 0.4439387003580729 0.03225207328796387 0.1009229024251302
0 0.2157885789871216 0.5018352773454454 0.026570653915405272 0.09059260686238607
0 0.33977493438869716 0.396524969736735 0.033454249426722524 0.10754566192626953
0 0.26413300037384035 0.35047407150268556 0.02606649398803711 0.0857190661960178
0 0.39964527189731597 0.37154433992173935 0.02801498770713806 0.09097631242540148
0 0.16371936798095704 0.668947262234158 0.045078277587890625 0.1846430460611979
0 0.30513309240341185 0.3603355407714844 0.027091145515441895 0.08554153442382813
0 0.3572343736886978 0.3263227144877116 0.0217848002910614 0.0773847156100803
0 0.69543297290802 0.3493222024705675 0.019590210914611817 0.08141023847791884
0 0.33262192010879515 0.2915210723876953 0.019122624397277833 0.08266287909613715
0 0.3786561116576195 0.2592139667934842 0.020342615246772767 0.0784955554538303
0 0.3282325744628906 0.4959803687201606 0.04005036354064941 0.09987725151909722
0 0.5082748055458068 0.3107721797708008 0.01913132667541504 0.04238927256729868
0 0.07675318717956543 0.39448746575249566 0.058505129814147946 0.06885469224717881
0 0.7124733686447143 0.18318261570400662 0.014339447021484375 0.039953687455919054
0 0.03357454910874367 0.3830361048380534 0.03562224358320236 0.05652046203613281
3 0.16358755230903627 0.6683846155802409 0.043352162837982176 0.1899206797281901
3 0.5999512135982513 0.5189136823018392 0.2330954670906067 0.38439485761854386
0 0.003755001723766327 0.4001915242936876 0.007510003447532654 0.0461918830871582
0 0.6938012838363647 0.6076059977213542 0.03205873966217041 0.11064283582899305
0 0.6888001471757889 0.20156190660264756 0.014054566621780396 0.04748242696126302
