0 0.36985466480255125 0.33861686918470596 0.0355952262878418 0.0840837902492947
0 0.7365193963050842 0.3398800426059299 0.029312944412231444 0.07302506764729817
2 0.5608766555786133 0.34656060536702477 0.09487662315368653 0.24957449171278212
0 0.6977224558591842 0.31079403559366864 0.02442184090614319 0.058452415466308597
0 0.0724104255437851 0.3942887412177192 0.04302555918693542 0.08675049675835503
0 0.6349822863936424 0.2998705546061198 0.0221187025308609 0.0751778072781033
0 0.6750989139080048 0.2969423082139757 0.023935461044311525 0.057526185777452256
0 0.6149249223992228 0.30619058609008787 0.018739739432930946 0.06217979855007595
0 0.6524830773472786 0.29628832075330946 0.017581436038017272 0.0767325931125217
3 0.37013046741485595 0.33825065824720596 0.035996532440185545 0.08443097008599175
0 0.031996991112828256 0.3973285675048828 0.03998649939894676 0.08254911634657118
0 0.6807843208312988 0.3394830067952474 0.019691658020019532 0.07272610134548611
0 0.6887025952339172 0.2051060676574707 0.012733530998229981 0.051630719502766924
0 0.6062607720494271 0.41604527367485894 0.012521544098854065 0.10004734463161892
0 0.3237915759535099 0.19353373845418295 0.0069268916544388045 0.0412425782945421
0 0.7145154595375061 0.30840815677204064 0.011095213890075683 0.03847380795826515
0 0.712656557559967 0.18069959746466743 0.014491724967956542 0.04777676264444987
