0 0.8012823104858399 0.5588955349392362 0.061199951171875 0.14250115288628473
0 0.11977653503417969 0.6865854051378039 0.07143663763999938 0.17154812282986112
0 0.6126209735870362 0.3375885115729438 0.03600325584411621 0.09298653072781032
0 0.22880421876907348 0.4068465338812934 0.03778121471405029 0.09130577511257595
0 0.27588815689086915 0.4342929787105984 0.042258405685424806 0.10176290935940213
0 0.07297490239143371 0.3953706211513943 0.047195303440094 0.09049765268961589
0 0.6195848744362593 0.2268123944600423 0.025137857347726823 0.06415462493896484
3 0.8009394466876983 0.560659482744005 0.061006152629852296 0.14513577355278862
1 0.12163513004779816 0.6553091049194336 0.06907302737236024 0.11160401238335503
0 0.03306569680571556 0.3846706602308485 0.03712971955537796 0.05874010721842448
3 0.12002283036708832 0.6853572103712294 0.0697409451007843 0.17514324188232422
0 0.6019736528396606 0.19003394974602594 0.013329648971557617 0.04262658225165473
1 0.7994369208812714 0.5601343684726291 0.0616895318031311 0.1449535157945421
2 0.39846851825714114 0.23349077436659071 0.13631033897399902 0.11381640964084201
0 0.2827956199645996 0.32834998236762153 0.0178009033203125 0.06501439412434896
3 0.38933207988739016 0.2316767374674479 0.11497244834899903 0.12061801486545139
0 0.9134377360343933 0.35503808127509223 0.04049851894378662 0.04037312401665582
