0 0.768461036682129 0.47684368557400175 0.05126628875732422 0.12301907009548611
0 0.222642982006073 0.40704221460554335 0.03833792209625244 0.09010001818339029
0 0.07354880571365356 0.3970925543043349 0.046049749851226805 0.09023295508490668
0 0.6125963926315308 0.2000023576948378 0.02540740966796875 0.057799010806613496
0 0.3171223163604736 0.32711865107218424 0.03612532615661621 0.08816746605767144
0 0.21262588500976562 0.28447269863552516 0.0394808292388916 0.062065209282769096
0 0.2698970794677734 0.4478170606825087 0.04150657653808594 0.14041324191623264
0 0.5269792556762696 0.29394827948676217 0.02366008758544922 0.08130569458007812
3 0.7680793762207031 0.47657799190945094 0.05092945098876953 0.12315266927083333
0 0.033277519047260284 0.38062381744384766 0.03251851499080658 0.049283811781141496
1 0.21319397091865538 0.28337251875135633 0.033987891674041745 0.06231647067599826
1 0.7679762482643128 0.47621645397610135 0.05087356567382813 0.12156132592095269
3 0.2701573967933655 0.44808266427781845 0.038948225975036624 0.1421975983513726
