0 0.2620419979095459 0.4777986314561632 0.0527348518371582 0.12271898057725694
0 0.766474437713623 0.3944598515828451 0.03482673168182373 0.08800485399034289
0 0.7143861383199692 0.4334695816040039 0.045101433992385864 0.10514454311794705
0 0.783260726928711 0.4920068528917101 0.0438474178314209 0.10632841322157117
0 0.41201029121875765 0.3450330310397678 0.02790648341178894 0.07167481316460503
1 0.39279295951128007 0.26667725245157875 0.05061320960521698 0.08578247494167751
0 0.6324401549994946 0.29715048472086586 0.02708118110895157 0.07490895589192709
0 0.07461209297180176 0.39453714158799913 0.05284824371337891 0.08811264038085938
0 0.6819609820842742 0.286251703898112 0.021187210083007814 0.06554306877983941
0 0.20645359754562378 0.2846638043721517 0.033222746849060056 0.05850429534912109
0 0.654281759262085 0.30453275044759115 0.0196438193321228 0.07886136372884114
0 0.032265011593699454 0.4071171442667643 0.04177723303437233 0.09900906880696615
1 0.706161618232727 0.4338291803995768 0.027928638458251952 0.10279914008246528
0 0.869266414642334 0.40141927931043836 0.06098194122314453 0.0852463616265191
3 0.641511344909668 0.31519030994839137 0.048261404037475586 0.05260284211900499
0 0.39114949107170105 0.33767918480767145 0.018976879119873048 0.06833076477050781
0 0.39748321771621703 0.35180367363823783 0.004810166358947754 0.039653184678819446
