0 0.22852013111114503 0.43477342393663193 0.04340143203735351 0.10312466091579861
0 0.7277142763137817 0.340257379743788 0.029892611503601074 0.0733330832587348
0 0.7531316578388214 0.422786733839247 0.03804291486740112 0.10226588779025608
0 0.6737078785896301 0.29640499750773114 0.02466684579849243 0.0644025378757053
0 0.6909533739089966 0.3904664463467068 0.032765674591064456 0.10196937984890408
1 0.5510284423828125 0.3599125862121582 0.05640220642089844 0.09286768171522353
0 0.07658283710479737 0.39359414842393664 0.0542086124420166 0.07674535115559895
0 0.3377633333206177 0.2526761902703179 0.023967218399047852 0.05584875742594401
0 0.2416698455810547 0.33783672120836045 0.03060150146484375 0.08606421152750651
0 0.6882626920938492 0.2049570083618164 0.014474409818649291 0.051065826416015626
3 0.2563521385192871 0.7544864442613389 0.5127042770385742 0.49102711147732203
0 0.7159387946128846 0.32401372525427075 0.008747410774230958 0.036655141247643366
0 0.39719060659408567 0.16917453342013888 0.00830918550491333 0.02643975151909722
3 0.24111640453338623 0.3373897913429472 0.031055450439453125 0.08851289947827658
3 0.40605279923183846 0.6320859061347114 0.17105194090399892 0.1560124291314019
3 0.5370215773582458 0.3055480742516617 0.027501416206359864 0.032674636298583616
3 0.5940260350704193 0.5270506434970432 0.23186522722244263 0.3681209352281358
0 0.7448555290699005 0.5024384604560004 0.021086728572845458 0.07089123196072049
0 0.7173706889152527 0.39344583617316353 0.005691981315612793 0.04717209074232313
0 0.32412916533648967 0.19454037878248426 0.007548632472753525 0.04363879097832574
3 0.6967514038085938 0.3267473099132379 0.032117462158203124 0.07349602695968416
