1 0.5545349955558777 0.6234914779663085 0.11393043994903565 0.1723009321424696
3 0.45441863536834715 0.8145682758755154 0.26821227073669435 0.37086344824896916
1 0.4196300506591797 0.4905776129828559 0.07611997127532959 0.16344087388780382
0 0.19034266471862793 0.8744032118055556 0.05044422149658203 0.22404242621527778
3 0.6470373630523681 0.5651515536838108 0.08004894256591796 0.19912601047092013
1 0.5873032569885254 0.4050026125378079 0.06556582450866699 0.10996859338548448
1 0.3610742352902889 0.35300720002916125 0.0444644644856453 0.09073878394232857
0 0.3408052332699299 0.417539554172092 0.020109282433986665 0.07762518988715278
0 0.7406340122222901 0.5210026211208767 0.028602027893066408 0.12136145697699653
0 0.7757865905761718 0.8576156616210937 0.044448471069335936 0.18818868001302083
0 0.5054007768630981 0.40663907792833115 0.021661376953125 0.09341892666286893
0 0.2356627345085144 0.519501961602105 0.025856852531433105 0.12618882921006944
0 0.7651938498020172 0.46152352227105037 0.022392117977142335 0.09392318725585938
0 0.873969841003418 0.9058331807454427 0.0659637451171875 0.18010677761501737
0 0.2565299034118652 0.4417750464545356 0.025507736206054687 0.10495834350585938
0 0.6963957190513611 0.5120133505927191 0.024495244026184082 0.10146293640136719
3 0.2943241596221924 0.6234506713019476 0.13056297302246095 0.357473267449273
0 0.9045633316040039 0.7195078531901041 0.05002593994140625 0.13949788411458333
0 0.6086965560913086 0.8220911661783854 0.04503707885742188 0.17915802001953124
0 0.6585836410522461 0.4302343580457899 0.024143123626708986 0.09778578016493056
0 0.5705626368522644 0.3016865306430393 0.01539757251739502 0.06926025814480252
0 0.6065200328826904 0.26990809970431856 0.014997053146362304 0.06457163492838541
0 0.6998415946960449 0.9051808675130208 0.07046260833740234 0.17902255588107638
0 0.6881514966487885 0.3946353594462077 0.023001134395599365 0.09110664791531033
0 0.926519775390625 0.8563234117296007 0.048865890502929686 0.17619730631510416
0 0.08528032302856445 0.36451022889879015 0.04527263641357422 0.07043387095133463
0 0.8369991779327393 0.5260853449503581 0.029320335388183592 0.09601020812988281
0 0.227127742767334 0.37121459113226996 0.04446601867675781 0.08506444295247396
0 0.4047608017921448 0.3464886559380425 0.020823132991790772 0.08411661783854167
0 0.41296239793300626 0.26575053532918297 0.014073067903518676 0.059732543097601995
0 0.722274899482727 0.38337715996636285 0.01942603588104248 0.09075291951497395
0 0.8179365158081054 0.593424818250868 0.03118476867675781 0.12773674858940973
0 0.48034719824790956 0.26677463319566513 0.014034759998321534 0.057304361131456164
0 0.5496354579925538 0.8312969631618924 0.04564857482910156 0.1896881103515625
3 0.4528656959533691 0.2711993747287326 0.045902442932128903 0.1320317586263021
0 0.5861440658569336 0.9440938313802083 0.06476364135742188 0.10814938015407986
0 0.5748148679733276 0.23028816646999783 0.013753509521484375 0.060282728407118055
0 0.6251277640461922 0.3807132297092014 0.019245263934135438 0.07985026041666667
0 0.6331982851028443 0.3362181345621745 0.02037949562072754 0.07458902994791666
0 0.49965115189552306 0.30771806504991317 0.019549715518951415 0.07731107076009115
0 0.5445394515991211 0.25054944356282555 0.017850494384765624 0.06872957017686632
1 0.38840633630752563 0.5016176435682509 0.022050929069519044 0.14172676934136286
0 0.7742327690124512 0.748584598965115 0.03745357990264893 0.09501236809624566
0 0.3075432777404785 0.4154112921820747 0.021122837066650392 0.10358869764539931
1 0.4228378862142563 0.20378971099853516 0.02781262993812561 0.05594978332519531
0 0.8138681054115295 0.43609534369574654 0.025523447990417482 0.07680926852756076
0 0.5963296175003052 0.23461333380805122 0.013308334350585937 0.05722389221191406
0 0.4011819362640381 0.2249675538804796 0.013339364528656006 0.053892559475368924
0 0.6665067434310913 0.34994541803995766 0.018560791015625 0.07158446841769749
0 0.5903640747070312 0.7186289469401042 0.038336563110351565 0.14885393778483072
0 0.025724049657583237 0.36414594650268556 0.01626226454973221 0.07094203101264106
0 0.6217989020049572 0.2403606202867296 0.013307417929172515 0.055822965833875866
0 0.27302634716033936 0.31151830620235865 0.01701812744140625 0.04448801146613227
0 0.3196316480636597 0.3485700183444553 0.015896987915039063 0.07349594963921441
0 0.524186086654663 0.183269468943278 0.010287714004516602 0.04261091020372179
0 0.77141575217247 0.6616436216566298 0.054290616512298585 0.09488470289442275
0 0.7028686165809631 0.2919633653428819 0.03488776683807373 0.06074761284722222
1 0.45335636138916013 0.31207700570424396 0.04200966358184814 0.04637623363071018
0 0.7988371670246124 0.5225936041937934 0.025816953182220458 0.08366402520073785
0 0.7688056588172912 0.5943984773423937 0.030960774421691893 0.09237980312771267
3 0.4629305303096771 0.16274631288316516 0.026191937923431396 0.05517817603217231
1 0.35512022152543066 0.2769066916571723 0.04509991854429245 0.06773143344455296
0 0.8632705926895141 0.431033812628852 0.04255514144897461 0.07671021355523003
0 0.7832749783992767 0.5142211278279623 0.01941040754318237 0.078107664320204
0 0.37984758615493774 0.28632944954766165 0.015111637115478516 0.06389785342746311
0 0.9475543975830079 0.47150344848632814 0.055597114562988284 0.0845828586154514
0 0.2953046917915344 0.34619389639960396 0.018645405769348145 0.07713345421685112
3 0.6170744293936877 0.8258781645033094 0.034079254863900135 0.22826983133951823
0 0.9498830437660217 0.980333603752984 0.0349844217300415 0.03933279249403212
3 0.33882730931509286 0.6056196424696181 0.03625357090495527 0.21098293728298612
0 0.793618232011795 0.4691753599378798 0.023352324962615967 0.07404747009277343
0 0.3943669557571411 0.35210771560668946 0.011266088485717774 0.07215251922607421
0 0.6061152595281669 0.654041141933865 0.012229915857301422 0.1061194101969401
3 0.6993950486183167 0.9133945677015517 0.07323942184448243 0.1732108645968967
3 0.42297435998916627 0.20366808043585882 0.027526473999023436 0.056659073299831816
0 0.37970685958862305 0.21873498492770724 0.013268506526947022 0.04700073666042752
3 0.3618799328804016 0.3540554463863373 0.04377014636993408 0.0903966916932
