0 0.2515113949775696 0.5644678539699979 0.04080054759979248 0.14648492601182725
0 0.13027666807174682 0.5883730994330512 0.05295464992523193 0.14817225138346354
0 0.6674735307693481 0.3110046492682563 0.0252655029296875 0.06987980736626519
0 0.3464015521109104 0.320725589328342 0.01947706788778305 0.07075915866427951
0 0.6046644687652588 0.21733917660183377 0.019525909423828126 0.052951685587565106
0 0.07504982352256775 0.39383294847276473 0.05565389394760132 0.06945970323350695
3 0.12954421639442443 0.5901069535149468 0.05626615285873413 0.15069031185574003
0 0.028494435548782348 0.3838141123453776 0.02973594665527344 0.05552639431423611
0 0.6496175289154053 0.26234796312120223 0.025346755981445312 0.06642112731933594
0 0.08775797784328461 0.8406650755140517 0.04174743294715881 0.12956733703613282
0 0.9965416789054871 0.4028384526570638 0.006542038917541504 0.04326362609863281
