0 0.26473063230514526 0.4446652094523112 0.03419315814971924 0.1007865481906467
0 0.2644344806671143 0.3502279705471463 0.02600517272949219 0.08460265265570746
0 0.3995286524295807 0.3676915513144599 0.02922348976135254 0.08470106654696995
0 0.3567860409617424 0.32721885045369464 0.0222233384847641 0.07542400360107422
0 0.3395060062408447 0.3963683234320747 0.031192922592163087 0.10735990736219618
0 0.3048283815383911 0.36137160195244683 0.02570505142211914 0.08833552466498482
0 0.21563323736190795 0.5124860127766927 0.028111720085144044 0.10956531100802952
0 0.16957648992538452 0.664352289835612 0.05162358283996582 0.16754803127712672
0 0.6942144751548767 0.34988010194566516 0.020664668083190917 0.07980590396457249
0 0.3337559700012207 0.29948454962836374 0.02412447929382324 0.08432998657226562
0 0.3783123254776001 0.2532683902316623 0.021050739288330077 0.07718238830566407
0 0.3281747937202454 0.4958987765842014 0.039990925788879396 0.09863382975260417
0 0.5082726299762725 0.3107649366060893 0.019133603572845458 0.0423810084660848
0 0.0767272412776947 0.3944817860921224 0.05859345197677612 0.06880560980902778
0 0.7124733328819275 0.18316644032796223 0.014336848258972168 0.03991665310329861
3 0.6002401947975159 0.5176817152235244 0.23335011005401612 0.3868587917751736
0 0.033569475263357164 0.3830362319946289 0.035650594532489775 0.05652215745713976
0 0.6937257200479507 0.6076784451802572 0.032086271047592166 0.11048963334825304
0 0.003753972426056862 0.40019521183437773 0.007507944852113724 0.046195104387071396
0 0.6888004302978515 0.20155972374810113 0.014053153991699218 0.04748018052842882
