2 0.6400938987731933 0.29039569430881074 0.12475090026855469 0.2710828145345052
1 0.4137848109006882 0.3211366441514757 0.058333021402359006 0.11522310045030382
3 0.4132513254880905 0.333949493834128 0.058390742540359496 0.08958616892082824
0 0.08263431191444397 0.3975477854410807 0.07021774053573608 0.07392510308159722
0 0.030743222683668137 0.3971214718288846 0.038100309669971466 0.08152025010850694
1 0.08298753947019577 0.3987432267930773 0.07038828432559967 0.07412855360243055
0 0.996717917919159 0.3962953143649631 0.006385493278503418 0.05490489535861545
0 0.37681922167539594 0.18836677339341906 0.01580590307712555 0.04317743513319228
0 0.5805813074111938 0.19962636629740396 0.019933509826660156 0.047875902387830946
0 0.39329739809036257 0.30526469548543295 0.013126301765441894 0.056828414069281685
3 0.6196445882320404 0.5583880954318576 0.1997571587562561 0.30544603135850695
