0 0.28512892723083494 0.5691851298014323 0.075811767578125 0.11660715738932291
0 0.37532839775085447 0.5778723398844401 0.07635202407836914 0.11925116644965278
0 0.3470337390899658 0.3352037959628635 0.019688713550567626 0.07051291995578342
3 0.5456335425376893 0.2701513396369086 0.037426304817199704 0.1000409656100803
0 0.7709667205810546 0.5870666080050998 0.06742115020751953 0.11199807061089409
0 0.5403756618499755 0.5559061262342665 0.07511320114135742 0.11617601182725694
1 0.11808377504348755 0.5016979641384549 0.17180392742156983 0.11999664306640626
0 0.02847179174423218 0.8567386203342013 0.050741839408874514 0.18581746419270834
0 0.8406925201416016 0.5619505140516493 0.061859130859375 0.11608412000868056
1 0.43137664794921876 0.5094154357910157 0.185782790184021 0.14417368570963543
0 0.6241702675819397 0.24871853722466364 0.015416121482849121 0.057348208957248265
0 0.7029213428497314 0.2926167488098145 0.03445854187011719 0.05938476986355252
0 0.6499629497528077 0.582751973470052 0.07637243270874024 0.1358973185221354
1 0.4346214234828949 0.1980731964111328 0.02738066911697388 0.05504595438639323
0 0.9018516540527344 0.6891455756293403 0.06588325500488282 0.1364892323811849
0 0.5768460988998413 0.2138908280266656 0.01246490478515625 0.05184557172987196
0 0.6868598937988282 0.5301439073350694 0.05441265106201172 0.11155429416232639
1 0.2533878803253174 0.4529921637641059 0.11673483848571778 0.10539652506510416
0 0.4996994972229004 0.9286505805121528 0.06541709899902344 0.1363922119140625
0 0.25576765537261964 0.5249414232042101 0.05461454391479492 0.10450676812065972
0 0.2855584383010864 0.3739873250325521 0.040404319763183594 0.07838685777452258
0 0.3172659397125244 0.33608250088161895 0.022033309936523436 0.0877274407280816
0 0.414764404296875 0.29798429277208116 0.01599540710449219 0.06167110866970486
0 0.4775639474391937 0.29456272125244143 0.01661714315414429 0.06333914862738715
0 0.27357075214385984 0.31059952076110575 0.017296600341796874 0.041929869602123894
0 0.4329699814319611 0.30649984147813586 0.018980634212493897 0.06851997375488281
0 0.40885586142539976 0.21289185418023004 0.012015247344970703 0.04719967312282986
1 0.46686269640922545 0.17741519610087078 0.02270694971084595 0.049486827850341794
0 0.33083946704864503 0.29831246270073786 0.01591215133666992 0.0680096944173177
0 0.3673107773065567 0.22219117482503256 0.014075785875320435 0.04742601182725695
0 0.6549116909503937 0.25317484537760415 0.020780467987060548 0.057239998711480035
0 0.8638780593872071 0.42450413174099394 0.03405671119689942 0.07783881293402778
0 0.4599968194961548 0.29690047370062933 0.01692962646484375 0.06850043402777778
0 0.8777899980545044 0.4895951377020942 0.032843923568725585 0.07440562778049045
0 0.25310525894165037 0.3699403550889757 0.030642127990722655 0.07519361707899305
0 0.6823833465576172 0.3840294308132596 0.026137161254882812 0.09272274441189236
0 0.5316635608673096 0.1589193556043837 0.00906524658203125 0.03714915381537543
0 0.010568177700042725 0.3421656608581543 0.02113635540008545 0.05685147179497613
1 0.466086333990097 0.12439304457770453 0.016461527347564696 0.03238454394870334
0 0.7055220603942871 0.41116722954644097 0.05219478607177734 0.09344719780815972
0 0.47224530577659607 0.1992680867513021 0.00930427312850952 0.042914623684353295
0 0.5311453700065613 0.20779878828260634 0.011591506004333497 0.0465102301703559
0 0.37998178601264954 0.2967222743564182 0.017472481727600096 0.06253011491563586
0 0.8147133111953735 0.4388863245646159 0.02501711845397949 0.0859199947781033
0 0.42506401240825653 0.2610210524664985 0.012914735078811645 0.04978271060519748
0 0.3437775246798992 0.2557241545783149 0.013723315298557281 0.04928468068440755
0 0.10745389759540558 0.35593045552571617 0.0444354236125946 0.059263526068793405
0 0.40248966217041016 0.2841421021355523 0.015940535068511962 0.060900179545084636
0 0.7147250413894654 0.3430585543314616 0.011174917221069336 0.06767063140869141
0 0.6480452850461006 0.5504937701755099 0.024502179026603697 0.08919826083713107
0 0.3590155467391014 0.29745976130167645 0.016588887572288512 0.06571390363905165
0 0.5589725255966187 0.20244354671902126 0.012708282470703125 0.04515592787000868
1 0.5460819602012634 0.12445965343051486 0.01599700450897217 0.03232876459757487
1 0.5456169962882995 0.3047320034768846 0.03826162815093994 0.03168622917599148
0 0.676927250623703 0.26894550323486327 0.023135852813720704 0.050789430406358506
