1 0.6478625178337097 0.6440503014458551 0.1259165048599243 0.1338163587782118
0 0.7008189141750336 0.37461697260538734 0.03179091215133667 0.0871233410305447
3 0.3987686705775559 0.43195287709434826 0.15275224205106497 0.28205130249261856
0 0.049767065048217776 0.6925610012478298 0.0845402717590332 0.20691562228732638
0 0.23254655599594115 0.5239833619859483 0.049967837333679196 0.15229259067111545
1 0.5668640971183777 0.3156234423319499 0.05636351108551026 0.09371785057915581
0 0.18025436401367187 0.5013279385036893 0.049722146987915036 0.12625054253472223
0 0.8695798635482788 0.7400982750786675 0.050967979431152347 0.1619185553656684
0 0.9100322723388672 0.6937856038411458 0.043503761291503906 0.14551018608940972
0 0.2934363126754761 0.3245035171508789 0.02433624267578125 0.08463189866807726
0 0.6477207109332085 0.3011838065253364 0.018196716904640198 0.06690572102864584
0 0.6687267690896987 0.2921434932284885 0.021466583013534546 0.078444947136773
1 0.055526042729616164 0.6495982487996419 0.08111620992422104 0.12302572462293837
0 0.6352135300636291 0.27651490105523 0.015225863456726075 0.050322808159722225
0 0.4619840145111084 0.16143429544236926 0.014620471000671386 0.03451674779256185
3 0.04984228610992432 0.6926738844977485 0.08682255744934082 0.2079230202568902
0 0.6131507281213999 0.2101072735256619 0.013689037412405014 0.04646814134385851
0 0.07621816396713257 0.39346754286024305 0.060214686393737796 0.07068617078993056
2 0.3949416637420654 0.3826437208387587 0.15725116729736327 0.38809288872612846
0 0.5918289661407471 0.1983857578701443 0.022461080551147462 0.04306939442952474
0 0.7125007748603821 0.18168263965182835 0.014438939094543458 0.051037025451660153
0 0.9967703223228455 0.39954795837402346 0.006326603889465332 0.044722493489583334
3 0.6530727326869965 0.7135726716783312 0.10614546537399291 0.27022022671169704
0 0.029463639855384825 0.403931999206543 0.04442537426948547 0.09498651292588976
0 0.2676109552383423 0.5107467863294813 0.02970285415649414 0.09930330912272135
3 0.6176669299602509 0.9098974015977648 0.20529114007949828 0.1772861056857639
0 0.5078772783279419 0.3152239391373263 0.016447901725769043 0.0490881676475207
2 0.5669761538505554 0.3265799978023602 0.056954169273376466 0.07480116314772102
0 0.6319071531295777 0.29365659985277387 0.011490750312805175 0.00953542192776998
