2 0.5905101299285889 0.4198005676269531 0.14200639724731445 0.34513507419162326
1 0.38850314617156984 0.6284514533148872 0.13353991508483887 0.2542670355902778
0 0.4521818935871124 0.26834869384765625 0.02773510217666626 0.07686449686686198
0 0.34426968209445474 0.24114227294921875 0.022948435693979263 0.0535400390625
0 0.15781015157699585 0.6590454949273004 0.06468842029571534 0.16183251274956598
0 0.27982029914855955 0.5119305504692926 0.03210792541503906 0.11672049628363715
0 0.07344012856483459 0.39694417317708336 0.04509072303771973 0.08720974392361111
0 0.3867758810520172 0.33899235195583766 0.028214907646179198 0.07709596421983507
3 0.6320283091627061 0.43150180180867515 0.059971277602016926 0.28522582583957246
0 0.3565527319908142 0.42368663946787516 0.031293177604675294 0.09768147468566894
0 0.3313561573624611 0.37989217970106337 0.02208731472492218 0.10231094360351563
0 0.3130416512489319 0.30576498243543837 0.028313660621643068 0.0594504886203342
1 0.5305174648761749 0.23946429358588325 0.03672126531600952 0.06714528401692708
0 0.2602995753288269 0.3988681369357639 0.03460395336151123 0.09929741753472222
0 0.40682116746902464 0.282438235812717 0.01808795928955078 0.06043739318847656
0 0.02933106254786253 0.3990525351630317 0.04803868867456913 0.08512424892849392
0 0.3239845988166053 0.30808675951427883 0.007087720034178346 0.038395741250779894
3 0.38976811300963166 0.632565795050727 0.12913551069796086 0.2551347096761068
1 0.15846323370933532 0.645565562778049 0.06584469079971314 0.13109109666612412
3 0.1588550925254822 0.6447873221503364 0.06438789367675782 0.1317069583468967
0 0.3994374394416809 0.23348882463243273 0.012929344177246093 0.04271333482530382
0 0.9658628463745117 0.41647728814019097 0.06827430725097657 0.0970184326171875
0 0.3263122363365255 0.22637085384792752 0.011575061385519803 0.06537551879882812
