0 0.6828035563230515 0.4197280036078559 0.045126539468765256 0.10923122829861111
3 0.76368900090456 0.7967161072625054 0.2602083534002304 0.4065677854749892
0 0.6659724622964859 0.33524320390489365 0.03183366656303406 0.08473947313096789
0 0.32199935913085936 0.3239405632019043 0.03261222839355469 0.07425598568386502
0 0.3526420906186104 0.24244441986083984 0.026110300421714784 0.06114501953125
1 0.2829310417175293 0.46172858344184026 0.10658488273620606 0.20558861626519098
0 0.07413542866706849 0.3936812506781684 0.05199178457260132 0.08957316080729166
0 0.6431025564670563 0.25489719178941517 0.028408348560333252 0.07229667239718968
0 0.17167125940322875 0.4911969502766927 0.034578585624694826 0.09981138441297743
3 0.32206135988235474 0.32500910494062635 0.03289496898651123 0.07102657424079048
0 0.1238292098045349 0.624474843343099 0.04871699810028076 0.1598052978515625
0 0.3770790591835976 0.2969262017144097 0.02615431249141693 0.0735905541314019
0 0.3937822818756104 0.25227448145548503 0.012066650390625 0.03788246578640408
3 0.2852994680404663 0.5311585320366754 0.1093414306640625 0.3398665534125434
0 0.3643895387649536 0.1730920950571696 0.019045019149780275 0.036143249935574
0 0.6036875288933515 0.16553389231363932 0.00737505778670311 0.027328830295138887
0 0.029460960254073142 0.3965121799045139 0.04117665365338326 0.07955788506401909
0 0.3575891971588135 0.3007212426927355 0.01540513038635254 0.06169507768419054
