3 0.734597361087799 0.7749198807610406 0.2479937791824341 0.45016023847791886
0 0.16750334501266478 0.7056398179796007 0.08732702732086181 0.2220891316731771
1 0.16301146745681763 0.6522518369886611 0.08295433521270752 0.11771854824490018
0 0.593332028388977 0.24692079755995008 0.02119455337524414 0.05969895256890191
0 0.3039886474609375 0.40692889955308703 0.033469629287719724 0.11681940290662977
3 0.6341265916824341 0.6191680696275499 0.1696183681488037 0.1838860829671224
0 0.4104344010353088 0.3707212342156304 0.031519603729248044 0.09799412621392144
0 0.6536547347903252 0.23442834218343098 0.019440892338752746 0.06271921793619792
0 0.3608389660716057 0.38365814420912003 0.025819435715675354 0.09813738928900825
0 0.2717451572418213 0.41022617552015517 0.03192496299743652 0.11448841094970703
0 0.30037564039230347 0.3054254213968913 0.024612832069396972 0.07771905263264973
0 0.6705080151557923 0.240617921617296 0.018410038948059083 0.06307487487792969
0 0.24269394874572753 0.38243999481201174 0.02995133399963379 0.10677477518717447
0 0.3721166417002678 0.24008656607733833 0.013508632779121399 0.05242756737603082
0 0.3248494863510132 0.3159457736545139 0.023340892791748048 0.08406160142686632
0 0.21013622283935546 0.44438739352756074 0.03463886976242066 0.12649044460720485
0 0.08209497332572938 0.399711185031467 0.06836842298507691 0.07422909206814236
0 0.6307016372680664 0.24574989742702907 0.020904731750488282 0.06676038106282552
0 0.35415217131376264 0.2808508343166775 0.020486673712730406 0.07475831773546007
0 0.35726089477539064 0.2120828522576226 0.01468796730041504 0.0489421632554796
0 0.23606204986572266 0.4903288099500868 0.038436603546142575 0.11285552978515626
0 0.029236787185072898 0.3827461136711968 0.03656135275959969 0.05499498579237196
0 0.33971420526504514 0.2510857794019911 0.012175154685974122 0.05400736067030165
0 0.39453243017196654 0.23778465059068468 0.010935139656066895 0.04224558936225043
0 0.34039769023656846 0.3463573879665799 0.014486470818519592 0.08094406127929688
0 0.36893540620803833 0.18264138433668348 0.012195277214050292 0.03870477676391602
0 0.18278346061706544 0.44419267442491317 0.023983335494995116 0.11013675265842014
0 0.32736935481661933 0.25301822026570636 0.013863801653496922 0.04876295725504557
3 0.16587894558906555 0.7046578089396159 0.0839340090751648 0.2183596716986762
0 0.9964779734611511 0.3974377738104926 0.006767106056213379 0.05290133158365885
0 0.4268167972564697 0.2255592770046658 0.020998001098632812 0.05977554321289062
0 0.602334332279861 0.2371270497639974 0.004668664559721947 0.04602716233995226
