0 0.23647720813751222 0.4336997561984592 0.04081306457519531 0.10129165649414062
0 0.2995349168777466 0.4348568598429362 0.04529876708984375 0.11242654588487414
3 0.7502298802137375 0.544460662206014 0.149222332239151 0.24881179597642686
0 0.07271275520324708 0.39409329096476237 0.04609435796737671 0.09039304521348741
0 0.36257249116897583 0.2686378584967719 0.02704700231552124 0.06294680701361763
0 0.6464578151702881 0.22354635662502712 0.012941312789916993 0.04779330359564887
2 0.7515109062194825 0.5439544677734375 0.14576892852783202 0.2513765123155382
2 0.5868937015533447 0.47634680800967744 0.11045174598693848 0.21437329716152614
0 0.3410356719046831 0.34513078265719943 0.02260748967528343 0.08185782962375217
0 0.3338119626045227 0.30527943505181204 0.015487360954284667 0.061125691731770834
0 0.627331280708313 0.21513512929280598 0.013147592544555664 0.048421012030707464
1 0.7081906199455261 0.3960534864001804 0.024243760108947753 0.07537652651468912
0 0.7083306789398194 0.392116207546658 0.03250064849853516 0.07812245686848958
0 0.5912846565246582 0.2671652052137587 0.021042633056640624 0.057879638671875
0 0.3856520175933838 0.22986436420016818 0.024697113037109374 0.05570498572455512
0 0.028308050148189066 0.39730792575412327 0.044206765666604045 0.08187806871202256
1 0.6191219407322933 0.44127091301812066 0.03817765355051961 0.15373602973090278
0 0.5872771859169006 0.18335268762376572 0.024352049827575682 0.05259830686781142
0 0.365075147151947 0.2130488289727105 0.017628788948059082 0.048433176676432294
0 0.3864236831665039 0.27818368275960287 0.01752815246582031 0.06290876600477431
0 0.5063891887664795 0.293355475531684 0.025179195404052734 0.08245620727539063
0 0.41193742752075196 0.1458872159322103 0.015492665767669677 0.04464547899034288
0 0.41566100120544436 0.19680843883090549 0.010820937156677247 0.04893187416924371
