1 0.5420687079429627 0.6189294603135851 0.12111785411834716 0.18193113538953992
1 0.67772321626544 0.6325417200724284 0.11566245704889297 0.1832803938123915
0 0.7455530643463135 0.5287754482693142 0.06739835739135742 0.10765041775173612
0 0.5132876396179199 0.8163547092013889 0.04347076416015625 0.1810523139105903
0 0.10634241104125977 0.7464699639214409 0.04101280570030212 0.17603929307725694
0 0.8853214263916016 0.9067444695366753 0.05388832092285156 0.1808717515733507
0 0.6482788532972336 0.36725780698988175 0.02198389172554016 0.08927572038438585
0 0.2851797938346863 0.4839471764034695 0.02215735912322998 0.08498188654581705
1 0.341459596157074 0.35793430540296767 0.04794600009918213 0.09180639055040148
1 0.6127996802330017 0.3272524727715386 0.025599360466003418 0.08575536939832899
1 0.5205082893371582 0.21395206451416016 0.026053810119628908 0.04980511135525174
0 0.7028799057006836 0.29354878531561956 0.034865188598632815 0.058694182501898874
0 0.20158836841583253 0.4974921332465278 0.028429031372070312 0.10382317437065972
0 0.676556408405304 0.3488040288289388 0.019809269905090333 0.07473411560058593
0 0.25380208492279055 0.545127190483941 0.029079294204711913 0.14048843383789061
0 0.8662895202636719 0.7823883904351129 0.05689945220947266 0.15507439507378473
0 0.4713451385498047 0.6713768005371094 0.03631649017333984 0.15850067138671875
0 0.7431459724903107 0.8567135704888238 0.044741809368133545 0.11438819037543403
0 0.1717012643814087 0.7470026652018229 0.0423814058303833 0.18235677083333332
2 0.3876997303974349 0.5265775892469619 0.13442152499919757 0.3690670437282986
0 0.26663618087768554 0.4219082938300239 0.020966577529907226 0.09568494160970052
0 0.5048674583435059 0.3035265392727322 0.027620387077331544 0.0669921875
3 0.35427156686782835 0.5570301983091567 0.09145686626434327 0.36112270885043674
0 0.5725690603256226 0.19664906925625272 0.011371421813964843 0.049073484208848744
0 0.7106059670448304 0.38138885498046876 0.01929457187652588 0.07783737182617187
0 0.5431862354278565 0.2084809939066569 0.011504220962524413 0.05115489959716797
0 0.6915751665830612 0.40735062493218316 0.022161561250686645 0.08651190863715277
0 0.6841311454772949 0.48096728854709203 0.04738750457763672 0.09638281928168403
0 0.2984646201133728 0.3185728073120117 0.01762549877166748 0.06328091091579861
2 0.6036587357521057 0.332134514912549 0.04273808002471924 0.0858211029941837
0 0.7129686206579209 0.4473827997843424 0.027004510164260864 0.08954149881998698
1 0.39662142992019656 0.27193037668863934 0.031060123443603517 0.06238767835828993
0 0.5316379964351654 0.32420532438490124 0.04055014848709106 0.07541908688015408
3 0.45732730627059937 0.15788657400343153 0.03166780471801758 0.06731854544745551
3 0.44867820739746095 0.27257569630940753 0.04474430084228516 0.10974854363335504
0 0.4825693964958191 0.29327304628160267 0.015713715553283693 0.06989366743299696
0 0.2750119686126709 0.3528243170844184 0.02212810516357422 0.08161504533555773
0 0.38534035682678225 0.31696436140272355 0.0223233699798584 0.07011142306857639
0 0.6703741282224656 0.2961584515041775 0.01740584969520569 0.0632197486029731
0 0.5896376371383667 0.2326189253065321 0.013713455200195313 0.04931301540798611
0 0.31924278736114503 0.30909092161390517 0.017858362197875975 0.06506260765923394
0 0.0360615611076355 0.94581544664171 0.07069237232208252 0.10539618598090278
0 0.18455116748809813 0.5582243283589681 0.036853790283203125 0.09777486589219835
0 0.01353478729724884 0.33653140597873266 0.02706957459449768 0.07512226104736328
0 0.9757520675659179 0.9539199829101562 0.04849586486816406 0.0921600341796875
0 0.3767542093992233 0.18068101671006945 0.013180965185165405 0.043187586466471355
1 0.5893491029739379 0.27792347802056205 0.03819723129272461 0.06347215440538194
1 0.702194407582283 0.3056373397509257 0.03159481883049011 0.03349690172407362
0 0.4223243176937103 0.28529370625813805 0.01717613935470581 0.062065845065646705
0 0.7758993864059448 0.8224316702948676 0.033960580825805664 0.09764493306477864
3 0.434866389632225 0.35163926813337537 0.03973482251167297 0.07300682597690158
0 0.7825106620788574 0.42849269443088106 0.02645883560180664 0.08872748480902778
0 0.7915712356567383 0.9120448218451606 0.04136557579040527 0.08366750081380209
0 0.8121655464172364 0.4327326880560981 0.030605125427246093 0.09668791029188369
1 0.38173415660858157 0.6645854738023546 0.12284331321716309 0.09305127461751302
3 0.34397656470537186 0.35794736411836414 0.04732812941074371 0.09293233288658989
0 0.6568966120481491 0.3136357376144992 0.013995248079299926 0.04399877869420581
0 0.8627353310585022 0.4328960418701172 0.039248204231262206 0.07690972222222223
2 0.34231674671173096 0.3585151341226366 0.0488551139831543 0.09196904765235053
0 0.3514457710087299 0.28509976069132487 0.01887413114309311 0.05934420691596137
0 0.7143962502479553 0.3384543895721436 0.011832499504089355 0.05382664998372396
0 0.5094312489032745 0.18103362719217936 0.010272371768951415 0.04084577560424805
0 0.6387618541717529 0.22422736485799152 0.017194795608520507 0.052425320943196616
1 0.7335263431072235 0.25249030854966903 0.0320992112159729 0.05356506771511502
2 0.44633203744888306 0.3138907067063782 0.04910891056060791 0.04922493721048037
