0 0.2783376693725586 0.5148135503133138 0.03988857269287109 0.10963884989420573
2 0.6367882490158081 0.2877411683400472 0.12181167602539063 0.23356095419989692
0 0.9580873489379883 0.8800384521484375 0.07725353240966797 0.21107109917534722
0 0.8023960173130036 0.44189215766059026 0.02277268171310425 0.0728531731499566
0 0.3087120294570923 0.32141508526272244 0.02637515068054199 0.08659547170003255
1 0.958572506904602 0.8806780497233073 0.0774625301361084 0.2146920945909288
0 0.7928363859653473 0.5150212287902832 0.02824524641036987 0.08538790808783638
1 0.08126749247312545 0.41444329155815973 0.06350695192813874 0.09948772854275173
0 0.7155206322669982 0.3238635275099013 0.025360751152038574 0.06728801727294922
0 0.08062396645545959 0.40805990431043837 0.06361855268478393 0.0941128200954861
0 0.43706701397895814 0.3272934344079759 0.014556467533111572 0.03317659960852729
0 0.3901390075683594 0.17502106560601127 0.011736679077148437 0.03543281555175781
0 0.03597475588321686 0.3855495558844672 0.027630138397216796 0.06116474999321832
