0 0.7156778335571289 0.35389234754774307 0.031289863586425784 0.08443289862738715
0 0.3452586021274328 0.3130949020385742 0.03558964803814888 0.08357340494791667
0 0.6359264716506005 0.2869360393948025 0.03062380850315094 0.07076199849446614
0 0.7445605516433715 0.4658689498901367 0.03799216747283936 0.10386093987358941
0 0.8216615676879883 0.5758695814344618 0.06688270568847657 0.1391845703125
0 0.6755833685398102 0.34919613732231986 0.033613288402557374 0.08159734937879774
0 0.653898811340332 0.3779766294691298 0.024791574478149413 0.08519181145562066
0 0.674239206314087 0.2686639573838976 0.027231061458587648 0.061629867553710936
3 0.3446280360221863 0.3228886710272895 0.03614633083343506 0.0653410169813368
0 0.4579350709915161 0.2253644095526801 0.021056866645812987 0.06412251790364583
0 0.07916486263275146 0.3945002237955729 0.0609849214553833 0.08087938096788194
0 0.6126380382105708 0.21415764490763348 0.013633403554558754 0.04067918989393446
0 0.7125011444091797 0.17954152954949273 0.01496901512145996 0.046700106726752386
1 0.8151415288448334 0.5740660349527995 0.05555230379104614 0.13686875237358942
3 0.6748505771160126 0.3506054977575938 0.03503384590148926 0.07975406779183282
