0 0.058660203218460084 0.8888817681206598 0.09660319089889527 0.2178471883138021
0 0.5546584010124207 0.33955315483940973 0.026046061515808107 0.08958875868055556
0 0.07814178466796876 0.6380740695529514 0.060466766357421875 0.18129136827256945
1 0.44175355732440946 0.29490407307942706 0.053226393461227414 0.0996525658501519
0 0.16479122638702393 0.5814332326253255 0.05475740432739258 0.14699410332573784
0 0.7378967523574829 0.3625843048095703 0.030036425590515135 0.08311809963650174
1 0.05885730050504208 0.8881214565700954 0.09728807881474495 0.21972741021050346
3 0.4398055076599121 0.3182812107933892 0.053725814819335936 0.05585576163397895
0 0.3267980575561523 0.34287708070543077 0.027672195434570314 0.07010411156548393
0 0.3619283318519592 0.3048055754767524 0.028064560890197755 0.06136188507080078
2 0.37362964153289796 0.5027074178059896 0.15494694709777831 0.3304906209309896
0 0.5153465270996094 0.2354672220018175 0.017354583740234374 0.05297366248236762
0 0.692384946346283 0.29276856316460503 0.01885840892791748 0.0580619388156467
0 0.2706667423248291 0.38526009453667537 0.03335161209106445 0.09118677775065104
0 0.07849389910697938 0.41228853861490883 0.06516116857528687 0.06622229682074653
0 0.33292357716709375 0.2875288115607368 0.020626674219965935 0.04710017310248481
3 0.3493327021598816 0.5039558198716906 0.10116965770721435 0.33697115580240883
0 0.2934943437576294 0.324022822909885 0.03089447021484375 0.0508056640625
3 0.07656490653753281 0.6367271317376031 0.05872118771076203 0.18428363800048828
3 0.1649380147457123 0.5830437024434407 0.05422850847244263 0.14881551530626086
0 0.6197728715837002 0.21338433159722223 0.015518762171268463 0.05276251898871528
0 0.3929962158203125 0.23979076809353297 0.013646554946899415 0.053219646877712676
0 0.3898343682289124 0.1927170859442817 0.015502333641052246 0.047888395521375866
