0 0.7069891393184662 0.4068497233920627 0.042357337474822995 0.10358426835801866
0 0.6913845062255859 0.8124315049913194 0.07350034713745117 0.1919955783420139
0 0.7845897674560547 0.4908747143215603 0.048403358459472655 0.12371813456217448
0 0.22260470390319825 0.5458334604899089 0.061773061752319336 0.1453320821126302
0 0.24538121223449708 0.3812808672587077 0.035915803909301755 0.08916869693332248
0 0.788548755645752 0.6574183570014106 0.062490081787109374 0.1709154764811198
0 0.6422965288162231 0.2574995146857368 0.025254058837890624 0.06667681799994575
0 0.07223103642463684 0.3946682506137424 0.04269249439239502 0.08749336666531032
1 0.6903492391109467 0.8098436779446072 0.07209566831588746 0.19097887674967448
0 0.35330101251602175 0.29352468914455837 0.024538588523864747 0.05731974707709418
0 0.29973998069763186 0.5615952385796441 0.04136624336242676 0.1480761210123698
0 0.3448892831802368 0.3603541904025608 0.024050426483154298 0.08573659261067708
0 0.36801777482032777 0.24528902901543512 0.011694002151489257 0.04964843326144748
0 0.32932281494140625 0.27292234632703993 0.021780014038085938 0.07732883029513889
0 0.3654301404953003 0.38640238444010416 0.025206804275512695 0.09229295518663194
1 0.6041106224060059 0.251664670308431 0.053647422790527345 0.0931349860297309
0 0.3801416039466858 0.25216857062445747 0.015627455711364747 0.053301366170247395
0 0.39500307142734525 0.20939623514811198 0.015310174226760865 0.047880596584743924
0 0.029583508521318434 0.39532744089762367 0.04294707626104355 0.07904853820800781
0 0.17325334548950194 0.29641041225857206 0.03955750465393067 0.06733118693033854
