3 0.26309223771095275 0.7871883498297797 0.25378717184066774 0.42562330034044055
1 0.5686476588249206 0.30836717817518444 0.07396447658538818 0.10593316819932726
0 0.6555964156985283 0.39143140580919056 0.0270165354013443 0.08547036912706163
0 0.7606926739215851 0.4384420394897461 0.03604205846786499 0.10430759853786892
1 0.6007490158081055 0.49705759684244794 0.08917312622070313 0.1440431382921007
0 0.6808757901191711 0.31477318869696724 0.01621379852294922 0.05961899227566189
0 0.65759856402874 0.2772557788425022 0.0192926824092865 0.06885197957356771
1 0.07486453652381897 0.39792599148220487 0.07243901491165161 0.08115437825520834
0 0.0746339201927185 0.3986343807644314 0.07012720108032226 0.0790665520562066
2 0.2884495735168457 0.6255927191840278 0.3530423164367676 0.7379814995659723
3 0.5689487099647522 0.3262202464458015 0.07299859523773193 0.07261073001556927
0 0.6393699645996094 0.28139476776123046 0.024106216430664063 0.0662971920437283
3 0.38394113779067995 0.49902476204766166 0.12725727558135985 0.4241726981268989
0 0.0284798763692379 0.3846281051635742 0.023953570425510405 0.05403539869520399
0 0.604795205820119 0.17517988946702745 0.009385148726869375 0.04141552183363173
0 0.6890317916870117 0.20475186241997612 0.014382171630859374 0.051471710205078125
2 0.5696081280708313 0.3255898835913589 0.07424843311309814 0.07318597581858437
0 0.7126150488853454 0.18350016276041667 0.014093327522277831 0.0422371334499783
0 0.41892206370830537 0.14057557847764757 0.012800103425979615 0.03512041303846571
