0 0.13624613285064696 0.6621084849039713 0.08809537887573242 0.13061904907226562
0 0.27387294769287107 0.6798358493381076 0.09189085960388184 0.1385413275824653
0 0.2894268870353699 0.43922697703043617 0.04932472705841064 0.09217855665418836
0 0.08275207877159119 0.5755746629503038 0.07938548326492309 0.10189463297526041
0 0.6457275390625 0.5488332960340712 0.06659469604492188 0.11582099066840278
0 0.7961441040039062 0.5508348676893446 0.06847648620605469 0.10950546264648438
0 0.7308639526367188 0.5911889394124349 0.06688451766967773 0.11852442423502604
0 0.43396897315979005 0.42813932630750867 0.054691410064697264 0.08483089870876737
0 0.9421846389770507 0.6860384623209635 0.047727203369140624 0.13957349989149306
0 0.535148811340332 0.6244141472710504 0.07972888946533203 0.12919769287109376
0 0.53074951171875 0.3233844757080078 0.01898193359375 0.08188383314344617
0 0.4889409303665161 0.35886646111806236 0.031195068359375 0.07527630594041612
0 0.5655186891555786 0.3530639754401313 0.024820327758789062 0.08598147498236762
1 0.3978184163570404 0.25929182900322806 0.034115028381347653 0.06431797875298394
0 0.48285884857177735 0.5437564425998264 0.06525707244873047 0.1130584716796875
0 0.30643429756164553 0.30222352345784503 0.01854696273803711 0.07712253994411893
0 0.5913314461708069 0.2584236674838596 0.012349629402160644 0.05910095638699002
0 0.6079014658927917 0.24790988498263888 0.015016388893127442 0.059578662448459205
0 0.7026099443435669 0.2916449122958713 0.034429407119750975 0.05944347381591797
0 0.32318506240844724 0.421457036336263 0.031892824172973636 0.08853895399305556
0 0.452518367767334 0.3495447582668728 0.03491451740264893 0.07481380038791233
0 0.3150587558746338 0.6205762651231553 0.0773275375366211 0.11883468627929687
0 0.5763221979141235 0.28141202926635744 0.015188503265380859 0.06434688568115235
0 0.5779352307319641 0.6022683461507161 0.03493125438690185 0.08148693508572048
0 0.08898264169692993 0.41690199110243054 0.05321869850158691 0.08560197618272569
0 0.4701467573642731 0.30822551515367297 0.01700493097305298 0.06935655805799697
0 0.5316705703735352 0.18854872915479873 0.011406469345092773 0.046871683332655165
1 0.06580680012702941 0.49583914015028213 0.13161360025405883 0.11342832777235243
1 0.4303808033466339 0.16075482368469238 0.021895444393157958 0.038590060340033636
0 0.7591558456420898 0.37986424763997395 0.023175430297851563 0.08957960340711806
3 0.4576128423213959 0.20737711588541666 0.03921245336532593 0.07163018120659723
1 0.44283955097198485 0.2699957741631402 0.0360687255859375 0.07243855794270833
0 0.7679211080074311 0.46105907758076986 0.02328368425369263 0.06379098892211914
0 0.27300209999084474 0.3075061480204264 0.01817779541015625 0.06209519704182943
0 0.8620519280433655 0.43398717244466145 0.04253103733062744 0.07439651489257812
0 0.26434669494628904 0.6428821563720704 0.034010457992553714 0.07872873942057292
0 0.4811492145061493 0.27587413787841797 0.014483034610748291 0.05927293565538194
0 0.5745823860168457 0.24105584886338977 0.012772130966186523 0.052651172214084205
0 0.3684857577085495 0.30132331848144533 0.016922491788864135 0.07154112921820746
0 0.7878212630748749 0.46397786140441893 0.028624165058135986 0.06025732888115777
0 0.5999470949172974 0.21154563691880968 0.01292886734008789 0.04623682234022353
0 0.014700669050216674 0.3377210828993056 0.029401338100433348 0.0746157964070638
0 0.35165087282657626 0.31461297935909693 0.0345099151134491 0.05144818094041612
0 0.6722367882728577 0.2678259637620714 0.02098205089569092 0.05178610483805338
0 0.38811081647872925 0.21109759012858073 0.013351130485534667 0.04609815809461806
0 0.42122391164302825 0.26803542243109807 0.013094335794448853 0.053682242499457467
3 0.46494499444961546 0.15071738560994466 0.025465774536132812 0.05353465610080295
0 0.5618231296539307 0.3082662675115797 0.01807427406311035 0.038754757245381674
0 0.9932674765586853 0.5403671264648438 0.013465046882629395 0.0768122778998481
