0 0.28461586236953734 0.3941099060906304 0.034877610206604 0.09741090138753256
0 0.23675453662872314 0.4895954132080078 0.04335737228393555 0.10557590060763888
0 0.11459933519363404 0.6046090867784288 0.05981850624084473 0.13228047688802083
0 0.4078334242105484 0.3192980342441135 0.028172224760055542 0.0858380847507053
0 0.4232291042804718 0.24289545483059352 0.02200273275375366 0.059255366855197486
0 0.3670925945043564 0.3251605881585015 0.02980915904045105 0.06923304663764106
0 0.0745554506778717 0.39386961195203996 0.05202187299728393 0.08917405870225695
0 0.3785259619355202 0.2526455773247613 0.02181783616542816 0.052061843872070315
0 0.19614179730415343 0.46381287044949004 0.03899315595626831 0.09847085740831163
0 0.31428784132003784 0.29853861067030163 0.02448561191558838 0.06157620747884115
0 0.21249103546142578 0.6269154866536458 0.06067770719528198 0.15498165554470486
0 0.31712023019790647 0.40906283060709636 0.028768277168273924 0.08020222981770833
0 0.302526593208313 0.7325673421223958 0.022934436798095703 0.06942342122395834
0 0.2074866533279419 0.2832526948716905 0.036081552505493164 0.06170141432020399
0 0.34440730772912503 0.4521110110812717 0.03130301907658577 0.10083931816948785
0 0.3340670824050903 0.3244050873650445 0.018573856353759764 0.0658987045288086
0 0.3548367738723755 0.25694235695732964 0.026118993759155273 0.0647873560587565
1 0.5285952091217041 0.2331367916531033 0.046216583251953124 0.0877515157063802
0 0.39374920129776003 0.22130307091606988 0.01250159740447998 0.05395088195800781
2 0.5287527859210968 0.2324464586046007 0.04447363615036011 0.08359574211968315
0 0.03219440132379532 0.3825479507446289 0.038775762915611266 0.05442314147949219
0 0.31852811574935913 0.3491371750831604 0.01533801555633545 0.04432293309105767
0 0.4188331991434097 0.41135598288642033 0.016133803129196166 0.05055016411675347
0 0.3746453166007996 0.19425882233513725 0.013071608543395997 0.03795885509914822
0 0.9302028298377991 0.35597480667961967 0.044314789772033694 0.04099489847819011
0 0.2631790280342102 0.8223076714409723 0.016209340095520018 0.06583141750759548
