0 0.49083681106567384 0.581015141805013 0.07400875091552735 0.12038786146375868
0 0.6272412776947022 0.5574322594536676 0.07118167877197265 0.11636310153537327
0 0.19851512908935548 0.5582493252224392 0.07140874862670898 0.11068335639105903
1 0.64819256067276 0.38346646626790365 0.08869683742523193 0.110040283203125
1 0.44513530731201173 0.24706261952718098 0.032627224922180176 0.07068286471896701
0 0.5210110485553742 0.33332147598266604 0.02090514898300171 0.07914680904812282
0 0.0910995364189148 0.4840927971733941 0.0704218864440918 0.09658457438151041
0 0.5515988588333129 0.3289207034640842 0.017800378799438476 0.0882613288031684
0 0.32277382612228395 0.2945948918660482 0.018709540367126465 0.06854892306857639
0 0.40042721331119535 0.2907354460822211 0.014863163232803345 0.0669611824883355
0 0.5710668325424194 0.301887141333686 0.01693572998046875 0.07441459231906467
0 0.3968036562204361 0.22723433176676433 0.013786810636520385 0.05504485236273871
0 0.4233491748571396 0.2951462215847439 0.015537148714065552 0.06622992621527778
0 0.6218070268630982 0.25899644427829316 0.01840696334838867 0.06744628482394749
0 0.9413877487182617 0.6895824856228299 0.054352951049804685 0.15013457404242622
3 0.3621064007282257 0.4442110909356011 0.08358780145645142 0.14464895460340713
0 0.00854770913720131 0.39374224344889325 0.01709541827440262 0.05895199245876736
0 0.2586381912231445 0.4542630089653863 0.05283002853393555 0.09885406494140625
0 0.37944507598876953 0.29926304287380645 0.014143145084381104 0.06571422153049045
0 0.0322611965239048 0.46098036766052247 0.03324848264455795 0.06801839404635959
0 0.46792247891426086 0.3229890012906657 0.012922823429107666 0.06454978833595912
0 0.2141215145587921 0.4615110238393148 0.037974631786346434 0.07398617002699111
0 0.14754035472869872 0.4499034457736545 0.06601636409759522 0.0924741956922743
0 0.675735592842102 0.26845667097303605 0.027240610122680663 0.05049540201822917
0 0.8844447135925293 0.5669732835557726 0.06056632995605469 0.0997833251953125
0 0.3652021810412407 0.2904766188727485 0.01640991270542145 0.06893350813123915
1 0.45897690057754514 0.20721700456407335 0.027873945236206055 0.050103844536675345
0 0.7028648257255554 0.29163668950398763 0.03489534854888916 0.059635437859429256
0 0.1957721710205078 0.4159712579515245 0.028160476684570314 0.05929535759819878
0 0.8593439102172852 0.550499947865804 0.019824790954589843 0.07075731489393446
0 0.8141095399856567 0.43881727854410807 0.026308250427246094 0.08624788920084635
0 0.0822178840637207 0.3470377604166667 0.0341766357421875 0.05616887410481771
0 0.8816047310829163 0.5068591859605577 0.03262460231781006 0.05987010531955295
0 0.04220472574234009 0.9369072808159722 0.08440945148468018 0.12103983561197916
0 0.444596004486084 0.336759524875217 0.01865253448486328 0.08025921715630426
1 0.06885617673397064 0.4084056430392795 0.06769817471504211 0.070782470703125
0 0.10898956656455994 0.4224754598405626 0.035384643077850345 0.07169432110256618
0 0.4427816569805145 0.16373582945929632 0.00977712869644165 0.03838141759236654
0 0.2728128910064697 0.3070265875922309 0.018768167495727538 0.061477576361762154
0 0.2997334718704224 0.2792289627922906 0.014792251586914062 0.06547667185465494
0 0.5310202836990356 0.1586088392469618 0.009153127670288086 0.038629574245876735
0 0.8633975028991699 0.43531248304578996 0.04073619842529297 0.08066914876302084
0 0.6012272357940673 0.17754869990878636 0.013557672500610352 0.04535082711113824
3 0.6480147946625948 0.3841080824534098 0.08753862604498863 0.10973329544067383
0 0.4212601602077484 0.15857869254218207 0.008759868144989014 0.036019982231987845
1 0.02431037724018097 0.5792890124850802 0.04862075448036194 0.09642295837402344
0 0.18468177914619446 0.4492720233069526 0.027263724803924562 0.06328634685940213
0 0.2666390299797058 0.41190244886610244 0.028258681297302246 0.06458102332221137
0 0.21740998029708863 0.4245082802242703 0.022267365455627443 0.055128955841064455
