0 0.09734933376312256 0.7843950059678819 0.08060846328735352 0.22987191942003038
0 0.20858508944511414 0.6404428164164225 0.04402800798416138 0.15020949045817059
0 0.18746374249458314 0.4854715559217665 0.0482049822807312 0.10043063693576389
0 0.2764825463294983 0.4692030800713433 0.029509854316711426 0.10804295010036892
0 0.3581338137388229 0.363725831773546 0.03482908606529236 0.07145317925347222
0 0.2460295081138611 0.37823765012953015 0.03268363475799561 0.09152113596598307
0 0.29641631841659544 0.6470614963107639 0.03937041759490967 0.13858295016818575
0 0.324276340007782 0.35215651194254555 0.029099297523498536 0.07631848653157552
0 0.28337453603744506 0.3765246073404948 0.026640439033508302 0.07997614542643229
0 0.41688339710235595 0.5145602968004015 0.03930232524871826 0.13893445332845053
0 0.40100381672382357 0.3424713134765625 0.021196907758712767 0.07875866360134548
0 0.2928287982940674 0.31017143461439345 0.019639205932617188 0.06494426727294922
0 0.3661665439605713 0.4917717191908095 0.03354659080505371 0.13611344231499567
3 0.45825362801551817 0.21797034475538465 0.04597173929214478 0.10379086600409614
0 0.354707083851099 0.30208554797702364 0.027295999228954315 0.05714613596598307
1 0.09731384813785553 0.782742797003852 0.08029798865318298 0.23067571851942276
0 0.32790504693984984 0.2894279691908095 0.018137145042419433 0.04898397657606337
0 0.3808796048164368 0.2883593029446072 0.017240142822265624 0.05042631361219618
0 0.35563604831695556 0.23195529513888888 0.01907320022583008 0.05909042358398438
3 0.094948410987854 0.7830377366807726 0.07972052097320556 0.23292600843641492
0 0.339975380897522 0.43770370483398435 0.023459959030151366 0.08866204155815972
0 0.3934448599815369 0.26176318062676324 0.011409687995910644 0.0391856935289171
0 0.50636066198349 0.31232426936427754 0.015851974487304688 0.041850678622722626
1 0.08658801764249802 0.691554578145345 0.07502807676792145 0.03893606397840712
0 0.030622024461627005 0.39603761037190754 0.0403384305536747 0.07825830247667101
0 0.9966287851333618 0.4025521967146132 0.006742429733276367 0.04228438271416558
0 0.33379967920482156 0.33072927792867024 0.008301777392625808 0.033780203925238714
2 0.4581294655799866 0.21781336996290418 0.04573235511779785 0.10419539345635308
0 0.07687406539916992 0.39355218675401477 0.05951967239379883 0.06945215861002604
0 0.41812496185302733 0.2259987619188097 0.01221635341644287 0.04458933936225044
0 0.32483588717877865 0.4138306034935845 0.009046774357557297 0.05281650755140516
