2 0.3604662656784058 0.5189022488064237 0.21597037315368653 0.5414213392469618
0 0.05152063369750977 0.7118235270182292 0.05854176282882691 0.17305094401041668
0 0.6893731355667114 0.3407516161600749 0.026912832260131837 0.08394001854790581
1 0.6113516807556152 0.5809945000542535 0.1086465835571289 0.17736104329427083
0 0.8133327901363373 0.5341009563869901 0.03610259294509888 0.11110555860731337
0 0.7230520129203797 0.49866843753390844 0.043071556091308597 0.11726264953613282
0 0.07872447371482849 0.3927392323811849 0.0676315426826477 0.08406880696614584
0 0.6320978999137878 0.2706265343560113 0.020534300804138185 0.05465664333767361
0 0.6400358334183693 0.31140825698773067 0.021920260787010194 0.039097633295589025
0 0.6594374179840088 0.2808036380343967 0.01943373680114746 0.05851656595865885
1 0.5669638156890869 0.3121143341064453 0.05319366455078125 0.08898349338107639
3 0.32277984619140626 0.5748498996098836 0.15234742164611817 0.3959727234310574
0 0.6768532156944275 0.2793505244784885 0.01896507740020752 0.05655850304497613
1 0.05296779572963715 0.667418098449707 0.056262701749801636 0.08714790344238281
0 0.24144563674926758 0.39032974243164065 0.022207927703857423 0.0807373046875
0 0.6084408760070801 0.20064240561591254 0.01367182731628418 0.044993485344780815
1 0.07839611619710922 0.3908129374186198 0.07003808319568634 0.08157696194118924
0 0.5075343906879425 0.31131162829697134 0.016696321964263915 0.043349829233354994
0 0.996720814704895 0.3993633482191298 0.006418466567993164 0.04971690707736545
0 0.7127943396568298 0.18033197191026476 0.014341425895690919 0.047123082478841144
0 0.03429056033492088 0.39768526289198136 0.022727085649967192 0.07749341328938802
3 0.5662358999252319 0.3226066642337375 0.05476036071777344 0.06743555068969727
0 0.2878070831298828 0.22812937630547417 0.0160400390625 0.04845159318712022
0 0.4473685085773468 0.182576937145657 0.017003905773162842 0.03704894383748372
1 0.42908344864845277 0.2932694647047255 0.06874195337295533 0.07775753868950738
3 0.05146296247839928 0.7127261055840386 0.05950940400362015 0.17849947611490885
1 0.711123812198639 0.49922832912868925 0.018142104148864746 0.11811184353298611
