0 0.3154678463935852 0.46363886727227105 0.04326331615447998 0.11392086876763238
0 0.0894606351852417 0.615135998196072 0.060371112823486325 0.14728317260742188
0 0.30007530450820924 0.2967555787828233 0.02460525035858154 0.06102409362792969
0 0.3629039153456688 0.35903455946180557 0.029463914036750794 0.08461574978298611
0 0.2829598903656006 0.35107931560940214 0.026667070388793946 0.06785996754964192
0 0.3666523978114128 0.2544585969712999 0.019976404309272767 0.06773630777994792
0 0.3825959116220474 0.29104224310980903 0.020218557119369505 0.05338304307725694
2 0.46816444396972656 0.29492210812038844 0.11191024780273437 0.1430352528889974
0 0.031956089287996294 0.39464261796739364 0.03905714601278305 0.07626991271972657
0 0.3349424362182617 0.2540546629163954 0.017477655410766603 0.05731001959906684
0 0.3491824150085449 0.2779978222317166 0.018720531463623048 0.06670299106174045
0 0.3334876537322998 0.32685084872775605 0.02550473213195801 0.07912368774414062
0 0.8551894068717957 0.5314083099365234 0.010369563102722168 0.02820977105034722
3 0.44703355729579924 0.3081332842508952 0.06543975472450256 0.12192236582438151
0 0.4308974862098694 0.21922374301486544 0.01526336669921875 0.06155798170301649
0 0.0781165599822998 0.39499920739067923 0.05264174938201904 0.06633898417154947
0 0.23980405330657958 0.4766535441080729 0.03461246490478516 0.13948194715711806
0 0.9968104958534241 0.3969666375054253 0.0063790082931518555 0.057104407416449655
