3 0.7946826189756393 0.7675717459784613 0.21169968247413634 0.4318299611409505
3 0.3699349403381348 0.5764368693033854 0.09687337875366211 0.31797349717881945
0 0.18122327327728271 0.6402372148301866 0.03216643333435058 0.15803587171766492
0 0.46555166244506835 0.6567015753851997 0.036515426635742185 0.15443132188585068
0 0.23962595462799072 0.7177950541178385 0.03793058395385742 0.16732398139105903
1 0.3165570259094238 0.8856920030381944 0.12539663314819335 0.2230777316623264
1 0.6274704694747925 0.3633984989590115 0.05618896484375 0.08564866383870443
1 0.6297323703765869 0.8635556538899739 0.1408247947692871 0.24009908040364583
1 0.5414011001586914 0.2572049458821615 0.03513693809509277 0.06707081264919705
0 0.02228155583143234 0.9010754055447049 0.04456311166286468 0.18648410373263888
0 0.2630094051361084 0.36076744927300347 0.03575677871704101 0.08319939507378472
3 0.6950505495071411 0.7118539068433973 0.04462156295776367 0.3675101598103841
0 0.3913062959909439 0.3494042608473036 0.020117908716201782 0.07818927764892578
0 0.3762619897723198 0.23221832911173504 0.013624706864356994 0.053269047207302515
0 0.09603113532066346 0.39214697943793403 0.05780411958694458 0.08598700629340278
1 0.5108845710754395 0.5352834065755209 0.08648109436035156 0.1502770317925347
0 0.5791412830352783 0.2735781987508138 0.013424491882324219 0.06492156982421875
0 0.5536537170410156 0.31327425638834633 0.01784038543701172 0.08024588690863715
2 0.44172096252441406 0.217471006181505 0.05937221050262451 0.12732007768419054
0 0.5005551815032959 0.7796330769856771 0.04271135330200195 0.16849365234375
0 0.20787625312805175 0.3850569831000434 0.05031062364578247 0.08702596028645833
0 0.1793095052242279 0.5409141116672092 0.030210649967193602 0.09861806233723959
0 0.5014640331268311 0.9311460706922743 0.051728343963623045 0.13565589057074653
0 0.6696619510650634 0.29894817140367297 0.016420745849609376 0.06548243628607855
0 0.6771366119384765 0.3675488789876302 0.02372875213623047 0.09392132229275174
1 0.33150333166122437 0.3675757434633043 0.07311890125274659 0.08979247940911186
0 0.5597220420837402 0.5380738152398004 0.02997455596923828 0.13012780083550346
0 0.17178018093109132 0.8569439358181423 0.04770283699035645 0.20499369303385417
0 0.5984861612319946 0.27203213373819984 0.01449441909790039 0.06529390547010634
0 0.3738213375210762 0.319519657558865 0.014121362566947937 0.06742511325412326
0 0.1245283842086792 0.8038880242241754 0.04576530456542969 0.18925425211588542
3 0.6487308609532192 0.8180329110887316 0.09668054818175734 0.3639341778225369
0 0.7031346559524536 0.2922432581583659 0.034355688095092776 0.058628675672743054
0 0.6350687623023987 0.2980856047736274 0.018303418159484865 0.06602056291368273
0 0.4053438365459442 0.2485490057203505 0.014987754821777343 0.06302568647596571
1 0.4522520422935486 0.3179764535692003 0.04145593643188476 0.10108322567409939
0 0.235921311378479 0.5656813303629558 0.02913379669189453 0.14298324584960936
0 0.47984086275100707 0.29956284628974067 0.018434357643127442 0.07210954030354817
0 0.5698209047317505 0.2058446354336209 0.012727880477905273 0.05145219167073568
0 0.5341496229171753 0.19908609920077855 0.01199798583984375 0.04690256118774414
0 0.3634170174598694 0.39512410428788924 0.025936818122863768 0.059308099746704104
0 0.6250195436179637 0.27177165349324545 0.015282864868640899 0.059778022766113284
0 0.2337084412574768 0.4731562720404731 0.023441290855407713 0.09037662082248264
2 0.6223616600036621 0.8710555606418185 0.1511533737182617 0.25788887871636285
0 0.25624690055847166 0.6005876753065321 0.03008279800415039 0.14657508002387154
0 0.38992798030376435 0.2851125717163086 0.015585464239120484 0.06592585245768229
0 0.6489587903022767 0.326339054107666 0.01570427417755127 0.07073607974582248
0 0.3418944671750069 0.2952050844828288 0.02492910921573639 0.06136116451687283
0 0.524600887298584 0.6899149576822917 0.04684381484985352 0.11000773111979166
3 0.3500238245818764 0.8860457314385308 0.05773556111380458 0.2272581736246745
3 0.4430367946624756 0.22411454518636068 0.052178382873535156 0.12471279568142361
1 0.5430892586708069 0.17228655285305447 0.01631920337677002 0.04269322289360894
0 0.4499370574951172 0.5240824381510417 0.02632274627685547 0.11224738226996528
0 0.31265007257461547 0.31537929905785456 0.01537649631500244 0.05298082033793131
2 0.36024659872055054 0.5614730623033312 0.07950680255889893 0.29713147481282554
0 0.39075336456298826 0.19095860057406955 0.011538124084472657 0.042910501692030166
0 0.0731242537498474 0.957513427734375 0.054218626022338866 0.08277723524305555
0 0.8109867095947265 0.42347802056206596 0.030714035034179688 0.09174940321180555
0 0.5975863695144653 0.2946348257880244 0.011026859283447266 0.010952159824470679
0 0.7145369410514831 0.3425904062059191 0.011551117897033692 0.07230074140760634
0 0.35644894242286684 0.263835695054796 0.014147329330444335 0.057130728827582467
0 0.014026567339897156 0.33802659776475696 0.02805313467979431 0.07202351888020833
0 0.5506052017211914 0.7351868523491754 0.04490375518798828 0.11804928249782987
0 0.8629703521728516 0.43381237453884547 0.042687416076660156 0.0898344251844618
0 0.5533918499946594 0.18766266504923504 0.009857821464538574 0.043411869472927515
0 0.13017385601997375 0.6967496660020617 0.03706923723220825 0.027743869357638888
0 0.2922221183776855 0.341377682156033 0.019988441467285158 0.07541268666585287
2 0.45267820358276367 0.3288630162469215 0.04393017292022705 0.0785690635856655
2 0.31289570331573485 0.8879793167114258 0.1361556053161621 0.2236882103814019
0 0.5899028062820435 0.24665620591905382 0.015651226043701172 0.050408130221896705
