1 0.7210646420717239 0.6428063286675347 0.13943230509757995 0.13660956488715278
0 0.709760057926178 0.5023184299468995 0.025685048103332518 0.09781026840209961
1 0.444293874502182 0.37122560077243383 0.0506111741065979 0.10021016862657335
3 0.5609892845153809 0.3370459662543403 0.06026959419250488 0.1387769063313802
0 0.33189141750335693 0.4938767539130317 0.025923919677734376 0.11400091383192275
0 0.19552364349365234 0.6887920803493923 0.04232354164123535 0.16738671196831598
0 0.8236214876174927 0.5514348136054145 0.027680635452270508 0.10936834547254774
1 0.5371407032012939 0.8685352749294705 0.18699998855590821 0.22741292317708334
0 0.3793249145150185 0.5239586936102973 0.03227880895137787 0.12316678365071615
0 0.5139247953891755 0.47286001841227215 0.025903260707855223 0.11085548400878906
0 0.3803740978240967 0.36258070203993054 0.022619056701660156 0.09049894544813368
0 0.7519922733306885 0.5041680653889974 0.027384567260742187 0.11407207912868923
0 0.2959177494049072 0.6640836927625868 0.047124385833740234 0.14814656575520832
0 0.6192630767822266 0.3687081972757975 0.024503183364868165 0.0918500476413303
0 0.7770358562469483 0.5875925699869792 0.03570079803466797 0.13616722954644098
1 0.45613441467285154 0.2587989065382216 0.03616485595703125 0.07588168250189888
0 0.6455919504165649 0.4496582243177626 0.023637104034423827 0.09886326260036893
0 0.8547901153564453 0.7571687486436632 0.04885883331298828 0.1624688042534722
0 0.36365718096494676 0.28921715418497723 0.015009918808937072 0.06607388390435112
0 0.7886668682098389 0.9244603474934896 0.05643587112426758 0.1446711222330729
0 0.3142205476760864 0.35172188017103406 0.021274566650390625 0.08864014943440755
0 0.9568195343017578 0.8148830837673611 0.05520133972167969 0.1719852023654514
0 0.22038402557373046 0.919525146484375 0.057692861557006835 0.1445805867513021
0 0.4276894450187683 0.2400899781121148 0.011829280853271484 0.056270196702745225
0 0.3883970558643341 0.23192373911539713 0.013180768489837647 0.05246921115451389
0 0.34221209958195686 0.2726803885565864 0.01263207644224167 0.06340908474392361
0 0.27093551158905027 0.36073942184448243 0.0224334716796875 0.07132256825764974
0 0.3751006364822388 0.22670674853854708 0.013551807403564453 0.05257845984564887
0 0.4050654262304306 0.24517111248440213 0.01312820315361023 0.059306907653808597
0 0.29029672145843505 0.3762308756510417 0.021843338012695314 0.07170884874131944
0 0.35686267018318174 0.23407902187771268 0.012751054763793946 0.05125414530436198
3 0.4541143238544464 0.1740164385901557 0.0257548451423645 0.06919382943047417
0 0.4117075651884079 0.3149028566148546 0.01700311303138733 0.07639728122287326
0 0.617612099647522 0.2874447292751736 0.015650224685668946 0.06924942864312066
0 0.7176811218261718 0.42738427056206596 0.023370361328125 0.09724375406901041
0 0.7025361776351928 0.29151300854153106 0.03434066772460938 0.061602083841959636
1 0.5380664050579071 0.251494926876492 0.03580032587051392 0.06042554643419054
0 0.09574267268180847 0.3797952440049913 0.056813251972198484 0.08795335557725695
0 0.8621277689933777 0.43130406273735894 0.041190695762634275 0.08027008904351128
0 0.616115403175354 0.23166443506876627 0.014619159698486327 0.05443545447455512
0 0.9379469871520996 0.6676704406738281 0.04639148712158203 0.13672332763671874
0 0.06473366022109986 0.3635647243923611 0.04219834506511688 0.07751430935329862
0 0.6565046787261963 0.3354766845703125 0.019344472885131837 0.08034354315863715
2 0.5357432246208191 0.8765181435479058 0.18768279552459716 0.24696371290418836
1 0.5647424459457397 0.22115183936225044 0.028635025024414062 0.05392769707573785
0 0.9244409561157226 0.9473358154296875 0.0656198501586914 0.09918145073784722
0 0.974977684020996 0.7014091491699219 0.04847908020019531 0.13520914713541668
0 0.8105638504028321 0.425956302218967 0.028072309494018555 0.09346059163411459
1 0.5231871008872986 0.13399387465582954 0.016555094718933107 0.03461120393541124
0 0.6765448838472367 0.26720971001519095 0.02132193446159363 0.05156033833821615
0 0.7802469730377197 0.419940185546875 0.025231361389160156 0.09032745361328125
0 0.8566903591156005 0.688704702589247 0.04142909049987793 0.044624540540907115
0 0.5470109224319458 0.15892678366767035 0.009226512908935548 0.038602087232801646
0 0.4224678248167038 0.1829125033484565 0.010302168130874634 0.04184469646877713
1 0.7329884171485901 0.2497833569844564 0.03518452644348145 0.049717648824055986
0 0.5914617896080017 0.2557789484659831 0.01606285572052002 0.0565315670437283
0 0.6546274289488793 0.38464606338077123 0.020986023545265197 0.06472473674350315
0 0.6062095642089844 0.29122615390353734 0.016814422607421876 0.0724104987250434
0 0.78293417096138 0.5352143711513944 0.015637099742889404 0.06995970408121745
0 0.6039675388485193 0.24789030287000868 0.007935077697038651 0.05369029574924045
0 0.4102989763021469 0.1761692523956299 0.010134774446487426 0.03922147750854492
0 0.32251197170553497 0.3465404298570421 0.004339314324897714 0.06829304165310329
0 0.34021339416503904 0.29567066166136 0.012375640869140624 0.013390178150600857
0 0.6572532653808594 0.25017113155788845 0.0182830810546875 0.05226915147569444
0 0.27357968091964724 0.3077475296126472 0.020033669471740723 0.03771728144751655
