1 0.6202391147613525 0.5202670998043484 0.08971962928771973 0.18157260682847765
0 0.3017856478691101 0.4496708975897895 0.032663512229919436 0.10139266120062934
0 0.12023581266403198 0.663866212632921 0.05763788223266601 0.17120013766818576
0 0.3285723090171814 0.3600496186150445 0.031043267250061034 0.0832140392727322
0 0.20633881092071532 0.6136825561523438 0.04488902091979981 0.11524726019965278
0 0.28577346801757814 0.3636203342013889 0.02815666198730469 0.07841754489474827
0 0.07664361298084259 0.39748365614149306 0.05315174460411072 0.0725724114312066
3 0.4073371723294258 0.3934200647804472 0.08721183240413666 0.19823749528990853
0 0.2591679453849792 0.35173957612779405 0.02643086910247803 0.08589954376220703
1 0.35205421447753904 0.7769288804796007 0.1476053237915039 0.3830545637342665
0 0.33994653858244417 0.2448860592312283 0.016556375473737717 0.05436723497178819
3 0.3735611951327883 0.7759140438503689 0.10595089674461633 0.3862826877170139
0 0.6683344006538391 0.2567145347595215 0.023471760749816894 0.08205034467909071
0 0.37170146256685255 0.28360826704237196 0.019405576586723327 0.0556778801812066
0 0.3930808663368225 0.23767484029134114 0.018026697635650634 0.05488132900661892
0 0.35591860860586166 0.2511262681749132 0.018776103854179382 0.05337977939181858
2 0.4081751823425293 0.3946487850613064 0.08811511993408203 0.20420778062608508
0 0.032658457010984424 0.39521946377224393 0.03716586977243423 0.07959052191840278
3 0.33223881125450133 0.35998803774515786 0.023852622509002684 0.08387920591566297
0 0.3906206488609314 0.18215205404493545 0.015471959114074707 0.05053074094984267
3 0.11939526796340942 0.6644031524658203 0.06093876361846924 0.17545572916666666
0 0.30220569372177125 0.6491378360324436 0.04103996753692627 0.11926812065972223
0 0.37546002864837646 0.23227127922905816 0.020025253295898438 0.05311804877387153
0 0.5036817193031311 0.3078952437059747 0.011175870895385742 0.03571618555320634
0 0.9345414876937866 0.5234827041625977 0.01975555419921875 0.024659686618381076
