1 0.688439404964447 0.4927892049153646 0.06374619007110596 0.13538987901475694
0 0.583122980594635 0.6060959921942817 0.04336678981781006 0.13306778801812066
1 0.3914188385009766 0.6211825900607639 0.07752504348754882 0.19279106987847222
0 0.8638643980026245 0.7407398223876953 0.049725341796875 0.14749891493055556
0 0.26941906213760375 0.5021365695529514 0.02893846035003662 0.11648195054796007
0 0.46942429542541503 0.8045274522569444 0.04716787338256836 0.17274865044487847
1 0.6017784595489502 0.3099943372938368 0.044310379028320315 0.07176806131998698
3 0.5402181208133697 0.30251872804429797 0.04930766820907593 0.12101387447781033
0 0.2006375551223755 0.6272874620225695 0.03233160972595215 0.1563074747721354
0 0.3334025362157263 0.523693487379286 0.025930581684224307 0.12883499993218317
0 0.2307722568511963 0.7756705390082466 0.038718891143798825 0.17877909342447917
0 0.18698039054870605 0.38079316880967884 0.05010523796081543 0.0852903578016493
0 0.8129409790039063 0.6027212354871961 0.038668489456176756 0.13716515435112847
0 0.5925032496452332 0.233825863732232 0.014397788047790527 0.05561258527967665
0 0.13592910766601562 0.8439307318793403 0.051029205322265625 0.20836758083767362
0 0.7518161773681641 0.7757422553168403 0.059036636352539064 0.16674601236979167
0 0.2490532636642456 0.6243899875217014 0.031947898864746097 0.1538577609592014
0 0.3364639639854431 0.3813033845689562 0.02118041515350342 0.0874320560031467
0 0.794159758090973 0.5252392450968425 0.031119799613952635 0.09474983215332031
1 0.40807853937149047 0.39791636996799046 0.0631018877029419 0.14405008951822917
0 0.2938084602355957 0.3435047573513455 0.025379085540771486 0.09014063941107855
1 0.7537851333618164 0.9450732760959202 0.15800933837890624 0.108148193359375
0 0.44264206290245056 0.20092966821458605 0.011499059200286866 0.049041398366292316
0 0.3690824031829834 0.3092940436469184 0.01827073097229004 0.07956186930338542
0 0.513036584854126 0.4761751810709635 0.026320648193359376 0.11982048882378472
0 0.3820373356342316 0.2525751749674479 0.013449347019195557 0.058478588528103295
0 0.4849457621574402 0.5501463572184245 0.03587188720703125 0.11192643907335069
0 0.40857973098754885 0.2500255372789171 0.01373351812362671 0.05828874376085069
0 0.6969602584838868 0.9539933310614692 0.046036911010742185 0.09201333787706163
0 0.08900594115257263 0.36257455613878037 0.05058587789535522 0.08243314954969617
3 0.31726052761077883 0.8940786573621962 0.17281126976013184 0.21184268527560765
0 0.3594920203089714 0.2757110277811686 0.013724890351295472 0.062845336066352
0 0.5144921839237213 0.24273237652248805 0.01315368413925171 0.057980749342176646
0 0.5147386074066163 0.6285054524739583 0.03615503311157227 0.1471864488389757
0 0.4747225284576416 0.21053799523247613 0.010659241676330566 0.04916720920138889
1 0.5690239787101745 0.24954166412353515 0.02530801296234131 0.05768318176269531
0 0.5357402920722961 0.22588329315185546 0.013866734504699708 0.04711100260416667
0 0.7027536034584045 0.2923964394463433 0.034550929069519044 0.057428275214301217
0 0.4153193086385727 0.20680168999565973 0.010717254877090455 0.04623006184895833
0 0.49000868797302244 0.7152393764919704 0.04412345886230469 0.14948594835069445
0 0.3957329273223877 0.2009507285224067 0.011675608158111573 0.04488423665364583
0 0.8112489700317382 0.41970002916124133 0.0298980712890625 0.09400719536675348
0 0.5527577638626099 0.19494917127821182 0.010975265502929687 0.044169447157118055
1 0.4197338134050369 0.31636373731825085 0.044879096746444705 0.0608406490749783
0 0.013538753986358643 0.33667356703016493 0.027077507972717286 0.07428145938449436
0 0.5678205013275146 0.2068486213684082 0.012041425704956055 0.04353610144721137
0 0.23066444396972657 0.6959114922417535 0.031885528564453126 0.03039923773871528
3 0.37407357692718507 0.6173027356465658 0.05156021118164063 0.20703364478217232
2 0.40868065059185027 0.3802151679992676 0.06637762188911438 0.18265255822075738
3 0.50755535364151 0.1590221881866455 0.02461960315704346 0.06760748757256402
2 0.6122620485723018 0.316231362024943 0.02452409714460373 0.05468494627210829
2 0.7028680056333542 0.4945485803816054 0.0934629499912262 0.13605407079060872
0 0.026095053553581236 0.227133305867513 0.015441274642944336 0.03820296393500434
0 0.8636616945266724 0.42502994537353517 0.0374293327331543 0.07869868808322483
3 0.41043963432312014 0.38708568149142797 0.05848531723022461 0.14959343804253472
0 0.6744479775428772 0.2682186762491862 0.022936558723449706 0.04973894755045573
0 0.45333738923072814 0.165153169631958 0.009458315372467042 0.03899081548055013
0 0.27249252796173096 0.30720496707492406 0.017684173583984376 0.05863355000813802
