0 0.5466530919075012 0.3593607054816352 0.023598599433898925 0.07684557172987196
0 0.05219225883483887 0.5541283501519098 0.08251764774322509 0.11121690538194444
0 0.02252354323863983 0.3731999715169271 0.04504708647727966 0.0808839586046007
0 0.6328623294830322 0.3005913628472222 0.015387725830078126 0.06803805033365885
1 0.5668469429016113 0.5461010403103299 0.1540302276611328 0.12944590250651042
0 0.6961428642272949 0.4879656473795573 0.06253128051757813 0.10370110405815972
1 0.46505557298660277 0.2767683876885308 0.03360981941223144 0.06727362738715278
0 0.5445428133010864 0.2582887649536133 0.01377401351928711 0.06531096564398872
0 0.12352796792984008 0.38790467580159504 0.0458390474319458 0.08172730339898003
1 0.4612687051296234 0.22015435960557725 0.030419719219207764 0.057498338487413196
0 0.17750118374824525 0.3963517506917318 0.051187551021575926 0.06777174207899306
0 0.6057854294776917 0.2954941325717502 0.013717007637023926 0.06758340199788411
0 0.5654513001441955 0.21330461502075196 0.011957144737243653 0.05258842044406467
1 0.5276148676872253 0.22137174606323243 0.029564595222473143 0.04965593549940321
0 0.5891467332839966 0.21725104649861654 0.01293320655822754 0.05318834516737196
0 0.5618604183197021 0.3093659930759006 0.016850376129150392 0.07502437167697483
0 0.5953998684883117 0.27623359892103405 0.01302802562713623 0.06106289757622613
0 0.4341732621192932 0.2951027446322971 0.018852090835571288 0.0703309588962131
0 0.6698844045400619 0.29902560975816517 0.01690475344657898 0.0704313702053494
0 0.5680178284645081 0.2667814572652181 0.01448209285736084 0.06069579654269748
0 0.5462680697441101 0.1814537207285563 0.010343241691589355 0.04148149490356445
0 0.7031027674674988 0.2916823387145996 0.034419465065002444 0.05887749989827474
0 0.30968499183654785 0.2991191652086046 0.018564462661743164 0.070672607421875
0 0.34166542291641233 0.29904846615261504 0.01832547187805176 0.061196984185112845
0 0.3690626621246338 0.313253911336263 0.023412513732910156 0.0778611077202691
0 0.33784799128770826 0.24640875922309027 0.014084163308143615 0.05237922668457031
3 0.46341182589530944 0.16074513859219022 0.03334633111953735 0.06832087834676107
0 0.525374686717987 0.18181081347995334 0.011504530906677246 0.041616206698947486
0 0.4021115303039551 0.2945665571424696 0.019682443141937254 0.06954460144042969
1 0.4128904759883881 0.23501031663682725 0.028933298587799073 0.052318106757269965
0 0.7149605631828309 0.3445011046197679 0.01070387363433838 0.05793351862165663
1 0.422941192984581 0.20508699417114257 0.02764931321144104 0.04544942643907335
0 0.5108197808265686 0.1589346037970649 0.008994722366333007 0.037059593200683597
0 0.5033095240592956 0.5435413996378581 0.03228054046630859 0.10508177015516493
0 0.3943817138671875 0.20333663092719184 0.010635995864868164 0.04239548577202691
0 0.37713477313518523 0.2701647652520074 0.012520426511764526 0.05635727776421441
0 0.39349701404571535 0.27158264584011504 0.013005971908569336 0.06529134114583333
0 0.6377602458000183 0.22668321397569444 0.01599838733673096 0.048920228746202256
0 0.8628116607666015 0.43283767700195314 0.04551372528076172 0.0938918219672309
0 0.3681116119027138 0.208203125 0.011776480078697204 0.04307238260904948
