0 0.7302394568920135 0.42610352834065757 0.0353310227394104 0.11104164123535157
0 0.22828891277313232 0.8384528266059028 0.0718015193939209 0.2349673800998264
0 0.25954227447509765 0.3866458257039388 0.027654123306274415 0.08362252977159289
0 0.1842090368270874 0.6422837999131944 0.05245957374572754 0.16699863009982638
0 0.6309468530118465 0.2682037777370877 0.027223868668079375 0.07033746507432725
0 0.36222497224807737 0.2772628254360623 0.03015091419219971 0.0776474634806315
0 0.14064489603042601 0.8111431333753798 0.052578973770141604 0.13166016472710504
0 0.532139778137207 0.2541107071770562 0.027783584594726563 0.06075810326470269
0 0.07355995923280716 0.39693306816948787 0.06009314954280853 0.070733642578125
0 0.04098142385482788 0.8461990356445312 0.07109848260879517 0.1570400661892361
0 0.20535349249839782 0.44542827606201174 0.03763114213943482 0.1101782480875651
0 0.3070919275283813 0.3956744194030762 0.03915834426879883 0.1244656244913737
0 0.5566416382789612 0.24815862443712022 0.022338604927062987 0.07351387871636285
0 0.30581231117248536 0.2953281084696452 0.024693918228149415 0.07477016448974609
1 0.42247323989868163 0.33319820827907987 0.05684709548950195 0.09429013994004991
0 0.5002770841121673 0.2596953497992622 0.025002443790435792 0.06770396762424045
3 0.4203858733177185 0.33451157783468566 0.048084568977355954 0.0879493267999755
1 0.2274657428264618 0.838552114698622 0.06710220575332641 0.23251601325141058
0 0.3865482211112976 0.2554668426513672 0.022538423538208008 0.06578102111816406
1 0.4430807113647461 0.2545665740966797 0.040345191955566406 0.06160617404513889
0 0.029804815351963044 0.3844402737087674 0.03034948408603668 0.05774570041232639
0 0.32598037719726564 0.3243232727050781 0.019050216674804686 0.06713621351453992
0 0.37548046112060546 0.20555094612969294 0.014049530029296875 0.05293860965304904
0 0.4023947358131409 0.23757667541503907 0.01577647924423218 0.05365248786078559
0 0.6036307381873485 0.1494808620876736 0.006997240625787526 0.036825837029351126
0 0.6426100254058837 0.21766137017144097 0.013662338256835938 0.046776072184244795
0 0.71658376455307 0.4337278366088867 0.007457470893859864 0.10545327928331164
0 0.4134403049945831 0.9869086371527778 0.012293505668640136 0.025592464870876738
0 0.604024326207582 0.2645946396721734 0.007793415780179202 0.053293969896104604
0 0.3930095672607422 0.9794950485229492 0.01284332275390625 0.04100990295410156
0 0.3976259112358093 0.237786865234375 0.0047481775283813475 0.032921388414171006
0 0.4951807796955109 0.3006138390964932 0.016098940372467042 0.022989212142096625
