0 0.6429786562919617 0.29970628950330946 0.03147294521331787 0.08277172512478298
0 0.2368532180786133 0.422406260172526 0.04086689949035645 0.10080786810980903
1 0.37511889934539794 0.6857760959201389 0.16150927543640137 0.3238054487440321
0 0.42507276833057406 0.324817328982883 0.034096640348434445 0.0741353988647461
0 0.3371607646346092 0.3912321302625868 0.03187772929668427 0.09850116305881076
0 0.3620599709451199 0.47192535400390623 0.04608090668916702 0.1109195285373264
3 0.38928342224098744 0.6894151793585883 0.1354468989185989 0.3211428536309136
0 0.11932049989700318 0.7693959554036458 0.05756382942199707 0.15423346625434028
0 0.6203057765960693 0.5467874526977539 0.05557117462158203 0.14293403625488282
0 0.03103780746459961 0.7684075249565973 0.06207561492919922 0.16682874891493055
0 0.35339758172631264 0.26802424324883356 0.026110874116420747 0.06302899254692926
0 0.2796599864959717 0.6064423455132378 0.05067148208618164 0.16877661810980904
0 0.07366167306900025 0.39507097668117946 0.047217142581939694 0.08965049319797092
0 0.29992061853408813 0.29633390638563367 0.025547242164611815 0.07717230055067274
0 0.38362258970737456 0.3900630527072483 0.038051682710647586 0.08635669284396702
0 0.37649723291397097 0.2744153022766113 0.020203709602355957 0.07280317942301433
0 0.41737874448299406 0.2389616542392307 0.023826414346694948 0.056303681267632376
3 0.5578780174255371 0.24124315049913195 0.06077003479003906 0.11615354749891493
3 0.42438571751117704 0.32679851957493355 0.03469001650810242 0.07206604000594881
1 0.5697155475616456 0.337556881374783 0.05668144226074219 0.08046196831597222
0 0.43673975467681886 0.22273264990912545 0.016755104064941406 0.05052125718858507
0 0.3904356688261032 0.4873171011606852 0.0184897243976593 0.09173462125990126
1 0.31068532466888427 0.3888785468207465 0.0867887020111084 0.10781444973415799
0 0.395208740234375 0.3149816936916775 0.023358917236328124 0.07822541130913628
1 0.6238294586539268 0.547185484568278 0.047658917307853696 0.14176502227783203
0 0.030367203429341315 0.39791653951009115 0.04564506635069847 0.08232947455512153
0 0.181045001745224 0.8696997748480902 0.03676372766494751 0.11041191948784722
0 0.393785285949707 0.18801029523213705 0.011791849136352539 0.044994449615478514
0 0.38052269220352175 0.3295227395163642 0.011285853385925294 0.04117557207743327
0 0.3955981731414795 0.24974390665690105 0.0178253173828125 0.059257253011067705
3 0.5702968597412109 0.33376329375637903 0.051900482177734374 0.0702971425321367
3 0.27731919288635254 0.6041825188530816 0.04790000915527344 0.17533815171983508
