2 0.6387132406234741 0.2969776524437798 0.12370376586914063 0.2541762563917372
0 0.238616943359375 0.4177775065104167 0.03101205825805664 0.10913306342230902
0 0.7919683516025543 0.5398771497938368 0.04022449254989624 0.14390267266167533
0 0.721178549528122 0.3806208398607042 0.0349087119102478 0.09121210310194228
0 0.07597697973251342 0.391544681125217 0.05821340084075928 0.08787485758463541
0 0.7544455528259277 0.37842000325520836 0.020815086364746094 0.08074222140842013
3 0.7206231534481049 0.37993520895640054 0.03553692102432251 0.09207236501905654
0 0.43581045269966123 0.327850525909 0.011014854907989502 0.032548260688781736
0 0.9965348839759827 0.40331104066636825 0.006822133064270019 0.04038848876953125
0 0.7128551483154297 0.17971874872843424 0.014543294906616211 0.04627285003662109
1 0.07509996742010117 0.3921327167087131 0.05933323204517364 0.08618397182888454
0 0.5063917219638825 0.3082024979508585 0.01775757074356079 0.0369375954899523
1 0.43442810475826266 0.20552201800876194 0.03670950531959534 0.07297335730658637
2 0.4342205137014389 0.20517794291178384 0.03581882119178772 0.07250726487901475
1 0.7103148341178894 0.3241892655690511 0.01999533176422119 0.05551341374715169
3 0.4343263268470764 0.2046422693464491 0.036017417907714844 0.07226470311482748
3 0.6555832207202912 0.5611497031317817 0.10992571115493774 0.29992281595865883
0 0.4128797620534897 0.31631850798924765 0.0150456964969635 0.032392674022250705
0 0.030180910229682924 0.3836185455322266 0.03477707505226135 0.05474717881944444
