0 0.06894490718841553 0.800512186686198 0.0836787462234497 0.21751166449652778
1 0.7966730117797851 0.6654930538601346 0.19575653076171876 0.2736032274034288
0 0.5813782215118408 0.5363904900021024 0.038606119155883786 0.1411781840854221
0 0.2390516996383667 0.4859526528252496 0.03186225891113281 0.10787069532606337
0 0.3583051830530167 0.3264735221862793 0.023363381624221802 0.08169879913330078
0 0.5200044453144074 0.3128979894849989 0.02451094388961792 0.06649990081787109
0 0.07707524299621582 0.39819573296440974 0.06059119701385498 0.07900288899739584
0 0.341858234629035 0.2829809930589464 0.02084478810429573 0.057829390631781684
2 0.4629281759262085 0.21002116203308105 0.05178220272064209 0.09758742650349934
3 0.7969604134559631 0.660911210378011 0.19783966541290282 0.28855211469862196
1 0.06745460778474807 0.8001690758599176 0.0812826007604599 0.21131930881076388
0 0.35982594043016436 0.23104852040608723 0.014415046572685242 0.05232073465983073
0 0.38706284761428833 0.21716125276353623 0.014478611946105956 0.04745150672064887
0 0.4107478350400925 0.21067543029785157 0.01583790183067322 0.05476705763075087
3 0.4616278648376465 0.21192126803927952 0.05437278747558594 0.09965006510416667
2 0.7897972375154495 0.6146597332424588 0.2048989236354828 0.1929027557373047
3 0.06711044758558274 0.7997876697116428 0.08211332857608795 0.2154137929280599
0 0.38902404308319094 0.2597238540649414 0.01913905143737793 0.06550114949544271
0 0.9968887686729431 0.39568231370713974 0.006179499626159668 0.056398264567057294
0 0.49358726739883424 0.3072433262235589 0.011325764656066894 0.0319065671828058
0 0.42342891693115237 0.40515110492706297 0.017568016052246095 0.05639955202738444
0 0.44433279037475587 0.2501642862955729 0.019948959350585938 0.05837495591905382
