2 0.22759897708892823 0.5952481587727865 0.21123747825622557 0.502555168999566
1 0.551671826839447 0.6181811014811198 0.1139214277267456 0.18086641099717882
3 0.21272138953208924 0.5781639575958252 0.21214252710342407 0.4713565296596951
3 0.7096146762371063 0.5098227739334107 0.16093047857284545 0.276855018403795
1 0.41684613227844236 0.703993394639757 0.10121240615844726 0.24654714796278213
0 0.7925073146820069 0.89783935546875 0.06168851852416992 0.18243306477864582
0 0.49330009818077086 0.46664581298828123 0.04679683446884155 0.10908915201822916
0 0.7011558175086975 0.344592030843099 0.019820189476013182 0.07661582099066841
0 0.8451321363449097 0.6057692633734809 0.04037284851074219 0.12573131985134547
0 0.5464408874511719 0.9041881985134549 0.061786842346191403 0.18131544325086807
0 0.6052028179168701 0.3135971281263563 0.01767559051513672 0.08170992533365885
1 0.3577864941209555 0.34083550771077475 0.053220749646425244 0.08444675869411893
0 0.4291736245155334 0.3727776421440972 0.02594585418701172 0.0877884758843316
0 0.6035979270935059 0.8041331821017795 0.04486141204833984 0.16278771294487848
0 0.6803976535797119 0.884279547797309 0.0660867691040039 0.1936920166015625
0 0.40597503781318667 0.24021520614624023 0.012727093696594239 0.05541222890218099
0 0.6382646679878234 0.25615974002414277 0.015865015983581542 0.061421245998806426
0 0.6743289232254028 0.32312280125916004 0.018285846710205077 0.06717876220742862
0 0.020106080174446105 0.5297418382432726 0.04021216034889221 0.10746027628580729
0 0.45820754766464233 0.302901554107666 0.02435932159423828 0.07129459381103516
0 0.8912687301635742 0.7174982706705729 0.05137977600097656 0.15748494466145832
0 0.6065192937850952 0.25263644324408635 0.01564788818359375 0.06500091552734374
0 0.42959362268447876 0.19576313230726455 0.011690855026245117 0.047030067443847655
0 0.3928149461746216 0.20111530621846516 0.011929464340209962 0.04727559619479709
0 0.08830597400665283 0.36237996419270835 0.05266234874725342 0.082196044921875
0 0.3656254217028618 0.263571039835612 0.015013542771339417 0.06325831943088107
0 0.37615004777908323 0.2360917197333442 0.014215052127838135 0.05591036478678386
0 0.5833820581436158 0.21832794613308376 0.013271665573120118 0.05987129211425781
0 0.5468276977539063 0.7443352593315973 0.04305133819580078 0.15402836269802517
0 0.40689789652824404 0.18588562541537815 0.011391353607177735 0.0426918347676595
0 0.46523943543434143 0.16398030916849773 0.010002291202545166 0.03813426759507921
0 0.9647371292114257 0.8403842502170139 0.06435966491699219 0.11358846028645833
0 0.5577341079711914 0.2012443595462375 0.011269140243530273 0.047228866153293185
3 0.3827774882316589 0.7225745624966091 0.03444502353668213 0.2206782235039605
0 0.6260138034820557 0.9125834147135417 0.06281528472900391 0.16842549641927082
0 0.5679178833961487 0.1892054239908854 0.012393736839294433 0.04991014268663194
0 0.3169740319252014 0.31111297607421873 0.022599101066589355 0.08611301845974392
0 0.5310800909996033 0.200155062145657 0.01170051097869873 0.049132082197401256
0 0.5858166694641114 0.7070497300889756 0.04168357849121094 0.13790211147732204
0 0.27366727590560913 0.3112185729874505 0.01717555522918701 0.04314124584197998
0 0.5632861375808715 0.9680034849378798 0.03320760726928711 0.059667672051323783
2 0.35845149755477906 0.34073390430874295 0.05577514171600342 0.08621600468953451
0 0.8118790507316589 0.4165400611029731 0.026711583137512207 0.08257259792751737
0 0.5409788131713867 0.19339323573642306 0.011029958724975586 0.04579345915052626
0 0.5166039764881134 0.18358968098958334 0.009752357006072998 0.04213358561197917
0 0.013575297594070435 0.336727778116862 0.02715059518814087 0.07446102566189236
0 0.93087158203125 0.9382315741644965 0.12580795288085939 0.12190636528862847
0 0.3246624704450369 0.3078890109072543 0.00841514989733696 0.03786962879821658
0 0.6058770038187504 0.6574909210205078 0.011754007637500763 0.1072403801812066
0 0.8250233888626098 0.9827050315009223 0.03645772933959961 0.034144295586480036
3 0.6530757904052734 0.9059811698065864 0.11927680969238282 0.1860813988579644
0 0.24692360162734986 0.3357392734951443 0.02824838161468506 0.07711654239230686
0 0.7171881437301636 0.31208010249667695 0.006235504150390625 0.04638242721557617
