0 0.7129886656999588 0.3932202868991428 0.04387182593345642 0.10982068379720052
0 0.5952871322631836 0.2875133302476671 0.0367095947265625 0.0873103247748481
0 0.2288057804107666 0.4099653879801432 0.040801620483398436 0.09880396525065104
0 0.07285032272338868 0.3955561743842231 0.04399188756942749 0.08764784071180555
0 0.9621805191040039 0.8781556871202257 0.0720703125 0.17739088270399306
0 0.13544723987579346 0.5588379753960504 0.06015181541442871 0.14315863715277777
0 0.6018752336502076 0.20017629729376898 0.017327213287353517 0.04789272944132487
1 0.961818540096283 0.8797582414415147 0.07192184925079345 0.1808871799045139
0 0.031173054501414298 0.39533121320936415 0.04217229261994362 0.07996160719129775
3 0.3754890692245681 0.23521663877699112 0.10997950792079791 0.10275919172498915
1 0.22961180210113524 0.40995490021175807 0.04067773818969726 0.09375111791822645
3 0.22967150211334228 0.40999138885074193 0.040151119232177734 0.09381388028462728
3 0.9622931718826294 0.8778859032524957 0.07370619773864746 0.18539598253038195
1 0.7052761435508728 0.39206978215111626 0.030072712898254396 0.10906821886698405
3 0.32296463251113894 0.2999173641204834 0.05853965282440186 0.02205695046318902
0 0.22057924270629883 0.6599365870157877 0.020576286315917968 0.05898314581976997
