3 0.26408569812774657 0.5669849607679579 0.1444532871246338 0.2882523006863064
1 0.4201105535030365 0.6318947262234158 0.08866382837295532 0.20699844360351563
0 0.7006344676017762 0.4185889350043403 0.023690962791442872 0.09472952948676215
3 0.5739334940910339 0.4089655134412977 0.05532209873199463 0.14160567389594184
0 0.5431729316711426 0.748156992594401 0.03886680603027344 0.17650349934895834
0 0.20526182651519775 0.3839299096001519 0.0485283374786377 0.08329459296332466
0 0.41104610562324523 0.2869518915812174 0.015315282344818115 0.0696734110514323
0 0.6161693673580885 0.3710423893398709 0.019443855434656144 0.08569452497694227
0 0.6569493293762207 0.38493092854817706 0.024268150329589844 0.09623489379882813
0 0.3560748338699341 0.4263313505384657 0.02325439453125 0.09560839335123698
0 0.3830897808074951 0.3763843960232205 0.02237691879272461 0.09317270914713542
0 0.8760590434074402 0.49993455674913195 0.035759568214416504 0.06496153937445746
0 0.702985942363739 0.2938645468817817 0.034653115272521975 0.058196767171223955
0 0.4801058292388916 0.5236931694878473 0.030689239501953125 0.1270795186360677
0 0.4579066276550293 0.450065188937717 0.04055004119873047 0.10456576877170139
0 0.37778005599975584 0.27938724093967016 0.01565297842025757 0.06504232618543837
0 0.5788303136825561 0.2949570020039876 0.015194320678710937 0.06800272199842665
1 0.5478684186935425 0.32299449814276565 0.04518890380859375 0.06682416916721397
0 0.3971221178770065 0.21463535096910263 0.012052875757217408 0.05157756805419922
1 0.42490763068199155 0.20368802812364367 0.02591358423233032 0.04997592502170139
0 0.6054618954658508 0.28835391998291016 0.016791605949401857 0.07730984157986111
0 0.11007919311523437 0.3724043952094184 0.05623464584350586 0.0852479722764757
0 0.5739190459251404 0.25300551520453557 0.014062809944152831 0.06034253438313802
0 0.3123452186584473 0.363636228773329 0.02115468978881836 0.09482421875
0 0.11747283935546875 0.9236970689561632 0.0669075906276703 0.14812350802951388
0 0.3362681962549686 0.27160141203138566 0.01649908572435379 0.0609058592054579
0 0.5644622087478638 0.20576884481641983 0.012729120254516602 0.05871542824639214
0 0.9074567079544067 0.505702961815728 0.0324587345123291 0.06611164940728081
0 0.6608486533164978 0.2945138931274414 0.034832310676574704 0.07002983093261719
0 0.35321910455822947 0.34926087061564126 0.021657191216945648 0.08647827572292752
0 0.7149519324302673 0.34570794237984553 0.010721135139465331 0.05275482336680094
0 0.8121610343456268 0.4230467478434245 0.02765556573867798 0.09424328274197048
0 0.4089361965656281 0.1840310361650255 0.010787320137023926 0.040452331966824004
0 0.5287498593330383 0.17448467678493923 0.009999918937683105 0.04430775112575955
0 0.8637760519981384 0.4252510070800781 0.034381747245788574 0.07880791558159722
0 0.5448816061019898 0.15439321200052897 0.0090179443359375 0.035551526811387804
0 0.014157518744468689 0.33792559305826825 0.028315037488937378 0.07253282335069444
1 0.7026962280273438 0.305331371890174 0.033196878433227536 0.03288496600257026
0 0.6826381802558898 0.27100823720296224 0.019191431999206542 0.054376305474175345
0 0.3364629227668047 0.2933294659195882 0.014639224857091904 0.008807771999595895
