0 0.6654838681221008 0.446214845445421 0.022668004035949707 0.10111609564887153
0 0.3094336748123169 0.714000956217448 0.08641228675842286 0.1445344712999132
0 0.1904372453689575 0.3846719741821289 0.04835877418518066 0.07123764885796441
0 0.24418563842773439 0.4186367458767361 0.05181035995483398 0.0896119859483507
0 0.4469901084899902 0.5945874532063802 0.0827291488647461 0.11728719075520834
0 0.18199708461761474 0.667472881740994 0.08611836433410644 0.11874042087131076
0 0.3950754225254059 0.40623128679063586 0.04044880867004395 0.08440199957953559
0 0.5832290172576904 0.5097956339518229 0.06850204467773438 0.1036224365234375
0 0.5084763526916504 0.5292295244004991 0.06945838928222656 0.11372621324327258
0 0.5421190381050109 0.3095242712232802 0.023703455924987793 0.07201722462972006
0 0.5886424422264099 0.3378923204210069 0.021215176582336424 0.0830670674641927
0 0.31605756282806396 0.9064969380696615 0.05772805213928223 0.17673272026909723
0 0.46669685244560244 0.37523188061184354 0.029477918148040773 0.08199354807535807
0 0.3391287121223286 0.6522280587090387 0.03646365343593061 0.10164171854654948
0 0.08828239440917969 0.4508132086859809 0.07165076732635497 0.09498647054036459
3 0.4534090518951416 0.24850731955634223 0.04341013431549072 0.11864922841389974
0 0.4198061555624008 0.5309154298570421 0.039570575952529906 0.0887184566921658
0 0.40682353973388674 0.9265494452582466 0.05858290195465088 0.1390194363064236
0 0.7578987121582031 0.44713422987196183 0.04495677947998047 0.09758054945203994
0 0.3036952972412109 0.578085199991862 0.056021690368652344 0.12270109388563367
0 0.3916541337966919 0.5638241555955675 0.01669173240661621 0.07896124521891276
0 0.23262546062469483 0.6267946031358507 0.07543206214904785 0.12274424235026042
0 0.4019068360328674 0.2243167135450575 0.011952126026153564 0.05249593522813585
0 0.13254735469818116 0.5903627183702257 0.07388682961463929 0.1129574245876736
0 0.08726389110088348 0.36461591720581055 0.04790912270545959 0.072799195183648
0 0.4014099508523941 0.29437523947821725 0.019033199548721312 0.06625224219428169
1 0.5094310402870178 0.19089473088582357 0.02270553112030029 0.04525123172336155
0 0.30049982070922854 0.42239562140570747 0.050810050964355466 0.0970166524251302
0 0.4147983014583588 0.262013488345676 0.013906753063201905 0.05946500566270616
0 0.863219153881073 0.431187015109592 0.039882874488830565 0.08041424221462673
0 0.3181957960128784 0.4767842186821832 0.04131011962890625 0.09842664930555556
0 0.4846912741661072 0.26642444398668075 0.012711048126220703 0.0638421164618598
0 0.702701985836029 0.28958974414401584 0.03418953418731689 0.061701265970865886
0 0.40704522132873533 0.16711351076761882 0.010042536258697509 0.03948242399427626
0 0.21164803504943847 0.50761964586046 0.06275424957275391 0.09925689697265624
0 0.5312395095825195 0.19392334620157878 0.010568857192993164 0.043532244364420575
0 0.3603816509246826 0.5503940794203016 0.04387037754058838 0.07586953904893663
0 0.343373291939497 0.29276961220635306 0.0193219855427742 0.06982686784532335
0 0.18268138766288758 0.6112703535291883 0.035164034366607665 0.10067003038194444
0 0.8110383987426758 0.4204779730902778 0.031618928909301756 0.0861161126030816
0 0.3751450076699257 0.29963197708129885 0.016385063529014587 0.06375378502739801
0 0.013599655032157898 0.3366129133436415 0.027199310064315797 0.07478001912434896
1 0.055147874355316165 0.8741929796006944 0.11029574871063233 0.24119025336371527
0 0.35929274559020996 0.2976567374335395 0.018689537048339845 0.0655401865641276
0 0.33837502300739286 0.25282172097100153 0.01564975380897522 0.05708115895589193
3 0.036180737614631656 0.7110258314344619 0.06915445923805237 0.28241746690538194
0 0.37389458268880843 0.2443767653571235 0.013511779904365539 0.05674148135715061
1 0.4609394669532776 0.1301013363732232 0.015491890907287597 0.032468022240532766
1 0.4510777711868286 0.30262071399225127 0.03974158763885498 0.025846828851434918
0 0.6750473856925965 0.26741005579630533 0.026497960090637207 0.05016490088568793
1 0.07538043260574341 0.5689182705349393 0.10030877590179443 0.10350070529513888
1 0.5462881207466126 0.1807683308919271 0.021001362800598146 0.040438800387912324
0 0.2733235239982605 0.30649600558810763 0.018404603004455566 0.06417520311143664
1 0.5790500521659852 0.22871551513671876 0.02629110813140869 0.06336648729112414
0 0.4284913659095764 0.17528439627753364 0.008753466606140136 0.03942830827501085
0 0.07234019339084626 0.41845512919955785 0.022680014371871948 0.06578329934014214
0 0.3453267693519592 0.4867165618472629 0.024425196647644042 0.06560716629028321
1 0.040933070797473194 0.49497239854600694 0.07958773728460074 0.11436971028645833
0 0.5947108864784241 0.20364854600694443 0.012561869621276856 0.04838752746582031
0 0.43664823174476625 0.16396687825520834 0.008582937717437743 0.034516525268554685
0 0.2115722119808197 0.6850216335720486 0.03445907831192017 0.05204510158962673
