1 0.7431993961334229 0.53701171875 0.12677793502807616 0.1699133978949653
0 0.3165604114532471 0.3024081124199761 0.0325681209564209 0.09021241929796008
0 0.5597537279129028 0.30673811170789933 0.017850065231323244 0.0705439673529731
0 0.08087289929389954 0.3972624037000868 0.06486252546310425 0.07685479058159722
0 0.35979141741991044 0.26519275241427953 0.027980145812034608 0.06600947909884983
0 0.33696166016161444 0.25128458870781795 0.015670718997716902 0.05828367869059245
3 0.7430263549089432 0.5365267700619167 0.12611350417137146 0.1618703948126899
0 0.7009698867797851 0.5489028718736436 0.03868522644042969 0.1618633270263672
0 0.02914750836789608 0.39741747114393444 0.04145438745617867 0.0826346927218967
0 0.40293330550193784 0.22651787863837347 0.014997768402099609 0.04366813235812717
0 0.3533547282218933 0.384012410375807 0.020108485221862794 0.03575539588928223
3 0.31542056798934937 0.31918211037086114 0.03392226696014404 0.0590120410753621
0 0.4221303939819336 0.402752333217197 0.0174147367477417 0.05008534855312771
0 0.3242852780967951 0.1936479409535726 0.007864273339509963 0.044963995615641274
