0 0.10858407020568847 0.6327886369493273 0.05772232413291931 0.16983583238389757
0 0.24459028244018555 0.5326625400119358 0.03608570098876953 0.12430572509765625
0 0.3063183307647705 0.38309171464708114 0.03582420349121094 0.11177330017089844
1 0.5287028133869172 0.23704906039767795 0.04526375532150269 0.07715216742621528
1 0.5907212018966674 0.24437429640028213 0.04411125183105469 0.05952771504720052
0 0.19992626309394837 0.46670104132758244 0.037297046184539794 0.11359117296006944
0 0.3778290987014771 0.26836609310574 0.020872116088867188 0.062188720703125
0 0.3257158637046814 0.2594731330871582 0.018966984748840333 0.06959412892659506
1 0.43213257789611814 0.2882550769382053 0.051511383056640624 0.08295317755805122
0 0.6066327273845673 0.24174645741780598 0.013265454769134521 0.059325154622395834
0 0.07686561942100525 0.39371282789442275 0.058514320850372316 0.06904178195529515
0 0.032330818474292755 0.38182921939425996 0.03702283799648285 0.054338370429144967
0 0.36955215930938723 0.23615036010742188 0.016533422470092773 0.05718248155381944
0 0.32991044521331786 0.4841648684607612 0.03599758148193359 0.06035454008314345
