1 0.6830912113189698 0.7998903274536133 0.07257628440856934 0.13085170321994358
1 0.424839574098587 0.7275830798678928 0.07307449579238892 0.13330565558539498
0 0.88922119140625 0.5434778849283854 0.07415542602539063 0.07378353542751737
0 0.46191253662109377 0.6098971472846137 0.0655893325805664 0.09842741224500869
1 0.7370991408824921 0.5203723907470703 0.06079877614974975 0.06365331013997395
0 0.5623525619506836 0.4783635457356771 0.056647872924804686 0.06904958089192709
0 0.42652077674865724 0.7280259874131945 0.06987953186035156 0.13599175347222223
1 0.8355271995067597 0.6949559211730957 0.0961499810218811 0.11384682125515408
1 0.5617840647697449 0.47646883328755696 0.05642073154449463 0.06644951502482097
0 0.38408325910568236 0.42860853407118055 0.03136756420135498 0.03734631008572049
0 0.7379985332489014 0.5222869873046875 0.06015310287475586 0.06207665337456597
1 0.4571813642978668 0.44505106608072914 0.04043537378311157 0.04576755099826389
1 0.8892123460769653 0.5435395346747505 0.07324752807617188 0.0741623772515191
0 0.7134642004966736 0.5273809009128146 0.013469386100769042 0.06072705586751302
1 0.4630993902683258 0.6067532009548611 0.06472324132919312 0.09873945448133681
1 0.3169414758682251 0.4475274350908067 0.0403141975402832 0.04765007230970594
0 0.6979412078857422 0.7985701666937934 0.10423011779785156 0.13674841986762154
0 0.2983520269393921 0.6061258951822917 0.04845070838928223 0.09102647569444444
0 0.8354276657104492 0.6943182203504774 0.09863853454589844 0.11197136773003472
1 0.4021433189511299 0.4227953804863824 0.0660858005285263 0.047629059685601126
1 0.2773094654083252 0.48878089057074653 0.040178680419921876 0.05983005099826389
0 0.39359397888183595 0.692799695332845 0.01238112449645996 0.03662283155653212
1 0.3553833842277527 0.4850514041052924 0.0860708475112915 0.05960346857706706
