1 0.9407641530036926 0.6693662537468804 0.0970729112625122 0.1091692394680447
1 0.28591969013214114 0.6991389274597168 0.07312378883361817 0.13372516632080078
0 0.2857102394104004 0.6891000535753038 0.07658519744873046 0.15019599066840278
1 0.4970030844211578 0.6307857407463922 0.07333539724349976 0.1105129877726237
0 0.2757957220077515 0.49002937740749786 0.03961753845214844 0.059486601087782115
0 0.4365725517272949 0.5088082207573785 0.05028324127197266 0.06704008314344619
0 0.531648063659668 0.4899657355414497 0.05462856292724609 0.07011667887369792
0 0.4967635154724121 0.6302760654025608 0.07206554412841797 0.10759769015842013
1 0.840818452835083 0.6862689230177138 0.10964226722717285 0.12859944237603083
1 0.5307340860366822 0.4894654379950629 0.055803346633911136 0.07172338697645399
3 0.6666179216466844 0.679522705078125 0.12712027300149203 0.06004909939236111
1 0.6708334922790528 0.7254325018988715 0.11842689514160157 0.15266151428222657
1 0.4364113450050354 0.507727919684516 0.05056552886962891 0.06610832214355469
3 0.4639266490936279 0.8062018818325467 0.28722829818725587 0.3875962363349067
3 0.5305743277072906 0.48934570418463813 0.05560063123703003 0.07225205103556315
0 0.6255805011838674 0.6886717478434244 0.03160030320286751 0.04487872653537327
0 0.9386526107788086 0.6716128879123264 0.10419769287109375 0.1100067138671875
0 0.3594195269048214 0.5809518178304036 0.043123205006122586 0.06605792575412327
