0 0.6007843971252441 0.5199189927842882 0.06823959350585937 0.08178473578559028
0 0.7061549752950669 0.510973432328966 0.047063523530960084 0.059042464362250434
1 0.6010751724243164 0.5203551716274686 0.06608734130859376 0.08204809824625652
1 0.7909173369407654 0.5776263448927138 0.08284499645233154 0.09416417015923394
0 0.38566712141036985 0.5375001907348633 0.028640151023864746 0.07645848592122396
0 0.4216520696878433 0.440438715616862 0.03615607619285584 0.03990491231282552
0 0.20441699624061585 0.4840150197347005 0.029013669490814208 0.04955414666069879
1 0.3902118757367134 0.6614143053690592 0.06473544538021088 0.11462383270263672
0 0.3926509380340576 0.6526040818956164 0.06509666442871094 0.13880259195963543
0 0.46184096932411195 0.4698210292392307 0.037605035305023196 0.038979657491048175
3 0.4577150195837021 0.9234295315212674 0.10152176022529602 0.15314093695746528
1 0.45403459668159485 0.5922218852572971 0.06222487688064575 0.08455024295383029
0 0.4521442413330078 0.5931774563259549 0.06538753509521485 0.08548821343315972
0 0.7930550575256348 0.5645105573866103 0.08262157440185547 0.12816814846462674
0 0.2627811312675476 0.48001639048258465 0.043041110038757324 0.06307343377007378
1 0.23354581594467164 0.44224537743462455 0.0315995454788208 0.036946148342556426
0 0.49885025024414065 0.4604003217485216 0.04051957130432129 0.040265835656060116
0 0.28911213874816893 0.6502240075005425 0.05980429649353027 0.13343599107530382
0 0.2555444359779358 0.5386415799458821 0.04331915378570557 0.07409839630126953
0 0.23376448154449464 0.4429319328731961 0.031499052047729494 0.03795504040188259
1 0.46187753677368165 0.47063301934136287 0.03779926300048828 0.040574137369791666
1 0.3999897032976151 0.5340766588846843 0.0596430242061615 0.08341630299886067
1 0.8011423528194428 0.5081386990017361 0.0706731915473938 0.07428631252712674
1 0.4566256046295166 0.8977895100911458 0.10139226913452148 0.19571295844184028
3 0.3789237976074219 0.6530590905083551 0.04203438758850098 0.11341662936740451
1 0.7062114536762237 0.5105495876736111 0.04725936651229858 0.058685048421223955
