3 0.7379235316067934 0.470072693294949 0.2582438372075558 0.4188010109795464
3 0.1514072060585022 0.34298816786872016 0.06473758220672607 0.10731092029147678
1 0.2953265428543091 0.23635535769992405 0.04915642738342285 0.08171225653754341
3 0.3330365061759949 0.6725156678093804 0.13392698764801025 0.25029447343614364
1 0.23343021869659425 0.04798674848344591 0.02137269973754883 0.03392329216003418
2 0.746948528289795 0.5640424092610677 0.5014896392822266 0.6510755750868056
3 0.27031736373901366 0.03250459200806088 0.09196600914001465 0.058674395746654937
0 0.8809139966964722 0.971299319797092 0.03470687866210938 0.05719833374023438
3 0.4309422492980957 0.4865824381510417 0.32496817111968995 0.6925445556640625
3 0.5912333726882935 0.3626654518975152 0.24353370666503907 0.4636942121717665
1 0.3924605667591095 0.037594340907202824 0.023386001586914062 0.039418980810377334
1 0.1515707790851593 0.32744676801893446 0.0685285210609436 0.14325328403049045
