1 0.11392954289913178 0.8730791727701823 0.09847834706306458 0.11308729383680556
1 0.6690413594245911 0.7914603975084092 0.08170244693756104 0.10359857347276476
3 0.5951578676700592 0.22052985297309027 0.25030926465988157 0.43800557454427086
1 0.3700761035084724 0.7677923838297526 0.06949935853481293 0.07622138129340278
1 0.30266103744506834 0.9449428134494358 0.1355508804321289 0.11011437310112847
1 0.549241018295288 0.7999408298068577 0.09336910247802735 0.10150468614366319
1 0.5851938486099243 0.6997327380710178 0.051768016815185544 0.07178942362467448
1 0.2025907337665558 0.8752313401963976 0.07857540845870972 0.10256279839409722
3 0.1418932866305113 0.20501770443386502 0.2710679151117802 0.41003540886773004
0 0.6292686939239502 0.6516578674316407 0.035010910034179686 0.044041612413194445
1 0.6295006990432739 0.6521346728006999 0.034935283660888675 0.042100418938530816
1 0.7035581827163696 0.661404217614068 0.03350863456726074 0.046421284145779076
0 0.7057676106691361 0.6599616474575467 0.03733026385307312 0.04504116906060113
0 0.1992413282394409 0.8771872626410591 0.08340129852294922 0.09860873752170139
0 0.6059344112873077 0.6931549708048502 0.011789822578430175 0.035912280612521705
0 0.5847568511962891 0.6974424574110243 0.05166168212890625 0.076124021742079
3 0.7828569516539574 0.2083568784925673 0.29776122868061067 0.4167137569851346
