1 0.4387064576148987 0.8545747333102756 0.10044803619384765 0.10200479295518664
3 0.5947250306606293 0.220530276828342 0.25117493867874147 0.4386188083224826
1 0.4466340929269791 0.7589888678656684 0.07191812396049499 0.08778347439236112
1 0.6941903710365296 0.7174196455213758 0.05168631076812744 0.08413848876953126
3 0.14216965436935425 0.20459863874647352 0.271573805809021 0.40919727749294704
1 0.5752440690994263 0.683754751417372 0.04365782737731934 0.05079697502983941
1 0.6401024751365185 0.7019406848483616 0.0475033774971962 0.0546439700656467
1 0.6212071895599365 0.795049540201823 0.07682886123657226 0.105120849609375
1 0.10055766105651856 0.8591969807942709 0.11844434738159179 0.09183620876736111
0 0.6019793152809143 0.6279509862263998 0.024880480766296387 0.03421194288465712
0 0.3934613108634949 0.8514251920912 0.013002324104309081 0.06131604512532552
0 0.5750415444374084 0.684554311964247 0.042804503440856935 0.051953421698676214
1 0.3932623744010925 0.8519926071166992 0.013475251197814942 0.05956111484103733
0 0.6704901218414306 0.6536809709337023 0.03416800498962402 0.03723797268337674
0 0.6420892432332039 0.6280747413635254 0.02393946349620819 0.03713690439860026
0 0.7065545469522476 0.6528933419121636 0.03826267123222351 0.06459041171603733
1 0.7007513999938965 0.6484390258789062 0.04886417388916016 0.07441558837890624
0 0.6415450572967529 0.6997202555338542 0.04855566024780274 0.06491343180338542
3 0.34289824962615967 0.938500361972385 0.11237826347351074 0.12299927605523003
0 0.4472947120666504 0.7601302252875434 0.07140731811523438 0.09469960530598959
