1 0.7897435188293457 0.39667768478393556 0.07952914237976075 0.10928567250569661
0 0.18453746438026428 0.6425256305270725 0.037042081356048584 0.13165499369303385
1 0.6620579481124877 0.4996178944905599 0.10494480133056641 0.17673170301649305
1 0.813911247253418 0.735426754421658 0.14033069610595703 0.2160466512044271
0 0.29924712181091306 0.41739251878526473 0.031187725067138673 0.10326707628038194
0 0.20655434131622313 0.38263818952772355 0.025814294815063477 0.0924033694797092
1 0.5064425349235535 0.2724095026652018 0.049425816535949706 0.07292115953233506
1 0.9167907953262329 0.67179413901435 0.14099087715148925 0.18026400672064888
1 0.4506034731864929 0.2149524688720703 0.04093713760375976 0.0659295399983724
1 0.48327951431274413 0.17821023199293348 0.04092826843261719 0.05936017566257053
0 0.207029390335083 0.29464343388875325 0.025644540786743164 0.0763747533162435
1 0.42471475899219513 0.1657024966345893 0.036650198698043826 0.05794551637437609
1 0.026162511110305785 0.3127470016479492 0.05232502222061157 0.1194220225016276
1 0.6046013355255127 0.31552111307779945 0.062238454818725586 0.08344319661458334
1 0.10611206293106079 0.32062437269422744 0.06442699432373047 0.10523469712999133
1 0.40470131039619445 0.13874454498291017 0.03055601119995117 0.05269442664252387
1 0.5330026805400848 0.2288575596279568 0.042419922351837155 0.06834256913926866
1 0.7074075698852539 0.4086092631022135 0.06702823638916015 0.11888342963324652
1 0.6932747840881348 0.31006808810763886 0.06548633575439453 0.09691577487521702
1 0.5960103034973144 0.39908074273003474 0.06817760467529296 0.11006418863932292
1 0.5442199170589447 0.34117872450086806 0.057439911365509036 0.10610987345377604
3 0.5455107152462005 0.34367014889915787 0.05992203950881958 0.10623895211352243
3 0.05244298102334142 0.7673611111111112 0.10044729467481375 0.2677781846788194
2 0.6611859776079655 0.5012161307864719 0.10265384167432785 0.1762629508972168
1 0.4109314352273941 0.09285010761684842 0.025316208600997925 0.03962924745347765
0 0.8806332111358642 0.9566768434312608 0.03777642250061035 0.08540501064724393
0 0.7150317430496216 0.25374311870998806 0.010561513900756835 0.06948214636908637
3 0.232900208234787 0.03170795440673828 0.1350978970527649 0.06341590881347656
3 0.6591024398803711 0.49968528747558594 0.10315017700195313 0.18321533203125
0 0.5777966737747192 0.40638953314887155 0.03305521011352539 0.0970871819390191
1 0.051691222190856936 0.7378302680121528 0.10338244438171387 0.3008084191216363
