1 0.7757041156291962 0.6566067271762424 0.07539345026016235 0.08599300384521484
0 0.670353889465332 0.5769017961290147 0.06327056884765625 0.07989976671006944
0 0.4137685298919678 0.7632013956705729 0.07737178802490234 0.15083855523003473
1 0.5484338998794556 0.6005698733859592 0.05729355812072754 0.07682393391927084
0 0.7759361267089844 0.6565504286024305 0.07579307556152344 0.08723619249131945
0 0.3275006256997585 0.5217612690395779 0.014005450904369355 0.06420294443766277
0 0.5487977504730225 0.6017367892795139 0.05859584808349609 0.07311189439561631
3 0.46639652252197267 0.43878165351019965 0.11031074523925781 0.13707605997721353
1 0.6878138571977616 0.5286634975009494 0.051112550497055056 0.05214532216389974
3 0.413917276263237 0.766560173034668 0.07653904557228089 0.1506241268581814
0 0.41013412475585936 0.5438098059760199 0.07091474533081055 0.07601877848307291
0 0.5772036910057068 0.5219066407945421 0.044245028495788576 0.05662265353732639
1 0.6692242249846458 0.5779565069410536 0.062331846356391905 0.07511365678575303
0 0.28762474060058596 0.5568982442220052 0.05287346839904785 0.10749003092447916
1 0.5775903224945068 0.5219891654120551 0.04374141693115234 0.056691148546006945
0 0.38898544311523436 0.7201107449001736 0.021300268173217774 0.05523978339301215
0 0.6856841087341309 0.52784177992079 0.05634117126464844 0.057172139485677086
0 0.6108407616615296 0.4938288370768229 0.028321146965026855 0.05196397569444444
0 0.45968387722969056 0.5329360961914062 0.02841240167617798 0.07148674858940972
1 0.5209506630897522 0.49159492916531033 0.04182770252227783 0.05731298658582899
3 0.2836479187011719 0.5584914949205186 0.04682259559631348 0.09967070685492621
1 0.28231674432754517 0.5627097659640842 0.04421331882476807 0.09070489671495226
