3 0.7344216490164399 0.7002819379170736 0.26511599533259866 0.3679387622409397
1 0.6469073534011841 0.501502349641588 0.08994817733764648 0.13153713014390733
1 0.5000798285007477 0.27042297787136504 0.05601781606674194 0.10422032674153646
1 0.17407422065734862 0.6159766303168402 0.15320215225219727 0.16736670600043402
0 0.575552225112915 0.23251036538018122 0.01650657653808594 0.06430704328748915
0 0.784530371427536 0.41097770267062717 0.030797350406646728 0.08082940843370226
1 0.4872834801673889 0.18434237904018827 0.035611534118652345 0.05699658923678928
1 0.4345972865819931 0.1258856561448839 0.029331785440444947 0.04900879330105252
0 0.5570634126663208 0.27527216805352106 0.018390560150146486 0.07578936682807075
1 0.4162733554840088 0.5109614902072482 0.1050933837890625 0.16557549370659722
0 0.5518705725669861 0.19607990052964952 0.016270375251770018 0.06230593787299262
3 0.15615854263305665 0.31041456858317057 0.09835209846496581 0.27732556660970054
0 0.6177495941519737 0.31426365110609267 0.02138311564922333 0.0813364028930664
1 0.6936912536621094 0.3168387942843967 0.0680807113647461 0.10575180053710938
1 0.4521959662437439 0.195428556866116 0.03725996017456055 0.06502485275268555
0 0.641720974445343 0.243269591861301 0.018589472770690917 0.0683232413397895
1 0.6282223701477051 0.7831125047471789 0.1309141159057617 0.17803921169704862
1 0.41986323297023775 0.09951881302727593 0.026210767030715943 0.04600163565741645
2 0.4995295524597168 0.269185553656684 0.05809946060180664 0.11210725572374132
1 0.022435383498668672 0.1533730877770318 0.044870766997337344 0.09184149636162652
3 0.6925115615129471 0.3288123581144545 0.06677638888359069 0.07984693845113118
3 0.45165405571460726 0.4319841490851508 0.17535004019737244 0.28619052039252385
1 0.4216547250747681 0.06546196937561036 0.022384381294250487 0.03872144487169054
3 0.25820977687835694 0.03477500925461451 0.11540508270263672 0.06062839064333174
1 0.4746653914451599 0.11587071153852675 0.031037330627441406 0.05790610313415527
3 0.023636844754219056 0.15038553873697916 0.04727368950843811 0.09819683498806424
0 0.6146947203204036 0.2702211168077257 0.02061820663511753 0.052775743272569446
0 0.7149956345558166 0.25300258000691733 0.010633730888366699 0.07204498714870877
