1 0.6709915518760681 0.5286811669667562 0.09669411182403564 0.14479661517673068
3 0.19770389199256896 0.06314803626802233 0.0373308539390564 0.07689078913794624
1 0.7422524273395539 0.48899720509847006 0.0858960747718811 0.12279158698187934
1 0.023073558509349824 0.178812747531467 0.04307161271572113 0.06906233893500434
1 0.5549065232276916 0.1880691581302219 0.04290902614593506 0.06232794655693902
1 0.47357372045516966 0.16478909386528862 0.036172676086425784 0.05705651177300347
1 0.43570427000522616 0.17947452863057453 0.03812684416770935 0.06468824810451931
0 0.8152713477611542 0.5969260109795465 0.032591593265533444 0.12778494093153211
0 0.9262253522872925 0.6584599494934082 0.04021873474121094 0.09780220455593533
1 0.02542807161808014 0.2757044474283854 0.05085614323616028 0.10566940307617187
3 0.2360384225845337 0.13133660422431098 0.0352210521697998 0.07638426886664497
0 0.8423752665519715 0.5735384199354384 0.02755272388458252 0.11564415825737848
1 0.38310210406780243 0.06158927281697591 0.02310461401939392 0.035652213626437716
1 0.4245082467794418 0.10710522333780924 0.02879417538642883 0.04286560482449002
1 0.42365371584892275 0.14098973274230958 0.030629384517669677 0.045582188500298396
3 0.7500590492039919 0.8130732218424479 0.2897988460958004 0.37385355631510414
0 0.9057024955749512 0.5829344855414497 0.047243499755859376 0.12359347873263889
2 0.6137765526771546 0.42272398206922746 0.09920594692230225 0.1690183851453993
0 0.8723502159118652 0.5434134589301215 0.044259071350097656 0.13094685872395834
3 0.6136044502258301 0.4324890984429253 0.09374847412109374 0.16400434705946182
1 0.6172814846038819 0.31363417307535807 0.06338930130004883 0.09159846835666233
3 0.26320221424102785 0.028924743003315396 0.11587996482849121 0.04644666843944126
1 0.7224604606628418 0.7661360846625433 0.1821989059448242 0.19044952392578124
0 0.9914361596107483 0.5626338111029731 0.017127680778503417 0.08830812242296007
1 0.7415351331233978 0.39173962275187174 0.049660217761993405 0.04567559560139974
1 0.2665236949920654 0.057806311713324655 0.027750015258789062 0.038431374231974284
1 0.6145015358924866 0.43053244484795467 0.093192458152771 0.15610040028889974
0 0.716627550125122 0.2574065844217936 0.0073642730712890625 0.06870856814914279
3 0.2666326642036438 0.05841348568598429 0.023197627067565917 0.038840248849656846
0 0.8271969079971313 0.8570900175306532 0.04536280632019043 0.0748774634467231
2 0.3831492304801941 0.06179349422454834 0.02160522937774658 0.03309441142612034
1 0.8552974700927735 0.7990809122721354 0.11048126220703125 0.19012027316623265
1 0.7092792868614197 0.48283411661783854 0.020769810676574706 0.09987449645996094
1 0.6387286186218262 0.25968365139431426 0.05389537811279297 0.07670830620659722
