3 0.8642307400703431 0.6191796673668756 0.2512690782546997 0.429125796424018
3 0.4551868200302124 0.5781762705908882 0.2582383632659912 0.45715725156995984
1 0.8735438346862793 0.7393325805664063 0.240301513671875 0.18960469563802082
1 0.5657764077186584 0.37850811613930596 0.06757347583770752 0.10039754708607991
0 0.45667871832847595 0.1580108536614312 0.013883507251739502 0.05527002546522353
3 0.19745346903800964 0.08158186541663276 0.029481518268585204 0.05463958846198188
1 0.10250993669033051 0.17435771094428168 0.042292171716690065 0.06880442301432292
0 0.5799643516540527 0.2233385509914822 0.020449447631835937 0.061849551730685765
3 0.7417238023132086 0.44408512115478516 0.26283206418156624 0.4064376407199436
0 0.5072428524494171 0.13277862866719564 0.013030016422271728 0.04946512646145291
1 0.5438496828079223 0.1738921112484402 0.0386322021484375 0.06098436779446072
0 0.5017937660217285 0.18638472027248806 0.014580225944519043 0.062499046325683594
0 0.45781667828559874 0.11145639154646132 0.012397086620330811 0.047394715415106876
0 0.48194016218185426 0.13795176612006294 0.01331343650817871 0.051421440972222225
3 0.019857332110404968 0.2545292324490017 0.039714664220809937 0.14414783053927951
1 0.42315687239170074 0.15836473570929632 0.03753036856651306 0.07071771621704101
1 0.3935627847909927 0.07444280253516303 0.02348930239677429 0.037576225068834096
0 0.4923395931720734 0.16426096492343478 0.01488090753555298 0.050974496205647785
1 0.019825904071331023 0.30740979090332987 0.039651808142662046 0.03400017205211851
2 0.7558458328247071 0.5686197916666667 0.48830833435058596 0.6076795789930556
3 0.4232686996459961 0.157288572523329 0.040610313415527344 0.07548616197374132
1 0.4190712749958038 0.10796253151363797 0.024137628078460694 0.03911319838629829
1 0.9671334266662598 0.8966142442491319 0.06489810943603516 0.16467149522569444
3 0.21873360276222228 0.03120697190364202 0.10482343435287475 0.05649753444724613
3 0.24617473483085633 0.513671334584554 0.27411667108535764 0.3948795530531142
2 0.9656068444252014 0.9112415313720703 0.06709144115447999 0.13735376993815104
3 0.39678139686584474 0.11490650177001953 0.03146791458129883 0.05430064731174045
1 0.39864515960216523 0.11825379265679253 0.028253275156021117 0.04979334937201606
1 0.40896758139133454 0.04805276393890381 0.03455166220664978 0.031230783462524413
2 0.42320642471313474 0.15777028401692708 0.041040897369384766 0.07639966540866427
2 0.019300386612303554 0.24856160481770834 0.037809681287035345 0.15655314127604167
3 0.9755467414855957 0.3473038143581814 0.04525566101074219 0.26528956095377604
