0 0.18479101061820985 0.5555986404418946 0.033822405338287356 0.13396068149142795
0 0.2895723581314087 0.37992949220869277 0.023324251174926758 0.09105321566263834
1 0.8567317962646485 0.8042132059733073 0.1548635482788086 0.21910129123263888
1 0.8062197864055634 0.4122949176364475 0.0832208275794983 0.11194199456108941
0 0.20282741785049438 0.34392131169637047 0.02340538501739502 0.08894638485378689
1 0.6118975281715393 0.3270096222559611 0.06327869892120361 0.07385999361673991
1 0.4885492503643036 0.18614290555318197 0.04134753942489624 0.060372278425428604
1 0.6713354110717773 0.5184145821465387 0.09462790489196778 0.18842938741048176
0 0.20342733860015869 0.2670233514573839 0.02215919494628906 0.07173442840576172
1 0.42806186676025393 0.17138638496398925 0.03643608093261719 0.05685817930433485
1 0.1068494439125061 0.3077501932779948 0.06284353733062745 0.10280914306640625
1 0.5107621848583221 0.27977396647135416 0.048903810977935794 0.07322061326768663
1 0.6012187480926514 0.4064493391248915 0.0675959587097168 0.11052517361111111
1 0.9424578666687011 0.7167363484700521 0.11508426666259766 0.19295488993326823
1 0.5405053317546844 0.23654090033637154 0.042558062076568606 0.07298333909776476
1 0.40743575394153597 0.14380069838629828 0.031004661321640016 0.05272628996107313
1 0.4540953278541565 0.22064538531833225 0.04257557392120361 0.07060701582166884
1 0.5471138775348663 0.34470245573255753 0.059418332576751706 0.1075106938680013
1 0.027654588222503662 0.29265304141574433 0.055309176445007324 0.10864160325792101
1 0.7016602516174316 0.32263077629937065 0.06837882995605468 0.09339803059895833
1 0.7163293838500977 0.4209480709499783 0.07051429748535157 0.11889885796440972
1 0.055189776420593264 0.6711255391438802 0.11037955284118653 0.25256771511501735
1 0.4158782809972763 0.09919079409705268 0.025789147615432738 0.0417813671959771
2 0.6782298021018505 0.5210588296254476 0.10861393362283707 0.18564413918389214
3 0.8705596506595612 0.6543944252861871 0.21523536443710328 0.4364520178900825
0 0.8801166892051697 0.9707821316189236 0.035947346687316896 0.05843573676215278
2 0.025648102164268494 0.31466147158708835 0.05129620432853699 0.05049846329622799
1 0.378277151286602 0.06100536982218425 0.021571484208106995 0.035181819068060984
3 0.23313705921173095 0.032421112060546875 0.13685288429260253 0.06484222412109375
0 0.20362492203712462 0.30115386644999187 0.01824220418930054 0.024529955122205946
