1 0.8638159990310669 0.7122767554389106 0.09864463806152343 0.11784218682183159
0 0.5912863254547119 0.8695122612847223 0.09733304977416993 0.18094092475043402
1 0.860798692703247 0.5304816563924154 0.07432594299316406 0.07210231357150608
0 0.20223920941352844 0.44730572170681426 0.027967917919158935 0.040589989556206595
0 0.6196810722351074 0.5033902062310113 0.04543886184692383 0.059470282660590276
3 0.7739233255386353 0.5442091517978245 0.10188679695129395 0.14575845930311415
1 0.3648794651031494 0.4368367830912272 0.04550094604492187 0.04420674641927083
1 0.46387308835983276 0.4493638356526693 0.038039207458496094 0.04357367621527778
0 0.27398908138275146 0.7614190843370225 0.08763928413391113 0.1951231214735243
1 0.5448058843612671 0.4518458684285482 0.03534507751464844 0.037975184122721356
0 0.23061439990997315 0.5010177824232314 0.04190573692321777 0.07067375183105469
1 0.7723361015319824 0.5452677408854166 0.10589885711669922 0.146213870578342
0 0.2955926895141602 0.6211406707763671 0.049166393280029294 0.1161209954155816
1 0.23026596307754515 0.5004609213935004 0.041378331184387204 0.0701102786593967
0 0.31356899738311766 0.40773228539360895 0.02964620590209961 0.0490592532687717
3 0.5920478820800781 0.8660403357611762 0.09952149391174317 0.17726016574435763
1 0.5917539954185486 0.8666314231024848 0.09945113658905029 0.17628661261664497
0 0.8642610549926758 0.7163650512695312 0.09990882873535156 0.11448944939507379
0 0.3409933805465698 0.5658575269911025 0.05010080337524414 0.09488288031684028
1 0.5244442343711853 0.42856676313612196 0.04463260173797608 0.037412134806315105
0 0.8605657577514648 0.5319093492296006 0.07267246246337891 0.06889478895399305
0 0.5450645446777344 0.45051771799723306 0.03570084571838379 0.03901316324869792
1 0.30499656200408937 0.44604099061754016 0.04151210784912109 0.04097574022081163
3 0.8662532091140747 0.6818440119425456 0.10152740478515625 0.05653385586208767
1 0.6210208296775818 0.5028419388665093 0.042041659355163574 0.057052760654025605
0 0.4446366310119629 0.7571621365017361 0.08634014129638672 0.1272488064236111
1 0.29672691822052 0.6260205692715115 0.04795160293579102 0.07249796125623915
0 0.4638485848903656 0.4493938763936361 0.0386987566947937 0.04299873775906033
1 0.2628808856010437 0.39873203701443144 0.035544943809509275 0.02950405544704861
