1 0.6482822799589485 0.7085542254977756 0.0939791870303452 0.12808350457085504
0 0.7004914164543152 0.515434816148546 0.039642167091369626 0.06181882222493489
1 0.5210421025753021 0.6008278210957845 0.06996604204177856 0.11521227094862196
0 0.5951723098754883 0.482904307047526 0.05406951904296875 0.11531202528211805
1 0.4113346695899963 0.5444522221883138 0.05007050037384033 0.0772586398654514
1 0.39133082926273344 0.6252183066474066 0.057111102342605594 0.11551687452528211
0 0.28797411918640137 0.6621253119574653 0.05739536285400391 0.08420596652560763
0 0.39293646812438965 0.6255122714572483 0.05482330322265625 0.11387905544704861
1 0.7126240074634552 0.51164337793986 0.06494184732437133 0.06439702775743272
1 0.28851728439331054 0.6603582170274522 0.0552978515625 0.07980228000217014
1 0.4816268026828766 0.5345393922593858 0.05014137029647827 0.06932089063856336
1 0.384504508972168 0.47788687811957464 0.04303010702133179 0.056596162584092884
0 0.5208525657653809 0.6021985371907552 0.066717529296875 0.10896343655056423
1 0.34819443225860597 0.5714599821302626 0.051413869857788085 0.07776574028862847
0 0.6082020610570907 0.4504168616400825 0.01640412211418152 0.05745273166232639
3 0.5958224415779114 0.4820967409345839 0.05360081195831299 0.11715108023749457
0 0.6476446628570557 0.7074283175998264 0.09297370910644531 0.12777235243055557
1 0.21845081448554993 0.4603156407674154 0.042278516292572024 0.04727952745225694
0 0.48189773559570315 0.5376178741455078 0.051451492309570315 0.07476552327473958
0 0.5224754810333252 0.7039318508572049 0.06173295974731445 0.11766849093967013
3 0.4364178657531738 0.7959164089626736 0.13787488937377929 0.3898464626736111
1 0.5221447825431824 0.7045412275526258 0.060015082359313965 0.11519851684570312
0 0.33673437833786013 0.5132946226331923 0.043221449851989745 0.04182573954264323
0 0.3425080895423889 0.7483613544040256 0.04879243373870849 0.12104869418674045
1 0.5961777210235596 0.48483585781521266 0.052988195419311525 0.11137093438042535
0 0.30605891942977903 0.49612850613064235 0.026226735115051268 0.052545420328776044
0 0.32682594552752564 0.4895754072401259 0.012926798162516207 0.05791884528266059
3 0.219268798828125 0.4611701541476779 0.04400062561035156 0.048165045844184025
0 0.3478846073150635 0.5717986424763998 0.050829172134399414 0.08323173522949219
0 0.39402405023574827 0.5353729354010688 0.011951899528503418 0.07507046593560113
0 0.38499064445495607 0.47958458794487846 0.046451663970947264 0.06591983371310764
3 0.2845586836338043 0.8392199834187826 0.18181084394454955 0.3215600331624349
1 0.3114477157592773 0.4937669859992133 0.03766226768493652 0.05426201290554471
