1 0.775954294204712 0.6571052551269532 0.07774834632873535 0.09199532402886285
0 0.6085512280464173 0.4930058161417643 0.03179328441619873 0.04735446506076389
0 0.7757152557373047 0.6560147603352865 0.07702789306640626 0.0903900146484375
0 0.41502771377563474 0.7650134616427952 0.08150749206542969 0.15616590711805556
1 0.5484135150909424 0.6004803127712673 0.05715012550354004 0.0769584231906467
0 0.5486930847167969 0.6018973880343967 0.05857429504394531 0.07320743136935765
1 0.4127495437860489 0.7692027833726671 0.08374008536338806 0.15797030131022136
0 0.40549020767211913 0.5449274275037977 0.056783318519592285 0.07854665120442708
0 0.28518223762512207 0.5604437086317274 0.04752292633056641 0.10839046902126737
0 0.5765174984931946 0.5216985172695584 0.04506485462188721 0.05835577646891276
1 0.28397979736328127 0.5638289451599121 0.04688525199890137 0.09387145572238498
1 0.6904109597206116 0.5273159450954861 0.05015876293182373 0.04795464409722222
1 0.5216470420360565 0.4912314944797092 0.04293328523635864 0.05440249972873264
0 0.32694263458251954 0.5249340481228298 0.013260269165039062 0.060227118598090275
3 0.2841238021850586 0.561093192630344 0.04684715270996094 0.09797657860649957
0 0.6875905632972718 0.5263185607062446 0.046449589729309085 0.04462002648247613
0 0.6700267791748047 0.5863814459906684 0.06205959320068359 0.08276689317491319
0 0.24292998313903807 0.49116617838541665 0.08078746795654297 0.10236748589409722
1 0.4048718839883804 0.5433458752102323 0.05555512309074402 0.07902954949273003
0 0.46537294387817385 0.44668943617078993 0.11101284027099609 0.11873135036892361
1 0.24410741329193114 0.48793678283691405 0.08048024177551269 0.101129150390625
