1 0.5851345300674439 0.8186828825208876 0.10414290428161621 0.17950019836425782
1 0.8087487697601319 0.593368403116862 0.07843289375305176 0.07894829644097222
1 0.9529906511306763 0.669150522020128 0.09224405288696289 0.07869385613335503
0 0.5842597484588623 0.8180542839898004 0.10483417510986329 0.1840031941731771
0 0.41220893859863283 0.7048216078016493 0.08298718929290771 0.14370032416449652
1 0.6899077028036118 0.5834792243109809 0.06757028698921204 0.08508949279785157
3 0.34064713716506956 0.5696242332458497 0.05110762119293213 0.08035996754964193
0 0.952975082397461 0.6888914320203993 0.08993301391601563 0.11951433817545573
3 0.41292513310909273 0.702873886956109 0.08188133835792541 0.14015057881673176
3 0.6613498235121369 0.5072448942396376 0.11829370968043804 0.22252523634168836
1 0.7852643549442291 0.6663654645284017 0.08191741704940796 0.09606045616997613
1 0.6285157442092896 0.6670697742038303 0.08862519264221191 0.08531328837076822
0 0.80813627243042 0.5919278038872613 0.08033161163330078 0.07848358154296875
1 0.6296357065439224 0.5953457302517361 0.05911138653755188 0.07495185004340278
1 0.8620885968208313 0.5712631861368815 0.05617492198944092 0.06980900234646267
0 0.7856885910034179 0.6657588111029731 0.08082561492919922 0.0982220967610677
0 0.863690185546875 0.5712472703721788 0.05281620025634766 0.0702469719780816
0 0.6275052070617676 0.6813780042860244 0.08721427917480469 0.11304219563802083
1 0.4154812604188919 0.6717912462022569 0.07995530962944031 0.0763350592719184
0 0.34170544147491455 0.5740374671088324 0.0499000072479248 0.07975675794813368
2 0.6395543098449707 0.4773491753472222 0.16401824951171876 0.18112750583224826
1 0.6181102633476258 0.42180623478359647 0.10949442386627198 0.08357975218031141
3 0.6358601331710816 0.6816314697265625 0.07172026634216308 0.11577012803819445
