1 0.923673415184021 0.65631013446384 0.09842586517333984 0.11087275611029732
1 0.7737795114517212 0.6370559056599935 0.07675728797912598 0.07763955858018663
1 0.6322281760163605 0.5111616028679742 0.06234155055135489 0.06232259538438585
1 0.7102062970399856 0.503760380215115 0.062440413236618045 0.06373163859049479
0 0.3065092206001282 0.5238446341620551 0.040472102165222165 0.061616134643554685
1 0.8588281631469726 0.911212158203125 0.15338521003723143 0.17278238932291667
1 0.6615231752395629 0.6951930152045356 0.0987553596496582 0.1333984375
1 0.49587203860282897 0.6269372198316786 0.06614214181900024 0.10259935590955946
1 0.5958425164222717 0.824483511182997 0.10182363986968994 0.14841278923882378
3 0.859164959192276 0.913208622402615 0.1515379309654236 0.16397853427463108
1 0.36978600025177 0.587449476453993 0.055211782455444336 0.09356066385904947
0 0.7100881576538086 0.5044865926106771 0.06146697998046875 0.062430487738715276
0 0.3839617967605591 0.6779729313320584 0.031332874298095705 0.10517652299669054
1 0.6525802180171013 0.5664895481533474 0.051520469784736636 0.05669112735324436
1 0.3995017856359482 0.6698801676432292 0.06236582398414612 0.10906100802951389
1 0.5468181848526001 0.49338243272569443 0.04855389595031738 0.08366237216525607
0 0.49750070571899413 0.6265332116021051 0.07181205749511718 0.10814200507269965
0 0.3380683228373528 0.4824579609764947 0.03551164567470551 0.04880846871270074
0 0.2589391827583313 0.4808312310112847 0.04280364513397217 0.03960639105902778
0 0.4414804935455322 0.4999950832790799 0.0534520149230957 0.07208336724175347
0 0.63271164894104 0.5146251678466797 0.06474552154541016 0.06738145616319445
0 0.660853910446167 0.6969960530598959 0.10301141738891602 0.13507999844021268
0 0.5477879047393799 0.4892406887478299 0.05240840911865234 0.09448479546440972
1 0.6627753354609013 0.955179320441352 0.11138647049665451 0.08781725565592448
3 0.4407662212848663 0.4982456207275391 0.05302749872207642 0.06852222018771702
1 0.37812319993972776 0.47232530381944443 0.046575164794921874 0.05380668640136719
1 0.5300129175186157 0.5824269188774956 0.05211644172668457 0.07950676812065972
3 0.449858295917511 0.8197957038879394 0.25909159183502195 0.3604085922241211
0 0.5960415840148926 0.8234324137369792 0.10851364135742188 0.1572146945529514
0 0.36760440096259117 0.58525390625 0.050761659443378446 0.08776923285590278
1 0.2591251015663147 0.48116075727674695 0.042165160179138184 0.03999375237358941
0 0.9234317779541016 0.6577306111653646 0.09993324279785157 0.10959404839409723
3 0.3778532028198242 0.47534361945258247 0.04429359436035156 0.05096405877007378
0 0.6529667019844055 0.5652637481689453 0.05131599903106689 0.053937276204427086
1 0.3724117040634155 0.5185802671644423 0.04399604797363281 0.0516837649875217
