1 0.565544593334198 0.6180518256293402 0.06898925304412842 0.1207230461968316
0 0.675788402557373 0.5560576544867621 0.06475811004638672 0.081903076171875
0 0.5051314353942871 0.681615702311198 0.06591758728027344 0.09840850830078125
0 0.5652981758117676 0.6206273396809896 0.07013969421386719 0.11549140082465278
3 0.4408888667821884 0.788515387641059 0.09668956398963928 0.1627271016438802
0 0.4397223472595215 0.7867899576822917 0.09631974697113037 0.16698574490017362
0 0.617917251586914 0.4955902099609375 0.04937267303466797 0.07844306098090278
1 0.6209471613168717 0.49867799546983504 0.041894322633743285 0.06823052300347222
0 0.3944713115692139 0.5276028527153863 0.05915622711181641 0.08295381334092881
0 0.4975379407405853 0.4402829647064209 0.04144824743270874 0.0508213996887207
0 0.2982672929763794 0.5187754313151042 0.04578423500061035 0.07420366075303819
1 0.39479454010725024 0.5243778546651204 0.05748006403446197 0.08335547977023655
0 0.4520397186279297 0.518419435289171 0.059873008728027345 0.08088743421766494
1 0.5044544041156769 0.684534486134847 0.06797717809677124 0.09945850372314453
1 0.6766307115554809 0.5569851345486111 0.064752197265625 0.08053902520073784
1 0.4543335556983948 0.5151723967658148 0.05701708793640137 0.07561312781439887
0 0.2839076042175293 0.777852037217882 0.08706722259521485 0.19543863932291666
3 0.5046100318431854 0.6851408004760742 0.0673564076423645 0.09890598720974392
3 0.2982818365097046 0.5161416371663411 0.045433425903320314 0.07192442152235243
1 0.49755069613456726 0.44042952325608997 0.042290127277374266 0.052292855580647786
1 0.28988395929336547 0.6223188612196181 0.05504295825958252 0.11894259982638888
