0 0.3458697199821472 0.6993665271335178 0.029774403572082518 0.09718301561143664
1 0.18462135791778564 0.5607228385077583 0.06337041854858398 0.0913492414686415
1 0.6119781255722045 0.38019661373562286 0.0286590576171875 0.04672686258951823
1 0.4636325120925903 0.34065685007307267 0.024251627922058105 0.03580208354526096
1 0.3920191690325737 0.5969554265340169 0.05854393541812897 0.1058341556125217
1 0.635321033000946 0.6512114524841308 0.06675412654876708 0.11933553483751085
1 0.6276428084820509 0.4277852217356364 0.03707444444298744 0.05707455741034614
3 0.4123861491680145 0.46386405097113714 0.0609153151512146 0.1694315168592665
1 0.1830552637577057 0.4590403503841824 0.04005378484725952 0.05678362316555447
1 0.3031004428863525 0.632430288526747 0.06718597412109376 0.10512589348687065
1 0.5740514159202575 0.3954366577996148 0.02925994396209717 0.04993245866563585
1 0.35605999231338503 0.8858318540785047 0.08710243701934814 0.1582342783610026
1 0.38581730127334596 0.35448244677649604 0.025796830654144287 0.04082889027065701
1 0.5766054391860962 0.4305771933661567 0.03243818283081055 0.05720373789469401
0 0.32811722382903097 0.6415624724494087 0.015609447658061982 0.08913016849093967
1 0.2787458419799805 0.4396513726976183 0.03845124244689942 0.056101078457302514
1 0.11748453676700592 0.5342331144544813 0.05476574301719665 0.07363900078667535
1 0.5891164779663086 0.3479228046205309 0.024946975708007812 0.038285250133938256
1 0.43117330968379974 0.3504626353581746 0.02488880753517151 0.04989880985683865
1 0.2469942331314087 0.36927226384480794 0.026070690155029295 0.043400086296929256
0 0.5617282509803772 0.33973786698447334 0.012344050407409667 0.03537985218895806
2 0.7792350292205811 0.5290654500325521 0.09438810348510743 0.1726652357313368
1 0.4232369214296341 0.3087699994444847 0.016557997465133666 0.030559810333781773
0 0.03960757851600647 0.5735665639241536 0.019097900390625 0.07451697455512153
1 0.6230616450309754 0.3107240782843696 0.024761128425598144 0.03541151682535807
3 0.18402916193008423 0.3349616699748569 0.031508564949035645 0.035702437824673125
3 0.6064417660236359 0.10907512240939671 0.2081877112388611 0.21815024481879342
1 0.48266659379005433 0.31501769257916346 0.018761050701141358 0.033822800715764365
3 0.6345873713493347 0.7988883442348904 0.16374413967132567 0.3753549575805664
3 0.4236874938011169 0.10823660956488715 0.2067499876022339 0.2164732191297743
3 0.9032886147499084 0.10714601940578884 0.15142371654510497 0.21429203881157768
2 0.6237608801573515 0.3111103398932351 0.024958053976297377 0.03284366461965773
