3 0.594814532995224 0.21879263560080695 0.250995934009552 0.43746550665754413
3 0.14237718358635904 0.20409647623697916 0.2686944529414177 0.4081929524739583
1 0.35762534141540525 0.9321199205186632 0.13754119873046874 0.1334415011935764
0 0.6949295043945313 0.659505483839247 0.03706374168395996 0.05214627583821615
1 0.13255347013473512 0.8429602728949652 0.10589110851287842 0.11125284830729167
0 0.023154193162918092 0.9063234117296007 0.04512859582901001 0.0851016574435764
1 0.6268252253532409 0.6530715094672309 0.03387176990509033 0.045487467447916666
1 0.5555931448936462 0.6978872299194336 0.04304473400115967 0.04596570332845052
0 0.595393967628479 0.6331341637505425 0.029898309707641603 0.038765631781684025
3 0.34562615156173704 0.9356953938802083 0.10874769687652588 0.12503416273328993
1 0.5950003862380981 0.6326838493347168 0.029572534561157226 0.03862595028347439
