1 0.6706212759017944 0.5269550058576796 0.09624786376953125 0.1449099752638075
1 0.5782966256141663 0.3823390007019043 0.07690141201019288 0.14330836402045355
0 0.6700801491737366 0.4018175019158257 0.025620055198669434 0.09577337900797527
1 0.026393911242485045 0.33915912641419305 0.05278782248497009 0.08860001431571113
0 0.6626891613006591 0.3039118766784668 0.02095479965209961 0.07900498708089193
1 0.3264246344566345 0.283288139767117 0.055963444709777835 0.09319498274061415
1 0.480411034822464 0.18399902449713812 0.03798221349716187 0.0630759663052029
1 0.5789413928985596 0.28593329323662653 0.05051589012145996 0.06984314388699002
1 0.5204802811145782 0.2887499703301324 0.05044182538986206 0.08714510599772135
1 0.8501400947570801 0.46874203152126737 0.09812183380126953 0.12871280246310765
1 0.3003607034683228 0.6759167565239801 0.20351977348327638 0.1964825948079427
0 0.6972647905349731 0.3500477472941081 0.02101922035217285 0.07887992858886719
3 0.16934034824371338 0.1932875739203559 0.0774993896484375 0.1670533921983507
3 0.271610164642334 0.46571036444769964 0.09150323867797852 0.1795989990234375
0 0.7618573665618896 0.4661251491970486 0.031089973449707032 0.12108815511067708
1 0.39337927997112276 0.07456314298841689 0.023948460817337036 0.03895545535617405
1 0.4661641657352448 0.14722156524658203 0.034921133518218996 0.05574012332492405
0 0.9877371191978455 0.5582548141479492 0.024265742301940917 0.10146564907497829
2 0.5780606508255005 0.3820263279808892 0.0769543170928955 0.14125890731811525
0 0.8256790637969971 0.3900862693786621 0.024252557754516603 0.069832886589898
1 0.5388482749462128 0.18301008542378744 0.04059311151504517 0.06419685151841906
0 0.6021029578521848 0.3084977507591248 0.004205915704369545 0.039217723740471735
0 0.5372453331947327 0.1490015983581543 0.03130857944488526 0.04497383965386285
1 0.46843587756156924 0.11029016971588135 0.029078900814056396 0.045044893688625756
1 0.41246039867401124 0.06743973626030816 0.022298455238342285 0.03899239434136285
0 0.0056609541177749636 0.09867956373426649 0.011295315623283387 0.053930770026312934
1 0.49041309356689455 0.09470894071790907 0.03310546875 0.04468659294976129
3 0.25287154912948606 0.03047257475554943 0.13328025341033936 0.05900002693136533
1 0.6072317807411309 0.3832410110367669 0.014098909788299353 0.10345809989505345
0 0.8843319058418274 0.9384268442789714 0.03262526988983154 0.059088812934027776
3 0.39495754390954974 0.031066120002004836 0.11186935603618622 0.05347777671284146
0 0.7151469111442565 0.25319850709703234 0.010331177711486816 0.07282793256971572
