3 0.2880487561225891 0.6510773658752441 0.08654448986053467 0.20913465287950303
0 0.5966380119323731 0.7664190504286025 0.09448604583740235 0.17384406195746527
0 0.4845792293548584 0.6469982571072048 0.07001619338989258 0.0998899671766493
1 0.8705140113830566 0.6423811912536621 0.08771395683288574 0.09408690134684244
3 0.5954186320304871 0.7805461035834418 0.09642326831817627 0.15022998385959202
1 0.5434976279735565 0.6017315652635362 0.07060166597366332 0.08450578053792318
1 0.5480324983596802 0.502995416853163 0.045701217651367185 0.055378829108344185
0 0.288250207901001 0.6504687839084201 0.0857111930847168 0.20816819932725694
0 0.9559972763061524 0.6206511603461371 0.08573684692382813 0.14023471408420138
0 0.37452410012483595 0.5900623745388455 0.047165104746818544 0.08459828694661459
1 0.7552641868591309 0.547819561428494 0.07432880401611328 0.11682951185438369
1 0.3751361846923828 0.5879242685106065 0.04778885841369629 0.08286117977566189
1 0.9567655324935913 0.6196435186598036 0.08369765281677247 0.1356397204928928
0 0.5474153161048889 0.5027675416734484 0.04607932567596436 0.05598920186360677
1 0.5959411859512329 0.7807630750868055 0.09545598030090333 0.14873682657877604
3 0.8708194851875305 0.6470349841647678 0.09035689830780029 0.09559338887532552
1 0.48611854910850527 0.6421668264600966 0.06573363542556762 0.09423139360215929
0 0.8705511093139648 0.6464775085449219 0.08840904235839844 0.09374050564236111
0 0.657612657546997 0.5239634619818794 0.0636775016784668 0.058399793836805554
0 0.5444631576538086 0.6010103013780382 0.07483978271484375 0.0902620103624132
0 0.3827717065811157 0.4943540785047743 0.05528273582458496 0.08382670084635417
3 0.9567278981208801 0.6217302746242948 0.08441331386566162 0.13776749504937066
0 0.7551615238189697 0.5493436177571615 0.07275943756103516 0.11468760172526042
3 0.3683344006538391 0.6638369136386447 0.06109397411346436 0.2496943367852105
