1 0.4308254480361938 0.4846593274010552 0.04198563098907471 0.06934970219930013
1 0.6100162506103516 0.5513158586290148 0.048352956771850586 0.09343138800726997
0 0.7397573471069336 0.5923053317599827 0.0227020263671875 0.08441276550292968
1 0.17626453638076783 0.5357885466681587 0.052651715278625486 0.06738919152153863
1 0.26199142932891845 0.5255816671583388 0.052620220184326175 0.07543087005615234
1 0.1523222804069519 0.6253309461805555 0.06386375427246094 0.08828531901041667
1 0.4536022961139679 0.4134719689687093 0.030802953243255615 0.054480754004584415
1 0.4036767214536667 0.39668472343020966 0.02846919894218445 0.04870418442620172
1 0.3766613841056824 0.44064977433946395 0.03788139820098877 0.054512702094184025
1 0.35887773856520655 0.4873642391628689 0.04166551381349563 0.0664939456515842
1 0.6389765739440918 0.4651595804426405 0.042661094665527345 0.06542779074774849
1 0.3749682158231735 0.370843760172526 0.028322499990463258 0.04675699869791667
1 0.22518919706344603 0.32915527555677626 0.030825495719909668 0.03538193172878689
3 0.2912800371646881 0.8230752521091037 0.20287059545516967 0.35384949578179253
1 0.3841529846191406 0.5267807006835937 0.03169403076171875 0.0754386478000217
0 0.9627464294433594 0.7881547715928819 0.03950767517089844 0.11501430935329861
2 0.2964988946914673 0.8303675969441732 0.23314671516418456 0.33926480611165366
0 0.8875627517700195 0.7899702284071181 0.04366931915283203 0.11398756239149306
0 0.4306120812892914 0.33178091049194336 0.011891186237335205 0.03818988800048828
0 0.44100362062454224 0.3456622587309943 0.010295701026916505 0.03944507439931234
1 0.5875155448913574 0.34337151580386693 0.026580047607421876 0.03749206860860189
1 0.1751015841960907 0.3494961977005005 0.024543917179107665 0.03364352650112576
1 0.27652794122695923 0.6871581713358561 0.06556074619293213 0.1175680160522461
1 0.4645217955112457 0.33160897758271957 0.02166503667831421 0.033688399526807994
1 0.41546974182128904 0.3138619389798906 0.020313525199890138 0.032581733332739934
3 0.6471516132354737 0.35272781716452706 0.0429384708404541 0.08160794311099583
1 0.4199420720338821 0.3711869292789035 0.024651259183883667 0.04251292546590169
3 0.274224853515625 0.3750081737836202 0.0328768253326416 0.0860677851570977
3 0.04304145872592926 0.10418407652113172 0.08608291745185852 0.20836815304226344
3 0.6113780617713929 0.11087595621744792 0.21786887645721437 0.22175191243489584
3 0.4239341616630554 0.10734489228990343 0.20724332332611084 0.21468978457980686
1 0.1491200864315033 0.9307010226779514 0.08398090600967408 0.13859795464409722
3 0.6358627557754517 0.797237957848443 0.16129488945007325 0.3851413091023763
3 0.8842654705047608 0.10593006982364589 0.11178035736083984 0.21137619865023427
