0 0.27190659046173093 0.8830473158094618 0.10555939674377442 0.18242119683159722
0 0.9682807922363281 0.6226041158040364 0.06278305053710938 0.10417819552951389
3 0.449096554517746 0.9102876875135634 0.10741723775863647 0.1680202907986111
1 0.9679505228996277 0.6225433985392252 0.06216232776641846 0.11029379102918836
1 0.2812721967697144 0.4891878975762261 0.047233963012695314 0.06131918165418837
1 0.8432006061077117 0.5982815212673611 0.09076911211013794 0.10299725002712673
0 0.35363385677337644 0.5739139133029514 0.054473161697387695 0.08707800971137153
0 0.4652237892150879 0.5437287224663628 0.05249519348144531 0.06531668768988716
0 0.5827522277832031 0.5236105177137587 0.054135704040527345 0.05462239583333333
1 0.5040636777877807 0.6330846150716146 0.07373452186584473 0.11786736382378472
1 0.7497243762016297 0.5317229588826498 0.05485525131225586 0.08036935594346788
0 0.7503360271453857 0.531978522406684 0.05610866546630859 0.07714758978949653
1 0.7534567773342132 0.6093371815151638 0.09101651906967163 0.08774534861246745
1 0.4654593050479889 0.5393962966071235 0.052423608303070066 0.06468194325764974
0 0.410341802239418 0.40655917591518825 0.03364028334617615 0.04353801939222548
0 0.4768805027008057 0.4526028315226237 0.03398141860961914 0.045466317070855036
0 0.44887447357177734 0.9063248528374566 0.10695874691009521 0.1782809787326389
0 0.7143437266349792 0.59927855597602 0.011937546730041503 0.09323594835069444
0 0.8436805725097656 0.6007759094238281 0.08849334716796875 0.09886491563585069
1 0.3525372385978699 0.5774615499708388 0.05375807285308838 0.08414524926079645
3 0.27034409046173097 0.8850933074951172 0.10648584365844727 0.18134986029730904
1 0.5814698815345765 0.5235554377237955 0.052887988090515134 0.054002677069769967
0 0.326443526375806 0.47731883260938857 0.012019340239930898 0.0552530394660102
3 0.9680693030357361 0.6215742323133681 0.06299712657928466 0.10954386393229167
0 0.5040885925292968 0.6338525560167101 0.07391128540039063 0.11940273708767361
0 0.28318469524383544 0.47608540852864584 0.05624852180480957 0.09641299777560763
0 0.7551647186279297 0.6121304406060113 0.09292831420898437 0.08956129286024306
