0 0.36765867173671724 0.42115172810024687 0.04301368594169617 0.06398778491550022
1 0.8651374697685241 0.568456522623698 0.07312271595001221 0.08231459723578559
0 0.28089237213134766 0.7402730305989583 0.06709280014038085 0.12263217502170139
0 0.48591079115867614 0.4819341447618273 0.036303794384002684 0.04808061387803819
0 0.5458582878112793 0.7084321763780382 0.09410085678100585 0.1287419637044271
0 0.4037283420562744 0.6910824245876737 0.06440572738647461 0.098790529039171
3 0.2806650996208191 0.7405165778266058 0.06683218479156494 0.12614542643229168
1 0.7757669031620026 0.6282356050279405 0.08767532110214234 0.10348048739963107
3 0.5458284735679626 0.7058542887369792 0.09405944347381592 0.1288967556423611
3 0.4036363959312439 0.674667231241862 0.06471855640411377 0.07288775973849826
0 0.865296745300293 0.5717547522650824 0.07091712951660156 0.08022206624348958
0 0.6019031047821045 0.5356965806749132 0.052528667449951175 0.06814982096354166
1 0.5475565373897553 0.6764434178670248 0.09261704683303833 0.0655238257514106
1 0.28034263849258423 0.7404379102918837 0.06744668483734131 0.12600123087565104
