1 0.7022670120000839 0.5871480305989584 0.06846600174903869 0.08698840671115451
1 0.6573278546333313 0.47968780199686684 0.07076234817504883 0.06955925623575847
1 0.8631892085075379 0.5750175052218967 0.08473393917083741 0.09345338609483507
3 0.5521141409873962 0.7595822652180989 0.07640235424041748 0.1309189690483941
0 0.8637439727783203 0.5779936896430121 0.08520355224609374 0.10165896945529514
1 0.33706032037734984 0.6675066630045573 0.050412535667419434 0.08562715318467883
1 0.8370054304599762 0.6940700531005859 0.09194062948226929 0.09522467719184027
1 0.5360223472118377 0.49426161448160805 0.04898473024368286 0.06305868360731337
0 0.5512429237365722 0.7577956305609809 0.07585716247558594 0.14096154106987846
0 0.44887919425964357 0.8967674255371094 0.08851318359375 0.1757444593641493
0 0.28829317092895507 0.5839665730794271 0.05182170867919922 0.1074935065375434
1 0.5285013616085052 0.5814508650037977 0.058780205249786374 0.07909927368164063
0 0.3890366956591606 0.5194736056857638 0.04191345274448395 0.07261767917209201
1 0.6190070518874563 0.5422362009684245 0.037614361639134584 0.05537325541178385
0 0.5283654212951661 0.5821338653564453 0.06021461486816406 0.0804703606499566
1 0.28634306192398074 0.5851589626736111 0.04925262928009033 0.10245318942599826
1 0.2794830322265625 0.8310784233940972 0.09831428527832031 0.20285474989149305
0 0.2801279783248901 0.8315448337131076 0.09888062477111817 0.2027867635091146
3 0.2803754448890686 0.8349937862820096 0.09739015102386475 0.19876030815972223
1 0.25348505973815916 0.48016175164116753 0.03922405242919922 0.052060445149739586
0 0.3278575539588928 0.5292101118299696 0.047925782203674314 0.07406633165147569
1 0.46031091809272767 0.5152289496527778 0.048123061656951904 0.06973503960503472
0 0.7027750015258789 0.5874371846516927 0.06972007751464844 0.08814671834309896
1 0.4842898964881897 0.6195519341362847 0.05284640789031982 0.08824530707465278
1 0.44903852343559264 0.8995099597507052 0.0903347373008728 0.162462404039171
0 0.46007843017578126 0.5185396830240886 0.04882888793945313 0.07656199137369792
0 0.7126289367675781 0.4966798888312446 0.015301370620727539 0.05303283267550998
3 0.4474526584148407 0.8989448547363281 0.09151443243026733 0.16532024807400172
0 0.25345712900161743 0.4807273440890842 0.0388411283493042 0.053532579210069445
0 0.6150416970252991 0.542388195461697 0.04514343738555908 0.05679732428656684
3 0.32791163921356203 0.5303160985310872 0.04801101684570312 0.07258673773871528
0 0.8366509437561035 0.6917485555013021 0.09371356964111328 0.09663272433810764
0 0.23692266941070556 0.5227176666259765 0.036421680450439455 0.05056245591905382
0 0.4865872383117676 0.6186644660101996 0.06181964874267578 0.11011539035373263
