1 0.5135829329490662 0.8189990997314454 0.08933303356170655 0.10483423868815105
3 0.7385043382644654 0.22275438523954816 0.261748743057251 0.44265897108448876
3 0.14136150125414132 0.2029960420396593 0.27298411838710307 0.4059920840793186
1 0.1118852287530899 0.8373825920952691 0.12323760390281677 0.12046610514322917
1 0.5958897471427917 0.801664670308431 0.0777442216873169 0.05953661600748698
1 0.5857759475708008 0.8792510350545247 0.10213890075683593 0.12901556226942273
3 0.45973982810974123 0.20667561425103081 0.266664981842041 0.41335122850206163
0 0.11073479652404786 0.837247551812066 0.11877651214599609 0.12485588921440972
0 0.5124717235565186 0.8196495903862847 0.08314886093139648 0.097222900390625
1 0.6245312785729766 0.6818241543240018 0.041956310346722606 0.039840783013237846
