3 0.24459366202354432 0.8918808407253689 0.1390079140663147 0.21399010552300346
1 0.30340641736984253 0.6770878050062391 0.08248336315155029 0.06804661220974392
1 0.5208984792232514 0.5786432478162977 0.05969449281692505 0.07757080925835504
1 0.24458999633789064 0.892899407280816 0.14106221199035646 0.21107415093315973
1 0.8090515732765198 0.5994443151685926 0.07332389354705811 0.08433030446370443
0 0.5216541290283203 0.5791791703965928 0.059047698974609375 0.07949625651041667
0 0.8091095924377442 0.5995409223768446 0.07412853240966796 0.08375761244032118
3 0.4906057000160217 0.7621217303805881 0.3035320520401001 0.4757565392388238
1 0.7918097496032714 0.5150307231479221 0.060928869247436526 0.05253594716389974
0 0.39306963682174684 0.5634456422593859 0.013860726356506347 0.06596709357367622
1 0.7137106150388718 0.5385010825263129 0.0651022732257843 0.0672188229031033
0 0.6416810989379883 0.5169488271077474 0.04615840911865234 0.06681781344943577
0 0.30385570526123046 0.7109396192762587 0.0928725242614746 0.1468504163953993
1 0.381272554397583 0.5227727995978462 0.037017202377319335 0.048960897657606334
0 0.7928911685943604 0.5217514038085938 0.06223897933959961 0.06916842990451388
0 0.7130730152130127 0.5403236813015408 0.06398906707763671 0.07000766330295138
1 0.535668033361435 0.4722857369316949 0.044440853595733645 0.04498702155219184
0 0.26148314476013185 0.5453681945800781 0.05081815719604492 0.10413970947265624
1 0.2614846467971802 0.5498517566257053 0.04815950393676758 0.09136297437879774
0 0.39127259999513625 0.47453151808844674 0.04653489291667938 0.05705281363593207
0 0.3317506603896618 0.674086782667372 0.022876320779323576 0.0740486568874783
1 0.6423271328210831 0.5168845706515842 0.0445479691028595 0.06412150065104166
0 0.28777356147766114 0.4973894755045573 0.03613266944885254 0.0488037109375
0 0.4688950955867767 0.4729741202460395 0.03735076189041138 0.038242467244466144
1 0.2878297924995422 0.4978431383768717 0.03629391193389893 0.048107846577962236
0 0.5352201938629151 0.4707875145806207 0.04700603485107422 0.051634131537543405
0 0.3752682566642761 0.523731443617079 0.026141142845153807 0.05369194878472222
1 0.8813230633735657 0.5834805806477864 0.07686111927032471 0.08572196960449219
0 0.332558798789978 0.8409495035807292 0.06993064880371094 0.15687086317274307
3 0.2613165616989136 0.5510034243265788 0.04795265197753906 0.09130467308892144
1 0.45597462058067323 0.5150701310899523 0.05446068048477173 0.06914791531032986
0 0.8833511352539063 0.5844599405924479 0.08066864013671875 0.08688422309027778
1 0.40921426713466647 0.5554864035712348 0.04757400155067444 0.07814589606391059
0 0.33370422154675905 0.484216398662991 0.0267731958625518 0.04971257315741645
0 0.2522128582000732 0.4775641918182373 0.03582210540771484 0.045240624745686846
