3 0.59401176571846 0.21912432776557075 0.25260146856307986 0.4382486555311415
1 0.33904874324798584 0.941135491265191 0.14067597389221193 0.11772901746961806
3 0.14252474084496497 0.2036365720960829 0.26950092762708666 0.4072731441921658
1 0.29344562292098997 0.8351911544799805 0.11183440685272217 0.1043922848171658
1 0.4022670388221741 0.8572412914699978 0.10744850635528565 0.0838965098063151
1 0.47911375761032104 0.6933810763888889 0.052564811706542966 0.034790293375651045
1 0.6717501640319824 0.776702880859375 0.07374744415283203 0.09692755805121528
1 0.6504001826047897 0.620896742078993 0.027547532320022584 0.03882738749186198
0 0.6718070983886719 0.7780341254340277 0.07268028259277344 0.09309556749131945
2 0.3332874059677124 0.94110230339898 0.12961196899414062 0.11779539320203992
