3 0.7591551780700684 0.566961924235026 0.2016307830810547 0.29477352566189235
1 0.9556538462638855 0.6925758997599284 0.085091233253479 0.11002430386013455
0 0.2453847885131836 0.9156107584635417 0.12616089582443238 0.16453518337673612
1 0.4956121206283569 0.6519520547654893 0.07382392883300781 0.1265634536743164
0 0.44217729568481445 0.8504706488715278 0.08341236114501953 0.1672515869140625
1 0.6706114530563354 0.7671858469645182 0.09879341125488281 0.1937711927625868
3 0.24529009461402893 0.913086658053928 0.12562040090560914 0.1645390828450521
3 0.6846484556794167 0.767116461859809 0.1261951893568039 0.2107314215766059
1 0.8137673914432526 0.6566588083902994 0.0901720404624939 0.10890460544162327
3 0.4416685223579407 0.854542138841417 0.08363637924194336 0.1631203121609158
0 0.37275497913360595 0.6043674045138889 0.06378560066223145 0.10461781819661459
0 0.49493184089660647 0.6509574042426215 0.07222013473510742 0.12069600423177083
0 0.5128918647766113 0.5615583631727431 0.05374355316162109 0.08610805935329861
0 0.956072998046875 0.6927153693305121 0.08356285095214844 0.1159698486328125
3 0.37076363563537595 0.6292472415500217 0.05760025978088379 0.1613455030653212
0 0.5274426698684692 0.49378306600782607 0.044983530044555665 0.05739380518595378
1 0.5273557364940643 0.49440328809950085 0.04447823762893677 0.056091562906901045
0 0.8131717681884766 0.6637889438205296 0.08766942024230957 0.12379099527994791
3 0.30263241529464724 0.5239433500501844 0.03847458362579346 0.059909947713216144
1 0.5131011009216309 0.5635042084587945 0.05067462921142578 0.08266629113091363
