1 0.8607018709182739 0.7094656414455838 0.09767136573791504 0.10865406460232205
1 0.695096743106842 0.5762426800198025 0.06483936309814453 0.08622953626844618
1 0.9201855182647705 0.6051176071166993 0.08567733764648437 0.08490147060818143
1 0.5129965960979461 0.6705877092149523 0.08646637201309204 0.08067423502604167
1 0.6430176746798679 0.6717461797926161 0.08468372584320605 0.12247850630018446
0 0.6938908576965332 0.5751164330376519 0.06582145690917969 0.08821334838867187
0 0.9638282775878906 0.7144605848524306 0.07036170959472657 0.11251983642578126
0 0.3758238673210144 0.6581157896253798 0.04704453945159912 0.10335706075032552
3 0.24237083196640014 0.9088923984103733 0.1156803846359253 0.1778166029188368
0 0.2412580966949463 0.9085683186848958 0.11736410856246948 0.17629597981770834
1 0.9644916534423829 0.7144505818684895 0.06950087547302246 0.1120741950141059
0 0.6433632850646973 0.6723620096842448 0.08780641555786133 0.11953904893663195
0 0.5141391277313232 0.6960069444444444 0.0865504264831543 0.13058607313368056
0 0.31901447772979735 0.4845259772406684 0.041280508041381836 0.06449084811740452
0 0.7865190505981445 0.5482146369086371 0.058120346069335936 0.06256968180338542
3 0.5131932437419892 0.6700740602281359 0.08536211252212525 0.08207410176595052
3 0.378946079313755 0.6565507676866319 0.055267104506492616 0.1027239481608073
3 0.3192314624786377 0.48498145209418403 0.04090104103088379 0.06527824401855468
0 0.3301476001739502 0.9258193969726562 0.07184844017028809 0.14635433620876737
0 0.7023397922515869 0.6703265508015951 0.035919713973999026 0.12022531297471788
1 0.37574195861816406 0.6609391000535753 0.047617340087890626 0.11057029300265842
