1 0.6611675314605236 0.5176087061564127 0.09395045191049575 0.13667886522081163
1 0.5270887076854706 0.3073683632744683 0.062266552448272706 0.11722390916612413
1 0.06715645119547844 0.5127035723792182 0.092863430082798 0.13341468175252277
1 0.3761452861130238 0.4262213627497355 0.07477066367864608 0.11439598401387532
1 0.44898239374160764 0.14385586314731175 0.03240115642547607 0.05189907285902235
0 0.5921769261360168 0.3148634592692057 0.021370816230773925 0.08420444064670139
0 0.6601467132568359 0.35968166987101235 0.0238128662109375 0.08967121971978081
1 0.7504451274871826 0.3753746880425347 0.07691049575805664 0.10870268079969618
3 0.15495026111602783 0.27095489501953124 0.09171557426452637 0.21900643242730033
0 0.5854972124099731 0.22499230702718098 0.017551708221435546 0.06721733940972222
1 0.5124050498008728 0.2141002443101671 0.04053046703338623 0.06163622538248698
0 0.6123618602752685 0.26674429575602215 0.018058347702026366 0.07148640950520833
1 0.8847057342529296 0.8835840013292101 0.22558703422546386 0.20304751925998263
3 0.4681495904922485 0.5712627172470093 0.23378281593322753 0.4579594559139676
1 0.47370344400405884 0.2246662669711643 0.040584754943847653 0.07077104780409071
0 0.6920714259147644 0.3060941606100338 0.01785285472869873 0.034382382498329714
1 0.020919089019298554 0.1298543479707506 0.04183817803859711 0.08258243666754829
0 0.8676878929138183 0.4688244289822049 0.044668388366699216 0.10286856757269966
3 0.8696122705936432 0.6839797549777561 0.2432085394859314 0.4435232374403212
3 0.3693872094154358 0.3859347915690806 0.05997893810272217 0.1931515926702155
3 0.5264856696128846 0.3280674632392927 0.06448333263397217 0.07830609957325375
1 0.4360375046730042 0.07767470147874621 0.02461867332458496 0.03946926328870985
1 0.4337442606687546 0.1132379690806071 0.02897072434425354 0.04964556164211697
0 0.7158497214317322 0.37102562851376003 0.008925557136535645 0.06770324177212185
0 0.49286383390426636 0.13557035658094618 0.033885955810546875 0.06027617984347873
1 0.40881924629211425 0.05045053826438056 0.04739389419555664 0.037287423345777726
3 0.25733535885810854 0.032155014740096195 0.12276266813278199 0.05873796873622471
1 0.3769836246967316 0.05382132795121935 0.02259664535522461 0.037056917614407006
0 0.6605729699134827 0.31388943990071616 0.01960632801055908 0.050001102023654515
1 0.15728380680084228 0.3372756454679701 0.05808093547821045 0.07720767656962077
0 0.6106886744499207 0.2948364329317378 0.017470812797546385 0.011382750939163896
3 0.022530630230903625 0.1271320554945204 0.04506126046180725 0.08691685994466146
2 0.3794495463371277 0.697776116265191 0.040431809425354 0.10919147067599827
3 0.5927606582641601 0.8147362920973036 0.24719886779785155 0.3705274158053928
0 0.7152585387229919 0.2532865630255805 0.010107922554016113 0.0744015375773112
