1 0.7091202169656754 0.799533568488227 0.1136445939540863 0.1539226531982422
1 0.9421712517738342 0.5874553892347548 0.0793949842453003 0.09228566487630209
1 0.6179132461547852 0.497330199347602 0.04438362121582031 0.059792709350585935
0 0.942628002166748 0.5912157694498698 0.078173828125 0.08902655707465278
1 0.49605509638786316 0.6648294448852539 0.06159993410110474 0.0862617916531033
1 0.7882821738719941 0.645989990234375 0.09090896844863891 0.11459121704101563
1 0.5195765674114228 0.47401320139567055 0.04395614862442017 0.08357709248860677
0 0.36866912841796873 0.5921058654785156 0.06311311721801757 0.0956602308485243
1 0.8583122014999389 0.5972823884752062 0.09243507385253906 0.11887779235839843
0 0.6298735618591309 0.5288799709743923 0.06330547332763672 0.11950531005859374
0 0.7882752418518066 0.6463046179877387 0.09040050506591797 0.11725218031141493
0 0.5196365356445313 0.4725518544514974 0.045366859436035155 0.0826798333062066
0 0.4085111618041992 0.45055040783352324 0.03939754962921142 0.0520563973320855
0 0.4431445002555847 0.4403024991353353 0.03151540756225586 0.04491621653238932
1 0.41705775260925293 0.8516160753038194 0.10685977935791016 0.2171383327907986
1 0.40838441252708435 0.4516606648763021 0.04048334360122681 0.04984681871202257
0 0.4181995391845703 0.8509384155273437 0.10559005737304687 0.2193359375
0 0.8543712615966796 0.5985299004448785 0.10011329650878906 0.11956634521484374
3 0.41848080009222033 0.8586037953694662 0.10468902885913849 0.20205027262369793
1 0.24096771478652954 0.47113257514105905 0.04240806102752685 0.05111363728841146
3 0.347618980408879 0.8806465360853407 0.05430537223583087 0.23870692782931857
1 0.3682644434273243 0.5930544111463759 0.06103470176458359 0.09433267381456163
0 0.49602928161621096 0.6635444641113282 0.06292991638183594 0.08601599799262152
3 0.3683085680007935 0.593210040198432 0.061434030532836914 0.09493842654758029
0 0.4295695394277573 0.5692193773057725 0.05443835854530334 0.09535967508951823
0 0.7091670036315918 0.7975340101453993 0.11603822708129882 0.16134033203125
1 0.6314382231794298 0.5515032768249511 0.05825723875313997 0.07263262006971571
1 0.6590136051177978 0.4947769588894314 0.04106307029724121 0.04080496893988715
1 0.42931466102600097 0.5680420345730252 0.055014967918395996 0.09487728542751736
1 0.42100954353809356 0.5007411109076606 0.051445430517196654 0.05274904039171007
