1 0.6345189690589905 0.5578329722086589 0.060590147972106934 0.08428853352864583
1 0.7778754591941833 0.5802524142795139 0.0736464262008667 0.08777249654134114
0 0.7773177146911621 0.5815421210394965 0.07542591094970703 0.09012340969509548
1 0.27609121799468994 0.8992871814303928 0.127120304107666 0.20002140469021268
1 0.9352531433105469 0.6734274122450087 0.12691802978515626 0.12309824625651042
0 0.40841858088970184 0.5496822357177734 0.04821949601173401 0.06530562506781684
3 0.2832433581352234 0.5709257019890679 0.07348315715789795 0.148422728644477
0 0.6349300384521485 0.5598029242621527 0.061233901977539064 0.08220045301649305
1 0.47819286584854126 0.46993115213182235 0.04941048622131348 0.05156179004245334
0 0.23172221183776856 0.49662628173828127 0.042331361770629884 0.10692613389756944
0 0.38987544775009153 0.4419694900512695 0.020249104499816893 0.04749268425835503
3 0.46432289611548183 0.7944147109985351 0.2809412095695734 0.41117057800292967
1 0.4015577733516693 0.4430834452311198 0.043697893619537354 0.05016750759548611
1 0.47147632837295533 0.5260043250189887 0.06746973991394042 0.0717797597249349
0 0.2834899425506592 0.568964343600803 0.0732346534729004 0.1382208930121528
3 0.2319237232208252 0.5004261281755236 0.043111419677734374 0.09334614011976454
3 0.275672459602356 0.8992251925998264 0.12526884078979492 0.19791463216145833
1 0.49435474872589114 0.6176069577534994 0.06830549240112305 0.10636586083306207
0 0.49437389373779295 0.6181532118055556 0.07081527709960937 0.10957099066840278
