1 0.9466849565505981 0.9250029881795248 0.10466127395629883 0.12107853359646267
1 0.6363351225852967 0.4845796691046821 0.03780949115753174 0.06803120507134332
1 0.8147741377353668 0.7346116807725694 0.07596458196640014 0.13445799085828994
1 0.7371428310871124 0.5454868952433268 0.05673011541366577 0.09738578796386718
1 0.2815796136856079 0.7988298204210069 0.0974621295928955 0.14337192111545138
0 0.27174763679504393 0.5732046445210774 0.01994781494140625 0.07806440989176432
1 0.27777462005615233 0.4437913205888536 0.038251495361328124 0.05550911161634657
1 0.2413679838180542 0.6477039761013454 0.07877249717712402 0.11288859049479166
1 0.4292971849441528 0.4229072994656033 0.037188267707824706 0.054343922932942705
1 0.7700883448123932 0.48797570864359535 0.041985023021698 0.06272766325208876
1 0.43774475157260895 0.6843746609157986 0.0660718858242035 0.11803181966145833
1 0.041105860471725465 0.658144293891059 0.0804547905921936 0.09923333062065973
1 0.7101958274841309 0.8235137091742621 0.09227523803710938 0.17688056098090277
1 0.19668216705322267 0.47068919075859916 0.04321188926696777 0.057286516825358076
1 0.6619069814682007 0.5540150006612142 0.052048873901367185 0.08435810936821832
0 0.8243988633155823 0.8701441870795356 0.03322136402130127 0.12257809109157985
0 0.4784770131111145 0.365816060702006 0.012925195693969726 0.043654404746161564
0 0.4448428928852081 0.37626334296332464 0.014213979244232178 0.04434700012207031
0 0.2511113047599792 0.40607530805799696 0.012650609016418457 0.04709120856391059
1 0.3695897698402405 0.5820070054796007 0.059572434425354 0.11358693440755209
1 0.02974587082862854 0.8217508104112413 0.057325232028961184 0.1479882134331597
1 0.6214315701276064 0.4419632116953532 0.03291034922003746 0.05174434449937609
1 0.710648974776268 0.4727908028496636 0.045047146081924436 0.09454689025878907
1 0.6599459841847419 0.38181290096706816 0.03256501853466034 0.04824638366699219
1 0.6206372541375458 0.39061796400282117 0.035069981776177886 0.056417083740234374
1 0.9186684608459472 0.6984495374891493 0.0903207778930664 0.1424031999376085
1 0.501012134552002 0.4423473358154297 0.051976776123046874 0.08861007690429687
0 0.6988291174173356 0.3576451672448052 0.011264055967330933 0.034906694624159074
3 0.08392675518989563 0.10678465101453993 0.16785351037979127 0.21356930202907987
1 0.7514267325401306 0.4515520095825195 0.03377723693847656 0.058142768012152776
1 0.6333025813102722 0.3188889318042331 0.025336289405822755 0.02700522740681966
1 0.8139177024364471 0.5369460423787434 0.053732454776763916 0.09542833964029948
2 0.7044586181640625 0.47411575847201876 0.031707763671875 0.09553870095147027
0 0.7092195153236389 0.4073641035291884 0.015623903274536133 0.05023617214626736
1 0.7319007337093353 0.4194687419467502 0.034214484691619876 0.06336165534125435
3 0.6611798226833343 0.1085091167026096 0.12057236433029175 0.2170182334052192
3 0.7043643951416015 0.4750613106621636 0.03162360191345215 0.09542160034179688
0 0.7145217895507813 0.5585601806640625 0.0115814208984375 0.072125244140625
2 0.6822456836700439 0.42857171164618596 0.03305145502090454 0.07663377126057942
1 0.6817444324493408 0.4278806898328993 0.0401860237121582 0.07607786390516492
2 0.49937537908554075 0.4418548266092936 0.03965549468994141 0.08191267649332683
3 0.94761643409729 0.11484805643558502 0.10435118675231933 0.21697526706589593
1 0.6114331543445587 0.359609580039978 0.02217172384262085 0.034374305937025285
3 0.619068157672882 0.39042354159884984 0.033844494819641115 0.05497544606526693
0 0.8282392501831055 0.5030470530192057 0.023821067810058594 0.06425908406575521
1 0.6408929750323296 0.3361482779184977 0.025157919526100157 0.03659600151909722
3 0.6628496766090393 0.7502527236938477 0.11492564678192138 0.3437976837158203
1 0.6045031047629891 0.42511649661593964 0.008822232630336657 0.04886644151475694
