1 0.8682296276092529 0.5696164449055989 0.07682261466979981 0.10310262044270833
0 0.2740159511566162 0.7859632703993056 0.08657536506652833 0.1763916015625
1 0.27332574129104614 0.7859501944647895 0.08546111583709717 0.18014225429958766
1 0.6732323884963989 0.9555218590630425 0.09416022300720214 0.08498899671766492
3 0.35036529302597047 0.47045894728766546 0.06703445911407471 0.12609374788072375
1 0.49127102494239805 0.635250006781684 0.0676221251487732 0.10339321560329862
0 0.8674411773681641 0.5684193081325954 0.07668838500976563 0.10213114420572916
1 0.7056474715471268 0.5372281180487739 0.06733872294425965 0.07692951626247829
1 0.35197287499904634 0.4701926761203342 0.06332074999809265 0.12501398722330728
0 0.7061535358428955 0.5374977535671658 0.06675500869750976 0.07411397298177083
0 0.49158668518066406 0.637025409274631 0.07019901275634766 0.10423575507269965
1 0.4673072755336761 0.46560512118869357 0.04280358552932739 0.05863172743055556
0 0.5318548679351807 0.47732685936821834 0.0362185001373291 0.04629190233018663
0 0.35117053985595703 0.47369278801812065 0.06276006698608398 0.12290284898546007
1 0.933181083202362 0.7458420647515192 0.11526672840118408 0.13114462958441842
0 0.61886066198349 0.4897745132446289 0.04255363941192627 0.05227156745062934
1 0.47057526707649233 0.9520908779568142 0.0962220549583435 0.09443291558159722
1 0.224895441532135 0.5003551695081923 0.03822548389434814 0.05726466708713108
0 0.6487212181091309 0.5341226365831163 0.1017446517944336 0.10108710394965278
0 0.9241334915161132 0.7480390760633681 0.10007476806640625 0.13630133734809027
3 0.47065299153327944 0.9517461564805773 0.09619306325912476 0.09371473524305556
3 0.27416033744812013 0.7871873431735569 0.08471560478210449 0.18166143629286025
0 0.4671257555484772 0.46692834430270724 0.042942368984222413 0.057274648878309464
1 0.5316309809684754 0.47637742360432944 0.03642861843109131 0.048182635837131074
3 0.2248523235321045 0.5005239698621962 0.038298749923706056 0.05717993842230903
1 0.634236466884613 0.5188697391086154 0.07520930767059326 0.11443990071614583
