1 0.6091094970703125 0.8954767862955729 0.15271263122558593 0.20599161783854167
1 0.8790134429931641 0.6323231379191081 0.08843321800231933 0.09404623243543837
1 0.9367074728012085 0.7708510504828558 0.12182693481445313 0.13005193074544272
3 0.6090494394302368 0.8949256896972656 0.1522292137145996 0.205609130859375
1 0.6888775497674942 0.5857261551751031 0.06425976157188415 0.07164380815294054
0 0.6719286799430847 0.4910349951850043 0.05302717685699463 0.059979078504774304
1 0.7590963006019592 0.5263216866387261 0.06380989551544189 0.06524632771809896
0 0.8792404174804688 0.6348633660210503 0.0876861572265625 0.09855092366536458
0 0.5802880764007569 0.5013365003797743 0.05005350112915039 0.05628407796223958
1 0.7825700342655182 0.5790300793117947 0.059962785243988036 0.07206789652506511
1 0.8355978012084961 0.9059403313530816 0.1596698760986328 0.18441314697265626
3 0.8348364293575287 0.9042141596476237 0.15907326936721802 0.17860662672254773
0 0.41872210502624513 0.8164919535319011 0.1008392333984375 0.18238915337456596
3 0.38525521755218506 0.798245726691352 0.02890777587890625 0.18439750671386718
0 0.3780332326889038 0.5255893389383952 0.0424713134765625 0.07276448143853081
1 0.580216896533966 0.502917046017117 0.048508191108703615 0.054057545132107206
0 0.6888777732849121 0.5878306918674046 0.06499099731445312 0.0705842759874132
0 0.7425938725471497 0.5330275535583496 0.030402827262878417 0.058980030483669704
1 0.3785223841667175 0.5248443603515625 0.04295523166656494 0.07238328721788194
1 0.6718325927853585 0.49139617813958064 0.05402204692363739 0.06154934565226237
0 0.7787213325500488 0.5796272277832031 0.06939907073974609 0.07689005533854167
0 0.6030794179445366 0.5054884274800618 0.0060564327228348706 0.05339802636040582
1 0.3856648325920105 0.8009970982869467 0.028670334815979005 0.18048006693522137
3 0.9540454745292664 0.9136287689208984 0.09004061222076416 0.16920844184027778
3 0.3847657158970833 0.5229906294080946 0.05580794513225555 0.07148878309461805
