1 0.725601390004158 0.5509954558478461 0.06679927706718444 0.07724183400472005
0 0.7065004706382751 0.5602984852261014 0.027624058723449706 0.06660111745198567
0 0.4272014230489731 0.4575289673275418 0.034377938508987425 0.043448289235432945
0 0.6105316422879696 0.4735625796847873 0.02106328457593918 0.05191311306423611
1 0.595610511302948 0.46931660970052086 0.05004127025604248 0.05936033460828993
3 0.4712822961853817 0.7753848287794325 0.30082005499862136 0.44923034244113497
1 0.4295806884765625 0.5672917683919271 0.060987091064453124 0.07858335706922744
1 0.42728751599788667 0.45670462714301213 0.03452549576759338 0.043137444390190974
1 0.5514630198478698 0.5002657148573134 0.04572098255157471 0.06078275044759115
0 0.5509469270706177 0.5013257556491428 0.04364786148071289 0.05786959330240885
0 0.430180025100708 0.5703274620903863 0.06322393417358399 0.08526585896809896
