0 0.8348033905029297 0.6112216101752387 0.09979395866394043 0.1223191155327691
1 0.83533935546875 0.6092180675930448 0.09867949485778808 0.12465604146321614
3 0.47495388742536304 0.7803359031677246 0.297884039953351 0.4393281936645508
0 0.5337188243865967 0.4724276860555013 0.04051728248596191 0.053702757093641494
1 0.7194068551063537 0.4846917258368598 0.062080788612365725 0.06042900085449219
1 0.8696353554725647 0.7215291765001085 0.09708502292633056 0.09645919799804688
1 0.6921944856643677 0.5922811614142524 0.05546050071716309 0.0855023913913303
1 0.5600338339805603 0.6213898446824816 0.06608517169952392 0.09204798804389105
0 0.5591557502746582 0.6211802164713541 0.06600399017333984 0.0860730489095052
0 0.6319488048553467 0.4988017188178168 0.0414088249206543 0.11464809841579861
0 0.38820557594299315 0.43576925065782335 0.022579717636108398 0.042240948147243926
1 0.3011434555053711 0.7234249538845486 0.062226486206054685 0.1076388888888889
0 0.2480031132698059 0.4713717566596137 0.036273074150085446 0.053411865234375
0 0.3864868402481079 0.5303617477416992 0.02702631950378418 0.0691552480061849
0 0.4163075089454651 0.45046041276719834 0.032901453971862796 0.04564696417914497
0 0.38175249099731445 0.6440760718451606 0.060805320739746094 0.11168780856662326
1 0.3021014451980591 0.4184340847863091 0.03938970565795898 0.0414602173699273
0 0.32692103669105566 0.7265950520833333 0.013093462883261964 0.09987046983506945
1 0.3752729892730713 0.47636970943874785 0.0431365966796875 0.0468969980875651
0 0.6924600958824157 0.5931322309705946 0.05510718822479248 0.08633274502224392
0 0.8710332870483398 0.719895511203342 0.10233650207519532 0.0999847412109375
1 0.46042290329933167 0.4281812455919054 0.029824221134185792 0.032810804578993054
0 0.7177920341491699 0.4855574713812934 0.06372261047363281 0.06184760199652778
0 0.20525410175323486 0.4922131750318739 0.03134307861328125 0.04757853613959418
1 0.24773986339569093 0.4716574509938558 0.037166595458984375 0.05075379477606879
1 0.6663023352622985 0.4977328618367513 0.10802032947540283 0.11329689025878906
1 0.2611513376235962 0.5343504587809245 0.04625225067138672 0.08923526340060764
3 0.666014564037323 0.4966238816579183 0.108595871925354 0.11457113689846463
0 0.2617496967315674 0.5386066012912326 0.048198890686035153 0.09913313123914931
