1 0.6706443905830384 0.5316558043162029 0.09599616527557372 0.14131867090861003
1 0.6133694887161255 0.4325683699713813 0.09191665649414063 0.1553452173868815
1 0.058577895164489746 0.6088967217339409 0.11715579032897949 0.17045050726996527
1 0.4537440061569214 0.19929603470696344 0.03837263584136963 0.059689341651068796
1 0.7109393030405045 0.4378886964586046 0.08713826537132263 0.11282081604003906
1 0.4976839303970337 0.2684816148546007 0.05247974395751953 0.09205173916286892
1 0.41331554353237154 0.15716349283854167 0.035233885049819946 0.05387501186794705
0 0.21617476940155028 0.8339415656195747 0.05459508895874023 0.18146243625217015
0 0.9714960098266602 0.6936538696289063 0.048417282104492185 0.15702484978569878
1 0.7966880559921264 0.5461780548095703 0.09870529174804688 0.1395213656955295
1 0.17377880811691285 0.5123104095458985 0.12499306201934815 0.16433351304796007
3 0.2357216000556946 0.06659962203767565 0.024589276313781737 0.052072654830084907
0 0.8936525344848633 0.7008554246690538 0.04301586151123047 0.1611512925889757
1 0.42456741333007814 0.11315578354729547 0.030769610404968263 0.04448580212063259
1 0.4684497892856598 0.1568545765346951 0.03550621271133423 0.053149901496039494
1 0.6285578727722168 0.25758580101860895 0.05580434799194336 0.07917154100206163
0 0.9215361118316651 0.6194305525885688 0.032464599609375 0.09921372731526693
1 0.5321718275547027 0.23517178429497612 0.04475373029708862 0.0702949947781033
1 0.6667331978678703 0.366259769598643 0.059966638684272766 0.09609066910213894
1 0.31997290849685667 0.6605320400661893 0.15663235187530516 0.15630196465386284
1 0.7017663002014161 0.3130828433566623 0.06944293975830078 0.10143983629014756
2 0.6117326736450195 0.4293524424235026 0.09620685577392578 0.1666624281141493
1 0.01501489281654358 0.14677774641248914 0.029356396198272704 0.0694008297390408
3 0.6118378639221191 0.4315211825900608 0.0926173210144043 0.16543375651041667
0 0.8918292999267579 0.5396066029866536 0.04422760009765625 0.09878633287217882
1 0.9359867095947265 0.5411293453640408 0.1257038116455078 0.15408376057942708
0 0.991439425945282 0.6923011779785156 0.017121148109436036 0.09005262586805556
3 0.7082529067993164 0.3278112289806207 0.0539276123046875 0.07530741476350361
0 0.01324751228094101 0.14787681897481283 0.02649502456188202 0.06810079150729709
0 0.8058652877807617 0.3865804884168837 0.05070152282714844 0.07999827067057291
0 0.0075297512114048 0.1936939239501953 0.014447967708110809 0.07633395724826389
3 0.22356067299842836 0.028738454232613245 0.10098937749862671 0.052905849781301285
0 0.253399133682251 0.6651406817966037 0.0311220645904541 0.09194085862901476
2 0.6998332262039184 0.326307127210829 0.04088668823242188 0.0742142571343316
