1 0.6095830917358398 0.8640764872233073 0.12058296203613281 0.14217444525824652
1 0.5628653407096863 0.7409861246744792 0.06372811794281005 0.0734134250217014
1 0.24884991049766542 0.8636317359076606 0.11387702226638793 0.10838199191623264
3 0.5941275596618653 0.2186096149031073 0.25236988067626953 0.4369139862039851
1 0.3431795835494995 0.7862774319118924 0.07352409362792969 0.07848536173502604
3 0.14194104187190532 0.20514098273383247 0.27113710418343545 0.41028196546766493
1 0.44093208611011503 0.7240013758341471 0.054245537519454955 0.061942503187391494
3 0.6344712644815445 0.8708268271552192 0.06894252896308899 0.1442284901936849
0 0.44194517135620115 0.7247506883409288 0.05695209503173828 0.06446957058376736
1 0.09127909988164902 0.9470940483940973 0.12895891964435577 0.0825301276312934
