0 0.2708486557006836 0.8088507758246528 0.09218707084655761 0.1624087863498264
1 0.5473188102245331 0.6775378545125326 0.07529350519180297 0.06671579149034289
1 0.878614890575409 0.5762005382113986 0.07603218555450439 0.0773122787475586
0 0.3828015089035034 0.6437182744344075 0.034391021728515624 0.0922631581624349
0 0.3674084901809692 0.5121971766153971 0.053892898559570315 0.06935802035861545
3 0.27067362070083617 0.8100715001424154 0.08847239017486572 0.1617900848388672
0 0.5486053466796875 0.7038687811957465 0.07615127563476562 0.13060150146484376
0 0.2782991886138916 0.449007076687283 0.048009204864501956 0.06323606703016493
1 0.27038447856903075 0.8098864025539823 0.08912506103515624 0.16203761630588107
0 0.8822056770324707 0.7339884440104166 0.09095935821533203 0.10035942925347222
1 0.8813401818275451 0.7343048943413628 0.08944418430328369 0.10057033962673612
0 0.8774302482604981 0.5763538784450954 0.07606182098388672 0.07809922960069444
0 0.24697105884552 0.5274602995978461 0.055949163436889646 0.08540736304389106
0 0.4110331892967224 0.5058410008748372 0.03780243396759033 0.04699253506130642
0 0.5955016136169433 0.5234850565592448 0.056977462768554685 0.07226392957899305
1 0.5952287673950195 0.5251576529608832 0.055205678939819335 0.06484404669867622
0 0.4347334921360016 0.5838705062866211 0.028720438480377197 0.07118882073296441
1 0.48604353070259093 0.5500442292955187 0.055825579166412356 0.06419338650173612
1 0.39380302280187607 0.6411402808295356 0.057796338200569154 0.09369574652777778
0 0.42372660636901854 0.7750425550672743 0.07924489974975586 0.16458774142795138
0 0.4876066207885742 0.5503930409749349 0.05424232482910156 0.06551454332139757
3 0.27789599895477296 0.4489825301700168 0.04923057556152344 0.06011370552910699
3 0.5950820207595825 0.5246805402967665 0.05520377159118652 0.06729952494303386
1 0.368329131603241 0.5119486067030165 0.05601012706756592 0.06960622999403211
