0 0.2802011489868164 0.8269852532280816 0.08703594207763672 0.14915500217013888
1 0.8440837860107422 0.9269917805989584 0.1524646282196045 0.14330851236979167
1 0.47218960523605347 0.6114950815836588 0.06455268859863281 0.10062154134114583
0 0.5939655780792237 0.7302848815917968 0.09282636642456055 0.15120459662543403
0 0.46102209091186525 0.5089010874430339 0.06330280303955078 0.08422656589084201
1 0.5737492442131042 0.6194348865085177 0.06868140697479248 0.09202596876356336
0 0.3925169467926025 0.9325759887695313 0.10073604583740234 0.1348480224609375
1 0.5934365153312683 0.7314338684082031 0.09193861484527588 0.15116644965277778
0 0.47158660888671877 0.6078250461154514 0.06432771682739258 0.1147037082248264
1 0.28102818727493284 0.8272799809773763 0.08819892406463622 0.14493115743001303
1 0.6232406616210937 0.9166369120279948 0.12159194946289062 0.16672617594401043
3 0.623906409740448 0.9197459750705295 0.11811721324920654 0.1562638176812066
1 0.3906281903386116 0.9432598961724176 0.1079566091299057 0.11181844075520833
3 0.8415965437889099 0.922500737508138 0.15031192302703858 0.14333021375868055
1 0.46077104806900027 0.5080239560869005 0.06327145099639893 0.08558227750990126
3 0.4603492796421051 0.5083660973442925 0.06280521154403687 0.0847396002875434
0 0.5731698036193847 0.6220749749077691 0.06913547515869141 0.09032711452907986
0 0.6037705183029175 0.4751180013020833 0.047189521789550784 0.045867241753472225
1 0.3905748054385185 0.6444801966349284 0.058259859681129456 0.1033778296576606
0 0.384811794757843 0.5738808949788411 0.029693293571472167 0.058753119574652776
0 0.2665963649749756 0.4857126235961914 0.041246223449707034 0.0548836178249783
1 0.26720417737960817 0.48732958369784884 0.04261643886566162 0.05582797792222765
0 0.3901190757751465 0.6285625881618924 0.05849132537841797 0.13400709364149305
1 0.4283793091773987 0.745773802863227 0.06812515258789062 0.12680829366048177
0 0.42997565269470217 0.7399966769748264 0.06751136779785157 0.1424319373236762
1 0.6174780875444412 0.6819694095187717 0.03495617508888245 0.05828340318467882
1 0.29725018739700315 0.460233465830485 0.039671015739440915 0.05070273081461588
3 0.29746845960617063 0.45966129302978515 0.039211487770080565 0.05088149176703559
0 0.3509784460067749 0.533317608303494 0.04381980895996094 0.05978919135199653
0 0.5552963495254517 0.6918336444430881 0.018876409530639647 0.03837725321451823
1 0.6026765465736389 0.47476331922743054 0.04662563800811768 0.0466164059109158
3 0.5895228624343872 0.6832665973239475 0.09062509536743164 0.05529433356391059
