0 0.49999316930770876 0.4839909023708767 0.03967874050140381 0.05315729777018229
0 0.8280172348022461 0.5509641011555989 0.07244224548339843 0.08710598415798611
1 0.913279116153717 0.7447237226698133 0.11198394298553467 0.1325699700249566
0 0.5883223533630371 0.48241331312391494 0.055373001098632815 0.0726652357313368
0 0.4215076923370361 0.8182203504774306 0.09250469207763672 0.17036912706163193
1 0.6746507957577705 0.4977236641777886 0.04973518550395965 0.05257458157009549
1 0.5204212963581085 0.6720642831590441 0.07067297697067261 0.10469481150309244
0 0.6540832996368409 0.5507439507378472 0.06320304870605468 0.08217256334092882
0 0.3560966931283474 0.5837972217135959 0.04516871720552444 0.07719044155544705
1 0.8272639870643616 0.5514194700453017 0.07069923877716064 0.08575087653266059
0 0.5214264869689942 0.6703267415364583 0.06658897399902344 0.09948221842447917
1 0.2468929648399353 0.5301041073269315 0.03963062763214111 0.07032606336805555
1 0.654854166507721 0.5487129847208659 0.06305077075958251 0.08355767991807726
0 0.4357374519109726 0.5825768576727973 0.051498514413833615 0.08752089606391059
0 0.6740605354309082 0.49747297498914933 0.050501441955566405 0.05079600016276042
0 0.30424299240112307 0.5055402331882053 0.03955364227294922 0.05721507602267795
1 0.3566525600850582 0.5843966060214573 0.04553290158510208 0.07647995418972439
0 0.3224677426740527 0.507215510474311 0.004056363925337791 0.05859822167290581
1 0.3891170144081116 0.8127951516045464 0.021765971183776857 0.14969605339898004
0 0.37210691422224046 0.4719190862443712 0.04066120684146881 0.05378853480021159
0 0.24855513572692872 0.52847900390625 0.04421200752258301 0.08270501030815972
1 0.5862557649612427 0.4823125892215305 0.05183320045471192 0.06596801545884874
3 0.4220825880765915 0.822128783331977 0.091192227602005 0.16732139587402345
3 0.3729404449462891 0.4731613212161594 0.042974090576171874 0.05232178370157878
