1 0.25927588939666746 0.8332879384358723 0.10995864868164062 0.1958447774251302
0 0.553548526763916 0.778753662109375 0.08300418853759765 0.16382225884331597
1 0.657777726650238 0.7139961136711969 0.09780285358428956 0.15200604332817924
0 0.635826301574707 0.5455293443467882 0.060588645935058597 0.07524583604600694
0 0.3148630380630493 0.5266391330295139 0.040491914749145506 0.05802705552842882
0 0.2816347599029541 0.6022394392225477 0.054433345794677734 0.09347152709960938
0 0.2587064504623413 0.8313587612575954 0.10874390602111816 0.20239054361979167
1 0.35775009393692014 0.47122874789767794 0.042111659049987794 0.04532152811686198
1 0.6351000308990479 0.5456948598225911 0.05966591835021973 0.07318793402777778
1 0.3150915503501892 0.5262577692667644 0.04276702404022217 0.05732599894205729
0 0.65574049949646 0.7129708184136285 0.1009953498840332 0.15086398654513888
0 0.2376248598098755 0.5070123142666287 0.04041647911071777 0.05582154591878255
1 0.5527896583080292 0.7834707472059462 0.08191276788711548 0.15969806247287327
1 0.2832419633865356 0.6036163965861002 0.05469603538513183 0.09388050503200955
3 0.5517143428325653 0.7807146708170573 0.08218685388565064 0.16284111870659723
0 0.3577669978141785 0.4713283962673611 0.042218565940856934 0.0438720703125
3 0.658860019594431 0.7141528341505262 0.09414860457181931 0.15125297970241972
