1 0.6381834506988525 0.6535566012064616 0.0638031005859375 0.12669705284966362
0 0.785249900817871 0.6738597340053982 0.025861430168151855 0.10259155697292752
1 0.43655958473682405 0.4562310324774848 0.037772911787033084 0.06409967210557725
1 0.28685401678085326 0.48983381589253744 0.04600327014923096 0.0698020405239529
1 0.18328511118888854 0.5704061402214898 0.05433088541030884 0.08013375600179036
2 0.3311413049697876 0.7926313612196181 0.18310675621032715 0.38590901692708335
3 0.32058870792388916 0.8028571976555718 0.15882258415222167 0.3942856046888563
1 0.6535475254058838 0.49738160769144696 0.046964406967163086 0.07144500944349501
1 0.05055949091911316 0.7782075670030382 0.09947658777236938 0.1393374972873264
1 0.20880979299545288 0.49142407841152613 0.04331614971160889 0.06331133312649197
1 0.45631813406944277 0.39411727057562934 0.028842031955718994 0.05283601548936632
1 0.21149871349334717 0.8009571499294705 0.07303061485290527 0.137518310546875
1 0.5891206860542297 0.3495031886630588 0.02517693042755127 0.039448557959662546
1 0.38575103878974915 0.3566716194152832 0.025579452514648438 0.04471571180555556
1 0.4087893158197403 0.3813541862699721 0.025575298070907592 0.0463398986392551
1 0.3841264367103577 0.4937490357293023 0.03174712657928467 0.06467533111572266
1 0.3878912180662155 0.4196932315826416 0.03377239108085632 0.04938397937350803
1 0.3055608868598938 0.6162780443827311 0.05615012645721436 0.10634627872043186
1 0.3753913551568985 0.4560715198516846 0.04167092442512512 0.06273484759860569
0 0.4441282331943512 0.33191589779324004 0.012311232089996339 0.03954726325141059
1 0.4255131185054779 0.3586672120624118 0.02391582727432251 0.041022200054592554
3 0.6604049682617188 0.3526921060350206 0.05445528030395508 0.1160936779446072
3 0.2769280433654785 0.3609632015228271 0.029636621475219727 0.07574169370863172
1 0.5782729387283325 0.31102270053492653 0.020708656311035155 0.029846386777030096
0 0.9887632369995117 0.9452256944444445 0.022473526000976563 0.10954861111111111
1 0.18992190957069396 0.3209546618991428 0.03238013982772827 0.03282199435763889
0 0.5543998837471008 0.3536873075697157 0.02499206066131592 0.0476401858859592
0 0.43470882773399355 0.31934447818332246 0.010999715328216553 0.035837809244791664
3 0.07181578874588013 0.6543424553341336 0.14363157749176025 0.39399309158325196
1 0.421975776553154 0.3057808494816224 0.019542604684829712 0.03128222566511896
3 0.4235913634300232 0.10924948586357965 0.2065577268600464 0.2184989717271593
3 0.6335060954093933 0.7989818361070421 0.16591689586639405 0.3695839352077908
3 0.9383923411369324 0.11307691153552797 0.12221047878265381 0.22237832380665673
3 0.6115793228149414 0.11224641799926757 0.2174663543701172 0.22449283599853515
0 0.3415599152445793 0.35564047627978856 0.011927548050880431 0.04586620065901015
1 0.5548386931419372 0.3559946166144477 0.023850131034851074 0.04071303473578559
3 0.37231220602989196 0.6585930718315972 0.10399941205978394 0.1042803446451823
2 0.3719159722328186 0.6588968912760417 0.1032069444656372 0.10343449910481771
