3 0.7385111689567566 0.47194521162245007 0.25956590175628663 0.40967733595106337
1 0.40938964784145354 0.14229263729519315 0.03288128972053528 0.05134565565321181
0 0.35438966751098633 0.6669264051649305 0.07777576446533203 0.15366685655381945
1 0.280589759349823 0.4575139628516303 0.09880354404449462 0.1394025060865614
1 0.2830807209014893 0.1630106872982449 0.03741164207458496 0.06225355996025933
2 0.7257780075073242 0.5785791609022353 0.545747184753418 0.6610213385687934
0 0.3962733507156372 0.14469276004367404 0.007236003875732422 0.0467498779296875
1 0.4226691901683807 0.057007243898179794 0.023357141017913818 0.03568132188585069
1 0.20200698971748351 0.6222406175401476 0.1486322283744812 0.16978564792209203
3 0.1691356658935547 0.23839535183376737 0.05913388729095459 0.10918604532877604
1 0.1688507080078125 0.2389449225531684 0.06048769950866699 0.11023839314778645
0 0.8809168457984924 0.971717792087131 0.0349656343460083 0.056233723958333336
0 0.40764372050762177 0.07055037021636963 0.010597306489944457 0.0306377993689643
0 0.3962441921234131 0.07567038536071777 0.011281204223632813 0.03208985858493381
3 0.1686952829360962 0.5536014133029514 0.21317048072814943 0.3047671847873264
1 0.7131842017173767 0.7250522189670139 0.014256596565246582 0.07659327189127604
3 0.5982727706432343 0.8015440517001682 0.22983814477920533 0.39691189659966364
