3 0.738452584668994 0.47243642807006836 0.25993388667702677 0.41351422203911675
1 0.2893679618835449 0.20446169111463758 0.048566675186157225 0.07570211622450086
0 0.566060733795166 0.7369220309787327 0.09159488677978515 0.1541055891248915
3 0.15787650346755983 0.29401266309950086 0.07158339023590088 0.12947506374782985
2 0.7296489238739013 0.5695503234863282 0.5366745948791504 0.6485104031032987
1 0.3823753833770752 0.7271038479275174 0.12110605239868164 0.17540613810221353
3 0.46130905896425245 0.44354062610202366 0.24573281705379485 0.42020380232069227
1 0.7131257653236389 0.7246212429470487 0.014373469352722167 0.07864108615451389
1 0.39015684127807615 0.11627138985527886 0.03875751495361328 0.04526227315266927
2 0.3858673915266991 0.1149151537153456 0.04425797760486603 0.050508234235975474
1 0.15718496441841126 0.31667666170332165 0.058461344242095946 0.05557554562886556
0 0.8807716012001038 0.9712152693006727 0.03500044345855713 0.057158745659722225
3 0.6037961423397065 0.8061205757988824 0.2257489323616028 0.38775884840223523
