3 0.564347630739212 0.7998811191982693 0.26134456396102906 0.40023776160346136
0 0.7733913064002991 0.6867041058010526 0.026665115356445314 0.10644950866699218
0 0.7431930482387543 0.6398140589396158 0.022455203533172607 0.09828453063964844
0 0.7628923833370209 0.457127046585083 0.014379274845123292 0.06179749170939128
0 0.71427783370018 0.5532064225938585 0.01794358491897583 0.07781791687011719
1 0.6354925386607647 0.4666127681732178 0.04287837892770767 0.0686955451965332
0 0.4056896775960922 0.43527019818623863 0.01616806387901306 0.05707739724053277
1 0.7245289623737335 0.40483461485968697 0.03102470636367798 0.06243700451321072
1 0.6558647990226746 0.36139531400468616 0.02741057872772217 0.0421816349029541
3 0.8653616547584534 0.7806832949320476 0.2692766904830933 0.43863341013590496
2 0.6834106922149659 0.3293951173623403 0.03376259803771973 0.059822266631656226
0 0.2543646335601807 0.3637102868821886 0.010654497146606445 0.03933722178141276
1 0.42578972280025484 0.5165213372972276 0.04487190842628479 0.07266216278076172
1 0.2758870363235474 0.702718989054362 0.06940779685974122 0.1204257541232639
0 0.4684942066669464 0.3416555643081665 0.013341677188873292 0.040398560629950626
0 0.7176989555358887 0.3672127962112427 0.01126258373260498 0.04195810423956977
0 0.6056941225382616 0.7164825863308377 0.011323280780925416 0.07425248887803819
1 0.6838858693838119 0.33041664626863265 0.03129308819770813 0.05937329663170709
2 0.6094973671435582 0.3279672496848636 0.018972887993004405 0.04166380961736043
3 0.32785323858261106 0.10516563206911086 0.13113868236541748 0.20334870649708642
0 0.3279663801193237 0.9183278401692708 0.05997233390808106 0.1479824490017361
0 0.24526805877685548 0.8938507927788628 0.09559403657913208 0.1944300333658854
0 0.5845578789710999 0.418126466539171 0.02488729953765869 0.06118621826171875
