1 0.19719512462615968 0.3407864464653863 0.07556304931640626 0.11005605061848958
3 0.7378759361803532 0.46558251910739473 0.26142249554395675 0.4009787877400716
1 0.275195050239563 0.10494323836432563 0.02923102378845215 0.04891767501831055
1 0.4427586793899536 0.19312286376953125 0.03903400897979736 0.06425374348958333
0 0.10720155835151672 0.5567379845513238 0.042625391483306886 0.10135006374782986
3 0.1771226704120636 0.16273327933417425 0.04497824907302857 0.10048431820339626
0 0.4434725344181061 0.09795488516489664 0.012781274318695069 0.04307353231641981
3 0.8538027226924896 0.6539251062605116 0.23797866106033325 0.4658763567606608
0 0.4164837062358856 0.09691681332058377 0.011320149898529053 0.041743066575792104
3 0.06293959617614746 0.4362148708767361 0.12546095848083497 0.24649829864501954
1 0.44958415627479553 0.08213636875152588 0.02547250986099243 0.04291444884406196
0 0.3885113924741745 0.07089972760942247 0.010597842931747436 0.03681361410352919
1 0.17809277772903442 0.17238265143500434 0.05090086460113526 0.08782874213324653
0 0.9129201650619507 0.869853401184082 0.0388580322265625 0.06158417595757378
0 0.9826038360595704 0.6879875395033095 0.034792327880859376 0.0462471432156033
3 0.9749177932739258 0.3462488810221354 0.045600509643554686 0.26441516876220705
