1 0.6669716574251652 0.524865002102322 0.0955663725733757 0.14052700466579862
1 0.5449893593788147 0.33318521711561416 0.0677802324295044 0.12760768466525607
1 0.35738506969064476 0.37346039877997506 0.06579306013882161 0.10466043684217664
0 0.6176156282424927 0.3431472248501248 0.022341823577880858 0.09041580624050564
1 0.45961386561393736 0.1570421059926351 0.03364995718002319 0.05427334043714735
1 0.03761036396026611 0.44848412407769095 0.07490403652191162 0.12180887858072917
0 0.6931623101234436 0.39423917134602865 0.025783991813659667 0.09440409342447917
1 0.7906187057495118 0.41023754543728297 0.08567276000976562 0.12042897542317708
0 0.6092625702964142 0.2478269788953993 0.01732131033204496 0.06958910624186197
3 0.5440411806106568 0.34301002820332843 0.06828141212463379 0.1071170277065701
1 0.53207066655159 0.23600484000311958 0.04321297407150269 0.06453071170383029
3 0.15801553726196288 0.24652031792534723 0.08657755851745605 0.1909788343641493
0 0.9209538221359252 0.5039820777045356 0.044197463989257814 0.10020904541015625
3 0.3691813230514526 0.60979249742296 0.16417546272277833 0.22552591959635418
0 0.6385315656661987 0.2938387870788574 0.01959002614021301 0.07383975982666016
1 0.4894905507564545 0.24619693756103517 0.0434400200843811 0.0743690914577908
1 0.017614656090154314 0.11713595125410292 0.03510377526399679 0.07974543571472167
0 0.7327900230884552 0.3304104536771774 0.020155775547027587 0.061991734637154475
1 0.44389657974243163 0.12383841938442654 0.030382227897644044 0.05226888656616211
1 0.4390410304069519 0.06100451151529948 0.02406597137451172 0.03483525382147895
1 0.38359156250953674 0.061000282234615746 0.024376881122589112 0.03729875617557102
1 0.5064479053020478 0.14831800990634494 0.03544384241104126 0.06650913026597764
0 0.506771034002304 0.14728166792127823 0.03629051446914673 0.06751480102539062
3 0.6641088139964267 0.7337340037027995 0.12727741957642139 0.37998809814453127
3 0.01907610297203064 0.1160136964586046 0.03796207308769226 0.08136249118381077
2 0.5442082405090332 0.3320521036783854 0.07021465301513671 0.1330050786336263
1 0.4444111466407776 0.08850207328796386 0.025171661376953126 0.04000065061781141
2 0.38350528478622437 0.06088452868991428 0.021829676628112794 0.03579174677530925
1 0.15556188821792602 0.2999288499355316 0.037079811096191406 0.022079922093285454
0 0.6928350925445557 0.34403508769141306 0.020244598388671875 0.06004623307122125
0 0.7151288986206055 0.25382619433932835 0.010367202758789062 0.0752714580959744
1 0.6744883537292481 0.8045819600423177 0.26881752014160154 0.2208708021375868
3 0.23259901404380798 0.0314172617573705 0.13431559801101683 0.06231891208638748
0 0.18049768805503846 0.3143001609378391 0.025445282459259033 0.05082254409790039
