1 0.6520905494689941 0.5063566949632433 0.0908839225769043 0.1364876005384657
1 0.508813327550888 0.28160829544067384 0.057693874835968016 0.10855431026882595
0 0.8116640090942383 0.43017874823676217 0.03248419761657715 0.08706249660915799
1 0.12815603017807006 0.583423105875651 0.13286399841308594 0.15670250786675347
1 0.4951067388057709 0.19414235750834147 0.0374247670173645 0.059048938751220706
0 0.5681994676589965 0.2882207022772895 0.01908721923828125 0.07654851277669271
1 0.4005011886358261 0.4788372940487332 0.08575192093849182 0.11931206385294596
3 0.1544551134109497 0.2927140553792318 0.09201579093933106 0.26163804796006945
0 0.562840735912323 0.2048335764143202 0.016305375099182128 0.06342070897420247
1 0.4593710541725159 0.2049484623803033 0.0385101318359375 0.06612342198689779
1 0.43895328640937803 0.1316429826948378 0.031045806407928467 0.049407312605116105
1 0.7122608184814453 0.33590710957845055 0.07164964675903321 0.10710406833224827
0 0.6312669709324836 0.3270022710164388 0.021422013640403748 0.08652780320909288
0 0.58753342628479 0.2438202010260688 0.01760392189025879 0.06648010677761501
0 0.6575964972376823 0.2573996014065213 0.017821815609931946 0.06795408460828993
1 0.4259258508682251 0.06893127229478624 0.022731328010559083 0.03898887634277344
1 0.4243377327919006 0.10311081144544813 0.02706565856933594 0.04623277452256944
1 0.021972040832042693 0.144093386332194 0.04394408166408539 0.0893882327609592
3 0.023477321863174437 0.14355222913953994 0.046954643726348874 0.09268137613932291
3 0.6981193900108338 0.3385151100655397 0.04438621997833252 0.09632348368565241
3 0.2601839303970337 0.03475085745255153 0.11290950775146484 0.059670536054505244
2 0.6983373999595642 0.337727015838027 0.04395020008087158 0.09509792534841431
2 0.5074865579605102 0.31361373477718896 0.059838151931762694 0.049214486012028325
0 0.7150773644447327 0.25337806277804903 0.010470271110534668 0.07296269734700521
1 0.4807844340801239 0.12335586018032497 0.03189178705215454 0.056450239817301434
3 0.6696642875671387 0.7433948940700955 0.17814350128173828 0.26732347276475693
