2 0.38187838792800904 0.6664719793531629 0.12313177585601806 0.30505780114067926
1 0.15909430980682374 0.6250742064581977 0.06708619594573975 0.09558879004584418
1 0.44706034660339355 0.41171655654907224 0.03197276592254639 0.051967557271321616
3 0.356772780418396 0.659755622016059 0.08563461303710937 0.3302923414442274
1 0.2509183168411255 0.42592570516798234 0.03458328247070312 0.05283522076076931
1 0.22409788370132447 0.4859830061594645 0.03993489742279053 0.06306918462117513
1 0.33351215958828107 0.4353616661495633 0.02588773488532752 0.055124950408935544
1 0.5978557348251343 0.36640108691321477 0.026930618286132812 0.04299840397304959
1 0.3450689626857638 0.527426020304362 0.03854697681963444 0.07272360059950086
0 0.9613162279129028 0.9598425335354275 0.04348387718200684 0.08031493292914496
1 0.2961388468742371 0.6255859692891439 0.05186598300933838 0.10503423478868272
1 0.46163260340690615 0.36822329892052547 0.02479795217514038 0.04478441344367133
1 0.7017815321683883 0.5920431984795465 0.06687970757484436 0.0986609141031901
1 0.036000049114227294 0.6602775573730468 0.07200009822845459 0.11615566677517361
1 0.5858304977416993 0.32705376942952474 0.02110767364501953 0.034327994452582465
1 0.41622068285942077 0.3570965660942925 0.02136911153793335 0.03831558227539063
0 0.5654208302497864 0.39100994533962674 0.029009556770324706 0.05687976413302952
1 0.4048270404338837 0.38435464170244005 0.02779102325439453 0.03639787567986382
1 0.4030387133359909 0.3318721863958571 0.019626957178115845 0.03922772142622206
1 0.4344570755958557 0.3398504548602634 0.022223424911499024 0.038568936453925236
1 0.39015495777130127 0.4160918977525499 0.01969008445739746 0.10521710713704427
1 0.5621329426765442 0.3473356790012784 0.023805928230285645 0.04564858277638753
0 0.34203205108642576 0.3550772892104255 0.011475580930709838 0.04711248344845242
1 0.565503466129303 0.39414452711741127 0.028639674186706543 0.05094618797302246
3 0.9077231645584106 0.10839765973182189 0.15772066116333008 0.21641886815842654
3 0.41953174471855165 0.1104008780585395 0.19843848943710327 0.220801756117079
3 0.6831063866615296 0.3788971722126007 0.0643319845199585 0.14146893156899346
2 0.6800212979316711 0.3877558244599236 0.05644333362579346 0.11845892535315619
1 0.7204204857349396 0.3819645219379001 0.03768502473831177 0.05665092998080783
3 0.6004920542240143 0.10943462583753798 0.20624564886093139 0.21886925167507595
