1 0.8171038508415223 0.707533507876926 0.08882706165313721 0.1517791959974501
1 0.742454719543457 0.54702820248074 0.058524703979492186 0.1257838355170356
1 0.40817245543003083 0.5312360339694553 0.0478780210018158 0.07137103610568576
1 0.23506869077682496 0.5194416258070204 0.04962317943572998 0.06756812201605902
1 0.9424967288970947 0.7481457392374674 0.08914656639099121 0.12391141255696615
1 0.3667124703526497 0.6066892200046116 0.06593113839626312 0.11000209384494358
1 0.727798318862915 0.7934401618109809 0.09003229141235351 0.15052235921223958
1 0.49316139817237853 0.46962243186102975 0.03891524076461792 0.06766130659315321
1 0.6360572762787342 0.5057376861572266 0.041690729558467865 0.07109124925401476
1 0.6717875719070434 0.6110857433742947 0.059214019775390626 0.10745904710557726
1 0.8281599998474121 0.5730887201097277 0.05946636199951172 0.08217856089274088
1 0.380988347530365 0.4513544241587321 0.03802330493927002 0.06203716066148546
1 0.21666476726531983 0.9239225599500868 0.11338334083557129 0.1521548800998264
1 0.4302417755126953 0.7924573262532552 0.08989143371582031 0.17582261827256945
1 0.22561558485031127 0.4610144085354275 0.039239001274108884 0.05736868116590712
1 0.7723503351211548 0.48056556383768717 0.03918445110321045 0.0657130241394043
0 0.42378070652484895 0.39345948961046007 0.013846510648727417 0.04682742224799262
1 0.2624052882194519 0.3810942967732747 0.025931811332702635 0.04243939717610677
2 0.6961339592933655 0.46601419978671604 0.044015812873840335 0.09327067269219293
1 0.6320188529789448 0.45727675755818686 0.03433711975812912 0.05641248491075304
1 0.6717514872550965 0.40554494857788087 0.03068864345550537 0.0450791252983941
1 0.4910510301589966 0.34162668254640366 0.025130534172058107 0.036801197793748644
1 0.43541128039360044 0.4594126436445448 0.03962043523788452 0.06517532136705187
1 0.6986896514892578 0.46986846923828124 0.04988880157470703 0.08981170654296874
1 0.6598146915435791 0.3835848914252387 0.029216766357421875 0.047608100043402775
1 0.6419393301010132 0.34167668686972724 0.02449455261230469 0.02864449554019504
1 0.7321928441524506 0.4232858022054036 0.043861997127532956 0.07380777994791667
0 0.9318139791488648 0.6548513412475586 0.025081634521484375 0.0676548851860894
2 0.5243204534053802 0.35427958303027685 0.030766117572784423 0.052337241172790525
1 0.526623272895813 0.35374824735853405 0.03646378517150879 0.05452717675103082
1 0.6243252351880073 0.40495823754204646 0.03216663897037506 0.06453285217285157
0 0.7096789956092835 0.40681282149420844 0.014422297477722168 0.04594013426038954
0 0.7499438285827636 0.41143347952100967 0.014138221740722656 0.04098236295912001
3 0.08393492102622986 0.10480200449625651 0.16786984205245972 0.20960400899251302
1 0.6141769978403318 0.37298592461480035 0.028336333632614695 0.053006744384765624
1 0.020876894891262054 0.8277800665961371 0.04175378978252411 0.13573184543185765
0 0.4792847990989685 0.31583825217352973 0.013946437835693359 0.03516398535834418
1 0.30225826501846315 0.36159254709879557 0.026981806755065917 0.04171969095865886
3 0.6644797420594841 0.10942058563232422 0.12751520154997706 0.21884117126464844
3 0.6238650679588318 0.4051366885503133 0.031051945686340333 0.0641905731625027
3 0.946983802318573 0.11330778963036008 0.10559003353118897 0.21460311479038663
0 0.5402966380119324 0.35288662645551894 0.011733031272888184 0.037025944391886396
