3 0.8565988302230835 0.7217564582824707 0.26476211547851564 0.43007640838623046
1 0.6429545038961806 0.49325500594245064 0.0851338994456455 0.1309806293911404
1 0.4912565290927887 0.25760569042629666 0.05351721048355103 0.10241150326199001
0 0.7592908501625061 0.387812434302436 0.028271913528442383 0.08397095998128255
1 0.23103041648864747 0.650278811984592 0.17503814697265624 0.17605183919270834
1 0.47912115454673765 0.17334303855895997 0.03379696607589722 0.054318375057644315
0 0.5409578800201416 0.18568496704101561 0.015024566650390625 0.061415905422634545
0 0.5459609627723694 0.2615501191880968 0.01771705150604248 0.07369961208767362
3 0.16033585071563722 0.37896443688207204 0.09923233985900878 0.17432990173498789
1 0.43730716705322265 0.5388466305202908 0.1171560525894165 0.16121139526367187
0 0.5643730878829956 0.22022983762953016 0.01629924774169922 0.06312703026665581
0 0.6037233710289002 0.2961678187052409 0.021011614799499513 0.08234761555989584
1 0.44593791365623475 0.1836189799838596 0.03576711416244507 0.0655006620619032
1 0.42958182394504546 0.11839774449666342 0.02863754630088806 0.049271180894639756
0 0.6247795961797238 0.23075681262546116 0.017170192301273347 0.06292730967203776
1 0.6807060241699219 0.30347732967800567 0.07564620971679688 0.091443845960829
1 0.03866821378469467 0.10324927700890435 0.03578018248081207 0.04686369895935059
1 0.7296298980712891 0.8170667860243056 0.1466440200805664 0.17750142415364584
1 0.41677604913711547 0.09345058865017361 0.02676680088043213 0.04600863986545139
3 0.023268881440162658 0.1598297119140625 0.046537762880325316 0.09750455220540365
1 0.41730695962905884 0.05946205192142063 0.02334728240966797 0.037992334365844725
1 0.38959197998046874 0.5384077495998807 0.0208160400390625 0.10136663648817275
2 0.6732861399650574 0.31777480921397605 0.06480195522308349 0.056622548608316316
3 0.46095778346061705 0.4469501283433702 0.16668606996536256 0.31612247890896267
1 0.02170858681201935 0.1606023841434055 0.0434171736240387 0.09490991168551975
1 0.4685430347919464 0.11088032457563612 0.03002380132675171 0.05632353358798557
0 0.38941384553909303 0.5371581395467122 0.020969080924987792 0.10294380187988281
1 0.3779048562049866 0.03883662290043301 0.044190287590026855 0.04604869286219279
3 0.2535856306552887 0.03175044589572483 0.13215354681015015 0.05940806070963542
3 0.6724080011248589 0.31846631368001305 0.06413952410221099 0.05793715582953559
0 0.5466944575309753 0.2924461295207342 0.012576699256896973 0.0069573740164438885
0 0.715002465248108 0.2537529945373535 0.01062006950378418 0.07442056867811415
