1 0.217256760597229 0.9309518602159288 0.15857305526733398 0.13809627956814235
3 0.5955971896648407 0.22117624498075908 0.2494306206703186 0.43468091322316066
1 0.2877769470214844 0.787720341152615 0.07016053199768066 0.08051795959472656
1 0.3684166669845581 0.8151764127943251 0.062591552734375 0.09185396830240886
3 0.14267500638961791 0.20417450798882378 0.27229268550872804 0.40834901597764756
1 0.0595034122467041 0.8993690490722657 0.11720147132873535 0.13697899712456596
1 0.6255903363227844 0.9076821009318033 0.10724709033966065 0.10329551696777343
3 0.4875676691532135 0.8721882502237955 0.11336816549301147 0.13572332594129774
3 0.384321029484272 0.8193469365437825 0.09378436505794525 0.08840658399793837
0 0.28717408180236814 0.7908767700195313 0.07009949684143066 0.08330078125
1 0.48780183792114257 0.8695392184787326 0.11288986206054688 0.13839959038628472
0 0.385072135925293 0.8198561774359809 0.09468326568603516 0.08877343071831598
1 0.5389003157615662 0.753917376200358 0.04249751567840576 0.0357751210530599
