1 0.83387451171875 0.7434826109144422 0.09401435852050781 0.14611964755588108
1 0.7634971737861633 0.618628364139133 0.05751051902770996 0.10409077538384331
1 0.6667510569095612 0.614744504292806 0.06237889528274536 0.11201277838812934
1 0.21852306723594667 0.5299521234300402 0.0529154896736145 0.07214056650797526
2 0.9487826347351074 0.7405615912543403 0.10243473052978516 0.20272483825683593
1 0.6957576036453247 0.8033831914265951 0.049109792709350585 0.13521173265245226
1 0.35246803760528567 0.6562419891357422 0.06901688575744629 0.10743001302083334
1 0.6483856201171875 0.4994203779432509 0.04212541580200195 0.07177234225802952
1 0.351384437084198 0.5134997897677951 0.05064284801483154 0.06885719299316406
0 0.4510341167449951 0.42883253627353246 0.01576099395751953 0.05727326075236003
0 0.4362905740737915 0.5362844043307834 0.02241947650909424 0.06911065843370226
1 0.7894005835056305 0.506973679860433 0.04573963880538941 0.06727458106146919
1 0.2990172624588013 0.7439328511555989 0.08251557350158692 0.12534383138020833
1 0.7198087483644485 0.5068942017025417 0.048428839445114134 0.08169698715209961
3 0.08596955537796021 0.10727910995483399 0.17193911075592042 0.21455821990966797
0 0.4119710147380829 0.4353649192386203 0.014702796936035156 0.05702651341756185
1 0.059567928314208984 0.9139746771918402 0.11913585662841797 0.1714992947048611
1 0.8488022685050964 0.5875984827677408 0.0647498369216919 0.12459687127007378
1 0.7623452603816986 0.47582694159613714 0.03662799596786499 0.062002012464735246
1 0.6563089847564697 0.3791550874710083 0.028519582748413087 0.04546908802456326
0 0.1997629761695862 0.4692532698313395 0.015132832527160644 0.05909795761108398
0 0.40231357514858246 0.41629089779324 0.014369279146194458 0.05035394032796224
3 0.7015254259109497 0.45516173044840497 0.037184286117553714 0.08813819885253907
0 0.7891670286655426 0.6709741168551975 0.026068246364593504 0.08027398851182725
1 0.62101731300354 0.43226569493611655 0.033550262451171875 0.04940836164686415
1 0.47615146040916445 0.5428903579711915 0.05788611173629761 0.11667535569932726
0 0.7917681157588958 0.46009552743699816 0.016617119312286377 0.04320527182685004
1 0.61984948720783 0.3896711243523492 0.028260399773716926 0.049633725484212236
1 0.09673287570476533 0.581628884209527 0.060064464807510376 0.07145699395073785
1 0.7038184553384781 0.45308604770236544 0.04261917471885681 0.08198589748806423
1 0.7468442559242249 0.44596197870042587 0.030422663688659667 0.057235664791531034
2 0.47677109241485593 0.544457647535536 0.056722712516784665 0.11475660536024306
0 0.009783098846673966 0.8313603719075521 0.019562260806560518 0.12716471354166667
1 0.37401541592553256 0.9450533125135634 0.1033132528886199 0.10989337497287327
3 0.6642220079898834 0.11062120861477322 0.12618523836135864 0.22124241722954643
2 0.6781226754188537 0.42094504038492836 0.03472359180450439 0.07676378885904948
0 0.6797968953847885 0.3307966325018141 0.010375958681106568 0.030410122871398926
1 0.6110686709056609 0.35840122434828015 0.02147567777428776 0.033532365163167314
2 0.7019091844558716 0.45382799042595756 0.03619980812072754 0.08765300114949544
0 0.5035169661045075 0.31999674306975473 0.011017000675201416 0.030893602636125353
3 0.9474039554595948 0.11439268953270382 0.10435514450073242 0.2154284457365672
3 0.2017831861972809 0.10906406193971634 0.14178575277328492 0.21190002858638762
1 0.6338525772094726 0.3206357677777608 0.023442602157592772 0.02881372504764133
0 0.6049370652443031 0.7307633717854818 0.009711079596308991 0.08740268283420138
