1 0.8494162619113922 0.7083585739135743 0.10441526174545288 0.12261365254720052
1 0.6690528690814972 0.6723476833767361 0.0938275933265686 0.07409150865342883
1 0.5576895236968994 0.7337556415134006 0.07467560768127442 0.12893825107150608
0 0.38101844787597655 0.6375946892632378 0.03660125732421875 0.0821272956000434
0 0.5566462516784668 0.7329818725585937 0.07760486602783204 0.1277158949110243
1 0.5452966749668121 0.5006046930948893 0.05243157148361206 0.05944073994954427
1 0.6877153873443603 0.5066359202067058 0.05833268165588379 0.05474514431423611
1 0.7648185729980469 0.5737699296739366 0.06378810405731201 0.07515898810492622
1 0.4777725040912628 0.6306980239020453 0.0666279911994934 0.11097935570610894
0 0.5451884269714355 0.5014737447102865 0.05269565582275391 0.05741848415798611
0 0.47825260162353517 0.6331704457600912 0.0625722885131836 0.11448050604926216
1 0.9117384195327759 0.5796354823642307 0.056099987030029295 0.06942132314046225
1 0.28908365964889526 0.5985730489095052 0.05739128589630127 0.10244318644205729
0 0.487443870306015 0.4573962264590793 0.04492858648300171 0.052450868818495006
0 0.3288594315949013 0.5464166323343913 0.017022401987924242 0.060041787889268665
0 0.43407024443149567 0.5736891852484809 0.04611091017723083 0.07093734741210937
0 0.9121307373046875 0.5802693684895833 0.056897735595703124 0.0713897705078125
0 0.2903481960296631 0.5977367824978299 0.05944757461547852 0.10855492485894097
0 0.671221923828125 0.7123734368218316 0.09468793869018555 0.15052303738064235
1 0.23325299024581908 0.4991914325290256 0.03971235752105713 0.07042486402723525
0 0.3725372090935707 0.513810306125217 0.04052546918392182 0.053431193033854164
1 0.37259904146194456 0.5142101499769423 0.04236710071563721 0.05518154568142361
0 0.23508841991424562 0.4977006276448568 0.04310927391052246 0.08653700086805556
0 0.6873770713806152 0.5063333723280165 0.05757608413696289 0.06008368598090278
1 0.3894373714923859 0.6390684763590495 0.05351320505142212 0.08466932508680555
0 0.6337738871574402 0.6791992611355252 0.02279503345489502 0.06382369995117188
1 0.43401807844638823 0.5736983935038249 0.046372216939926145 0.07117349836561415
1 0.4874927341938019 0.457485384411282 0.044908416271209714 0.05166855918036567
0 0.7028675079345703 0.6069117652045356 0.031436920166015625 0.05520536634657118
1 0.4299353152513504 0.7835378222995334 0.07222234606742858 0.12607841491699218
0 0.4077230364084244 0.7871111551920573 0.027782076597213747 0.1089138454861111
1 0.718494588136673 0.6028701464335123 0.061168134212493896 0.07430731455485026
