1 0.6702658295631408 0.5287806616889106 0.09574353694915771 0.14211480882432725
1 0.5634851098060608 0.3588680797153049 0.07294375896453857 0.13708917829725478
1 0.5052261412143707 0.26642317242092556 0.047137677669525146 0.08613037533230251
0 0.6433443427085876 0.3726462894015842 0.024366927146911622 0.09547636244032118
1 0.47014617919921875 0.17008348570929632 0.03529479503631592 0.05687150955200195
1 0.34045586585998533 0.3252001338534885 0.060481691360473634 0.09840293460422092
1 0.5549639940261841 0.26083489523993597 0.04704065322875976 0.06786852942572699
1 0.8253829956054688 0.44160978529188366 0.09286823272705078 0.12690277099609376
2 0.5632252216339111 0.3599497212304009 0.07155470848083496 0.13606943554348416
0 0.6361797690391541 0.27464338938395183 0.019749140739440917 0.07560234069824219
0 0.6687572121620178 0.3209184540642632 0.020583796501159667 0.07847542232937282
0 0.730119776725769 0.4378183788723416 0.026968860626220705 0.09041226704915364
3 0.16360681056976317 0.21972783406575522 0.08314504623413085 0.17725855509440105
3 0.3050947666168213 0.5332106696234808 0.1207606315612793 0.20370873345269097
1 0.011789526195207145 0.10543573962317573 0.023508208690327593 0.07239310476515028
1 0.02813139259815216 0.3869294908311632 0.05626278519630432 0.11056349012586805
1 0.46581249237060546 0.7488058302137587 0.2700957298278809 0.2059961954752604
0 0.9703495025634765 0.5358902825249566 0.053363037109375 0.11882002088758681
0 0.780604362487793 0.3586045583089193 0.026546478271484375 0.08735953436957465
1 0.4549044668674469 0.1353110949198405 0.03254913091659546 0.05126440260145399
1 0.3680502772331238 0.7505171457926433 0.06389944553375244 0.12665430704752603
1 0.3874064177274704 0.06651366816626655 0.022861117124557497 0.03791091177198622
1 0.45235719680786135 0.06978136168585883 0.0243790864944458 0.03228759765625
1 0.5227107226848602 0.16507888899909126 0.038810694217681886 0.06500370237562392
1 0.45574182868003843 0.09767625861697726 0.025601112842559816 0.04162166913350423
0 0.48539716601371763 0.8255186080932617 0.029045450687408447 0.06154179043240017
2 0.3879626512527466 0.06563147703806559 0.023622655868530275 0.03830630514356825
0 0.7160895943641663 0.39855442576938205 0.008445811271667481 0.07318686379326714
0 0.7149565696716309 0.25356020397610135 0.010711860656738282 0.07465152740478516
0 0.7273831844329834 0.3794441646999783 0.02512197494506836 0.07605005900065104
3 0.23228169083595276 0.030808647473653156 0.135149085521698 0.06161729494730631
