3 0.17758242189884185 0.7737043592664931 0.27005497813224794 0.4151995340983073
3 0.4586085345596075 0.7821412510342068 0.262784618884325 0.4357174979315864
0 0.7600939571857452 0.6823614014519586 0.023408591747283936 0.09490642547607422
0 0.8478430271148681 0.5804210874769423 0.02099761962890625 0.08520817226833767
1 0.6826443552970887 0.41687798500061035 0.03555924892425537 0.05575615564982096
0 0.7540041744709015 0.42899659474690754 0.01633068323135376 0.05901120503743489
1 0.6153002390637994 0.3677284399668376 0.02734042815864086 0.04120389090643989
0 0.8340931892395019 0.7841785007052952 0.05059242248535156 0.13835788302951388
0 0.4471315205097198 0.36588123109605575 0.011247146129608154 0.0424632814195421
1 0.672162464261055 0.5735859553019206 0.061000341176986696 0.14040200975206163
1 0.7758039116859436 0.4854696697658963 0.044364094734191895 0.07826872931586372
1 0.6494241237640381 0.3520672188864814 0.02546725273132324 0.036900960074530705
3 0.6674217581748962 0.7859878540039062 0.10411536693572998 0.38973041110568574
1 0.46907641887664797 0.3943077007929484 0.03077371120452881 0.04658865928649902
2 0.7090474009513855 0.3715535905626085 0.022530198097229004 0.07980923122829861
1 0.27491848468780516 0.5849994871351454 0.04987854957580566 0.08000780741373698
1 0.26494206190109254 0.5170333544413249 0.039881205558776854 0.07208381228976779
3 0.7090671539306641 0.37521248393588597 0.022490692138671876 0.07398627599080404
1 0.7200965881347656 0.37477764553493925 0.04739952087402344 0.07083045111762153
3 0.6772125244140625 0.30668710126127635 0.07913498878479004 0.03533583640431364
3 0.25499778985977173 0.10782385720974869 0.21426742076873778 0.21450835756129688
