1 0.36484581232070923 0.6864366319444445 0.06941893100738525 0.13151787651909722
1 0.1113078236579895 0.6678694725036621 0.08917162418365479 0.12260023752848308
1 0.6153850674629211 0.40437941021389434 0.031155705451965332 0.05119770897759331
3 0.4101313591003418 0.5066484504275852 0.0694000244140625 0.1936237653096517
1 0.4596285939216614 0.35579039255777994 0.025251030921936035 0.04074756834242079
1 0.6059922456741333 0.5306199815538194 0.0553736686706543 0.0818062252468533
1 0.2533089280128479 0.47693294949001735 0.04305713176727295 0.06416100396050348
2 0.7416314482688904 0.457726608382331 0.07442684173583984 0.183341466055976
0 0.27816516160964966 0.8517380820380317 0.03515326976776123 0.11250055101182725
1 0.3675684824585915 0.47050380176968043 0.03087535798549652 0.0618475702073839
1 0.3737808346748352 0.3705342319276598 0.027495872974395753 0.04388071166144477
1 0.6071870397034218 0.36076199213663734 0.014320666491403244 0.04147328270806207
1 0.05534810423851013 0.5994783613416884 0.07370147705078126 0.0966321309407552
1 0.5696486353874206 0.37149229314592147 0.02689034938812256 0.041707478629218205
1 0.2455042839050293 0.7498742845323351 0.0874471664428711 0.1404639350043403
1 0.2348546266555786 0.35439921485053166 0.031996297836303714 0.040638436211480035
1 0.42335689067840576 0.36982321474287244 0.026602673530578613 0.04943224059210883
1 0.5654759645462036 0.39958365493350556 0.02886786460876465 0.04630920092264811
1 0.2542832374572754 0.39469136661953397 0.02956671714782715 0.04581471549140082
1 0.47455617785453796 0.32871107525295684 0.02324775457382202 0.03857135772705078
1 0.15481022596359253 0.5009460767110189 0.047847747802734375 0.06519578297932943
3 0.6057212889194489 0.1097490734524197 0.21591933965682983 0.2194981469048394
3 0.10359474420547485 0.10771792729695638 0.2071894884109497 0.21543585459391276
1 0.5823627829551696 0.3327561073833042 0.023029017448425292 0.03477858172522651
0 0.5574933886528015 0.31852517790264556 0.011344027519226075 0.03154576354556614
2 0.4131477355957031 0.505457051595052 0.08221292495727539 0.1943606906467014
1 0.6100249640643597 0.3026842753092448 0.01989053338766098 0.027590772840711805
1 0.424436017870903 0.3414006988207499 0.02523384690284729 0.03214779694875081
3 0.42357696294784547 0.1088208728366428 0.2065289258956909 0.2176417456732856
1 0.4184736251831055 0.3211156533824073 0.01851367950439453 0.03497470087475247
1 0.7122179388999939 0.44935133192274307 0.015758204460144042 0.08539903428819444
1 0.3868592858314514 0.5155729293823242 0.025700592994689943 0.1734071095784505
