3 0.7467080092988908 0.8161210166083441 0.2878219174221158 0.36775796678331163
0 0.7591062545776367 0.6521116256713867 0.0261732816696167 0.10141995747884115
1 0.7131606042385101 0.39019632869296605 0.02799490690231323 0.05638753043280707
0 0.3958936870098114 0.45759552849663626 0.0189697265625 0.0587624020046658
0 0.7465082943439484 0.4343592749701606 0.015035545825958252 0.05724572075737847
0 0.7331350386142731 0.6075050565931532 0.022433125972747804 0.09250212775336372
0 0.7092933416366577 0.5282926453484429 0.0199005126953125 0.06891362931993272
0 0.718199473619461 0.32811741299099395 0.024937355518341066 0.05617336697048611
1 0.6282811410725117 0.44079573419358997 0.036562691628932956 0.06518947813245986
1 0.4091838628053665 0.556894048055013 0.05364059805870056 0.07770796881781684
2 0.6763935923576355 0.3208604829178916 0.030776381492614746 0.05756830308172438
1 0.6490645617246628 0.34981612231996323 0.02262590527534485 0.042305127779642744
0 0.273650324344635 0.3821775674819946 0.012819361686706544 0.044555849499172635
0 0.45826161503791807 0.3561670780181885 0.013817512989044189 0.04018130832248264
3 0.3294888973236084 0.10900717642572191 0.13313050270080568 0.2060609221458435
3 0.6487152457237244 0.11284717139270571 0.14231879711151124 0.21974667012691498
1 0.7132320046424866 0.330807716316647 0.01405632495880127 0.05002396106719971
3 0.6413548201322555 0.3051738950941298 0.04935216307640076 0.03257001241048177
0 0.6055579232430318 0.7168401506212022 0.010997934191254898 0.08223114013671876
1 0.4308283805847168 0.8901440090603299 0.2745950937271118 0.21544867621527777
0 0.6501490592956543 0.34701063368055557 0.028576087951660157 0.044170973036024304
2 0.6073492936789989 0.32092991405063204 0.014698587357997894 0.0386373413933648
