1 0.824875682592392 0.727410888671875 0.08493705987930297 0.14163504706488717
1 0.9145053148269653 0.6915088335673014 0.08584508895874024 0.13596892886691622
1 0.7185562133789063 0.7250816345214843 0.08060388565063477 0.17229410807291667
1 0.6455745555460453 0.49339436425103084 0.04467175453901291 0.08784777323404948
0 0.4105649322271347 0.4788526111178928 0.020880299806594848 0.06435568067762587
1 0.27584866285324094 0.43315058284335667 0.03568856716156006 0.053862137264675564
1 0.8607234597206116 0.6282981448703342 0.055664658546447754 0.09292043050130208
1 0.9673924684524536 0.824651633368598 0.06521506309509277 0.14377483791775172
1 0.7491982281208038 0.5604213820563422 0.053089606761932376 0.09274137285020616
1 0.47775638699531553 0.3642654922273424 0.026499855518341064 0.042530891630384655
1 0.6736081004142761 0.6155043284098307 0.05613067150115967 0.10654373168945312
1 0.6428168177604675 0.35499183071984186 0.02447831630706787 0.041746197806464304
0 0.8019776582717896 0.3937824328740438 0.021227645874023437 0.04073391490512424
0 0.14593595266342163 0.8579303741455078 0.03880939483642578 0.12972615559895834
3 0.08569305539131164 0.10636735492282444 0.17138611078262328 0.21273470984564888
1 0.7598158299922944 0.4729478147294786 0.03962448835372925 0.06323709487915039
1 0.6203324448317289 0.38872326480017766 0.027881566435098648 0.04656694730122884
1 0.6239089434966445 0.4310140503777398 0.03898068554699421 0.04677408006456163
3 0.7009382367134094 0.47937535179985896 0.038301920890808104 0.17326672871907553
1 0.721205759048462 0.5249026828342014 0.04189081192016601 0.0716011471218533
1 0.7142844408750534 0.39629933834075926 0.03308888077735901 0.05522202915615505
1 0.536042332649231 0.3065469755066766 0.019334173202514647 0.033990248044331865
0 0.7328170418739319 0.4632005320654975 0.014873838424682618 0.05225439071655273
0 0.1284385323524475 0.9541225857204861 0.04188847541809082 0.09175482855902778
3 0.9472927808761596 0.11522770159774356 0.105316162109375 0.21738492714034185
2 0.8282716751098633 0.554981443617079 0.06255588531494141 0.12068116929796006
1 0.6638416409492492 0.3889212025536431 0.026083827018737793 0.042649703555636936
1 0.8279450118541718 0.5524379518296983 0.06490799188613891 0.120866945054796
3 0.9679033279418945 0.8184251573350695 0.06419334411621094 0.15867852105034722
1 0.611359291523695 0.36017098161909317 0.02223116010427475 0.035662306679619685
1 0.7925182819366455 0.6404187944200304 0.07146940231323243 0.12067642211914062
2 0.701407927274704 0.44686900244818795 0.039883649349212645 0.07890955607096355
1 0.6591780349612236 0.5533482445610894 0.04499014914035797 0.09098201327853733
