3 0.2746148407459259 0.8205125808715821 0.23607796430587769 0.3486573537190755
1 0.24792450666427612 0.5458094173007542 0.05657837390899658 0.07811383141411675
1 0.35356118977069856 0.503606022728814 0.04885960221290588 0.06929281022813585
1 0.13337862491607666 0.6561942630343967 0.06882030963897705 0.09623641967773437
1 0.42782455682754517 0.4986678759256999 0.04328165054321289 0.07159769270155165
1 0.601123857498169 0.513911861843533 0.04453721046447754 0.08393588595920139
1 0.37085320949554446 0.4520515653822157 0.0397064208984375 0.05862147013346354
1 0.6340752363204956 0.45197233623928496 0.0437042236328125 0.06082299550374349
0 0.7224979817867279 0.558448420630561 0.021555888652801513 0.0836430655585395
1 0.4002608507871628 0.4041691780090332 0.029778212308883667 0.052003033955891925
1 0.15648193359375 0.5617520862155491 0.058639144897460936 0.07260415818956163
1 0.45236225724220275 0.42395596504211425 0.03075329065322876 0.05384620030721029
1 0.388222399353981 0.5468614790174696 0.04038541913032532 0.07647060818142361
0 0.8500846147537231 0.7313109927707249 0.03606576919555664 0.10842488606770834
0 0.9277355551719666 0.75108642578125 0.026472020149230956 0.1010207282172309
1 0.3699643015861511 0.37884512212541366 0.029840254783630372 0.047862005233764646
0 0.4393524587154388 0.3504588550991482 0.012467539310455323 0.042246776156955296
1 0.23956682682037353 0.334453735086653 0.030791044235229492 0.03529199229346381
1 0.1827412247657776 0.3533115228017171 0.02534477710723877 0.03544116550021702
1 0.41252961158752444 0.3182573391331567 0.020070147514343262 0.033742434448666044
1 0.46329799890518186 0.33764295445548165 0.022020983695983886 0.034352898597717285
1 0.5848559975624085 0.3401781294080946 0.022775483131408692 0.036114205254448785
0 0.4283952355384827 0.3384731822543674 0.012280893325805665 0.03768689897325304
3 0.27195640802383425 0.38296680715348985 0.03519613742828369 0.08696341514587402
2 0.2755793333053589 0.8455597771538629 0.2693329334259033 0.3088804456922743
1 0.4170996993780136 0.37577974796295166 0.025553804636001588 0.04624703195359972
3 0.642824673652649 0.3482827199829949 0.04078154563903809 0.07919603718651666
3 0.607408982515335 0.1113170411851671 0.20776466131210328 0.2226340823703342
3 0.9394651412963867 0.11187832090589735 0.11941399574279785 0.22144171396891277
3 0.635499906539917 0.7981844266255697 0.16190738677978517 0.3840923521253798
1 0.11448375880718231 0.9720621109008789 0.0819500744342804 0.053661812676323785
3 0.4235232949256897 0.10753871070014107 0.2064215898513794 0.21507742140028213
1 0.258826470375061 0.7290313932630751 0.07412509918212891 0.12507947285970053
0 0.34075586423277854 0.35693526532914904 0.013338585197925568 0.04351726637946235
3 0.5156611680984498 0.36622283193800187 0.02881588935852051 0.05285582012600369
