0 0.5333395004272461 0.6880047268337673 0.07880020141601562 0.14382625155978732
1 0.6639539197087287 0.7106412145826552 0.09906025826931 0.14225762685139973
0 0.4886589288711548 0.4738532225290934 0.03168628215789795 0.046535862816704646
0 0.42335262298583987 0.7663453843858506 0.06985225677490234 0.12551422119140626
0 0.37226572036743166 0.5998536851671007 0.054799461364746095 0.09313252766927084
0 0.6465375900268555 0.46282738579644095 0.04840145111083984 0.05872361924913194
0 0.6646355152130127 0.7131941053602431 0.10162019729614258 0.14312964545355902
0 0.7747185707092286 0.5826709323459202 0.06216583251953125 0.07751108805338541
0 0.5520796298980712 0.4765664842393663 0.0463045597076416 0.05491265190972222
0 0.4246077537536621 0.5642137315538195 0.057296347618103025 0.07850528293185764
1 0.7740260183811187 0.5831701596577962 0.060451972484588626 0.07741836971706814
1 0.6456703625619411 0.46317952473958335 0.04811574965715408 0.056693183051215276
1 0.5343461275100708 0.6875948694017199 0.07584671974182129 0.15175414615207247
1 0.28322298526763917 0.7708271874321831 0.0728311538696289 0.11918877495659722
0 0.629443371295929 0.6744284735785591 0.023006892204284667 0.07336527506510417
1 0.53134526014328 0.4300137201944987 0.04695847034454346 0.04699490865071614
1 0.3716446399688721 0.5980858908759223 0.054404830932617186 0.09600300259060329
0 0.39408100843429567 0.7743369632297092 0.011837983131408691 0.0996034410264757
1 0.31423901319503783 0.475230073928833 0.04214508533477783 0.04721708297729492
0 0.3309372842311859 0.5275595135158963 0.021249568462371825 0.05922944810655382
0 0.5306745231151581 0.43029029104444716 0.0453982949256897 0.04874840842352973
1 0.42623930871486665 0.5599321577284071 0.05694251656532288 0.07585436503092448
1 0.3192074656486511 0.5253410127427843 0.04256470203399658 0.05927073160807292
3 0.4238388568162918 0.7670270707872179 0.07116543650627136 0.12833116319444443
0 0.21593761444091797 0.45828293694390193 0.04115753173828125 0.06396416558159722
1 0.4234052926301956 0.766757689581977 0.07064325213432313 0.12635748121473525
1 0.3484621047973633 0.4345012770758735 0.03197402954101562 0.031232325236002605
0 0.28212776184082033 0.7738311767578125 0.07261037826538086 0.1257724338107639
