1 0.835857504606247 0.6916192796495225 0.07363311052322388 0.11379165649414062
0 0.26435803174972533 0.5604777018229167 0.045209288597106934 0.07556059095594618
1 0.7291205912828446 0.5182859420776367 0.06538023352622986 0.08009982638888889
0 0.5488961219787598 0.7267591688368056 0.07556324005126953 0.11687503390842013
1 0.6038341999053956 0.5327685250176324 0.056686782836914064 0.07030843098958334
1 0.3329279661178589 0.7789270189073351 0.07314796447753906 0.12365688747829862
1 0.6369173169136048 0.6887119399176703 0.07625114917755127 0.09910530514187282
1 0.641777515411377 0.9433414883083767 0.12903003692626952 0.11303592258029514
1 0.5486754238605499 0.7261644999186198 0.07294625043869019 0.11418228149414063
0 0.5448184013366699 0.5781265682644314 0.06282825469970703 0.09204652574327257
1 0.29830734729766845 0.6511102358500163 0.05629262924194336 0.10955473581949869
0 0.6354206085205079 0.6888911777072483 0.07536888122558594 0.0950961642795139
0 0.2973776817321777 0.6500415378146701 0.05890369415283203 0.12143147786458333
1 0.7843025624752045 0.5115399678548177 0.048731768131256105 0.05869856940375434
1 0.36854279041290283 0.5048708491855197 0.04338440895080566 0.04820923275417752
0 0.7083041191101074 0.5097762001885309 0.024016761779785158 0.07225172254774305
1 0.363158118724823 0.5743627336290148 0.058763432502746585 0.10091908772786458
0 0.6035655975341797 0.5342068566216363 0.0584259033203125 0.07160093519422743
0 0.28767178058624265 0.5003195020887586 0.04235200881958008 0.05194727579752604
3 0.36350250244140625 0.5740058686998155 0.0589719295501709 0.09943508572048611
0 0.33356919288635256 0.771624755859375 0.0739908218383789 0.13392401801215278
0 0.3640465021133423 0.5572974310980903 0.06434006690979004 0.1431301540798611
1 0.2881893038749695 0.5007862726847331 0.04392845630645752 0.05134934319390191
1 0.5439290046691895 0.5770051426357693 0.06059412956237793 0.09193672604031033
0 0.836004638671875 0.6927281697591146 0.06993446350097657 0.11541947258843316
1 0.546082878112793 0.5028294033474392 0.07257099151611328 0.07878757052951389
0 0.4476329326629639 0.5812611050075955 0.057211780548095705 0.09796685112847223
1 0.4478973776102066 0.5791959126790365 0.056912845373153685 0.10087576972113715
3 0.653586608171463 0.9474918577406142 0.10717321634292602 0.10400852627224393
3 0.44336617887020113 0.5070445802476671 0.05463855862617493 0.06620055304633246
3 0.6160928949713707 0.5371640099419488 0.03218578994274139 0.06535636054144965
