1 0.6729032039642334 0.7003345595465766 0.09362215995788574 0.1443543963962131
3 0.5539619445800781 0.8008701960245769 0.11622214317321777 0.16595615810818143
0 0.26476612091064455 0.5772073533799913 0.043052959442138675 0.08180914984809028
1 0.553993684053421 0.8024426354302301 0.11699622869491577 0.16392364501953124
0 0.5532046318054199 0.8016665988498264 0.11677417755126954 0.1713078816731771
3 0.6803868994116783 0.706926695505778 0.10942747890949249 0.14835898081461588
0 0.6803882598876954 0.7049723307291667 0.11000328063964844 0.14906497531467014
0 0.3937043070793152 0.5316005706787109 0.012591385841369629 0.06209445529513889
3 0.26573361158370973 0.5762276967366536 0.04549272060394287 0.0796883053249783
1 0.265744948387146 0.5763014687432183 0.0455078125 0.08048286437988281
1 0.660546834487468 0.9365340338812934 0.11894181724637747 0.12458428276909722
1 0.41011171638965604 0.534008428785536 0.04692932963371277 0.0662109375
0 0.3039432168006897 0.5183754603068034 0.04080564975738525 0.057310528225368924
3 0.45551353693008423 0.7978910975986057 0.27040207386016846 0.4042178048027886
1 0.4417735278606415 0.9777697881062826 0.08352607488632202 0.044460423787434894
3 0.657733678817749 0.9388957341512044 0.12298417091369629 0.12220853169759115
