3 0.7387202333658933 0.46985182232326933 0.25974610820412636 0.40752010345458983
3 0.1494508683681488 0.3562854777607653 0.07002302408218383 0.1304257901178466
1 0.29908432960510256 0.2544690344068739 0.05155792236328125 0.08364671071370443
3 0.46906798630952834 0.5755159550242954 0.2670430988073349 0.5093160072962443
3 0.3676195502281189 0.6771462758382162 0.06258270740509034 0.2041270785861545
2 0.7188858985900879 0.568514166937934 0.5534460067749023 0.6877709282769098
0 0.8804611325263977 0.9715217378404405 0.03516395092010498 0.05638618469238281
3 0.27599464654922484 0.03451374901665582 0.08233153820037842 0.05968259175618489
1 0.2333770990371704 0.05253490209579468 0.021132659912109376 0.0356567727194892
1 0.36720619201660154 0.6447782516479492 0.06558761596679688 0.1286073048909505
2 0.23336697816848756 0.05223891470167372 0.021190571784973144 0.03639772203233507
0 0.747467041015625 0.2729365454779731 0.021028709411621094 0.07815297444661458
