1 0.35600121021270753 0.8857883877224393 0.08615541458129883 0.15024778578016493
1 0.2072591781616211 0.8228330824110243 0.11784601211547852 0.1739841037326389
1 0.5987500071525573 0.5118488311767578 0.043618178367614745 0.07399393717447916
1 0.6507134199142456 0.4665982405344645 0.037534332275390624 0.0658534049987793
1 0.42250956892967223 0.566370423634847 0.05283266305923462 0.0847572538587782
1 0.6513261914253234 0.6463511255052354 0.0649714708328247 0.10421971215142144
1 0.38017732799053194 0.687193775177002 0.06729092001914978 0.11139083438449436
3 0.41484005451202394 0.3813875092400445 0.04455325603485107 0.107033814324273
1 0.2809960603713989 0.6664618598090277 0.06942176818847656 0.10988091362847222
1 0.27911407947540284 0.5280605422125922 0.05153522491455078 0.07859469519721138
1 0.6766357779502868 0.5324738926357693 0.051751017570495605 0.07770663367377387
1 0.26972141265869143 0.41161859300401477 0.035560226440429686 0.05886323716905382
1 0.20364251732826233 0.40926873948838977 0.031417882442474364 0.05272488064236111
0 0.587700629234314 0.4374650213453505 0.015967941284179686 0.05994082556830512
0 0.16380574107170104 0.4349026362101237 0.013914930820465087 0.05356604258219401
1 0.43111316561698915 0.4487422784169515 0.03566840887069702 0.0646686871846517
1 0.6212785733863712 0.4122744454277886 0.03439866043627262 0.05297698974609375
1 0.44429929852485656 0.35423369142744277 0.024829256534576415 0.03942537837558323
2 0.952507746219635 0.8112970140245226 0.09498450756072999 0.3582049051920573
1 0.3782143831253052 0.4599145677354601 0.03964376449584961 0.06550593905978733
0 0.4465643286705017 0.4829564094543457 0.017567825317382813 0.06256470150417752
1 0.028169367313967086 0.6902865197923448 0.05620265483739786 0.09346692827012804
1 0.6709852486848831 0.34889890882703994 0.02884877324104309 0.042145061492919925
1 0.11413074731826782 0.5220042970445421 0.05072033405303955 0.06923815409342447
1 0.41396614015102384 0.3126363191339705 0.019663506746292116 0.03335353136062622
1 0.449100649356842 0.3080111781756083 0.02062087059020996 0.036736162503560384
3 0.9086233735084533 0.10891790390014648 0.15803029537200927 0.21783580780029296
1 0.21754045486450196 0.3797734022140503 0.025531196594238283 0.04486016697353787
1 0.47523005604743956 0.30087578031751844 0.017106616497039796 0.023973782857259113
3 0.8685482263565063 0.8160440762837727 0.2571384906768799 0.3679118474324544
3 0.633587920665741 0.7985035896301269 0.165458607673645 0.3503683090209961
0 0.34129607751965524 0.35496862994299994 0.013275353610515595 0.04694053332010905
