0 0.38070359230041506 0.5584634462992351 0.02315964698791504 0.07858155568440756
0 0.2684527635574341 0.45305846002366806 0.014476156234741211 0.057603571150037974
1 0.3519652962684631 0.7248042636447483 0.06658484935760497 0.11654637654622396
0 0.4187187224626541 0.41504180166456434 0.013790172338485718 0.049277083079020186
0 0.7123253464698791 0.3883610275056627 0.012309503555297852 0.04762967957390679
1 0.5456956386566162 0.3265076670381758 0.0236361026763916 0.03163616789711846
0 0.7244773924350738 0.5508413314819336 0.023329007625579833 0.09970008002387153
0 0.7014240384101867 0.45864855448404945 0.015433573722839355 0.059084913465711805
1 0.6888832211494446 0.3595165146721734 0.024425053596496583 0.043716812133789064
1 0.6373390421271324 0.32584584686491225 0.021127989888191222 0.033735887209574385
1 0.6187111309729516 0.385031000773112 0.0322886424139142 0.05060941908094618
3 0.08512577414512634 0.10471635394626194 0.16988323926925658 0.20943270789252388
3 0.9483660101890564 0.11278849707709418 0.10306627750396728 0.2146815405951606
3 0.649750030040741 0.10667297575208876 0.1375756025314331 0.2133459515041775
0 0.7170938134193421 0.5628117773267958 0.006255793571472168 0.07279843224419488
3 0.8773333370685578 0.8109696176317003 0.2323281168937683 0.3780607647365994
0 0.6103009140118957 0.8082577175564236 0.012945308163762093 0.09541863335503473
0 0.6048725838219979 0.7331309000651042 0.009625258593587205 0.09653277926974826
