1 0.6796455040574074 0.5753889931572809 0.06730618178844452 0.0851644304063585
0 0.5091979503631592 0.45398764610290526 0.042683649063110354 0.061019187503390845
0 0.4743325233459473 0.479255035188463 0.0388167142868042 0.045126480526394314
0 0.5764076232910156 0.4414701249864366 0.041937637329101565 0.0521590338812934
1 0.9045540452003479 0.6449248525831435 0.10325887203216552 0.10403821733262804
0 0.2678266763687134 0.8974338107638888 0.121421480178833 0.19900292290581598
1 0.6734102606773377 0.7267092174953884 0.09155442714691162 0.13839632670084637
1 0.26684998273849486 0.897105238172743 0.12163589000701905 0.19953231811523436
0 0.2759335994720459 0.5708798302544488 0.05025463104248047 0.08817562527126736
0 0.45603408813476565 0.5898032294379341 0.056321144104003906 0.07227851019965278
3 0.45333959579002114 0.7983697149488661 0.2652656173799187 0.3802241219414605
0 0.35666751861572266 0.49316995408799913 0.05729942321777344 0.09782825046115451
0 0.3897697448730469 0.6083009507921007 0.054314804077148435 0.11495853000217014
1 0.8853592038154602 0.575929217868381 0.10369155406951905 0.0754441155327691
1 0.27160305976867677 0.6549701054890951 0.0541806697845459 0.09102295769585503
3 0.4083640605211258 0.4235060162014431 0.05656418204307556 0.08168593512641059
1 0.3568027373403311 0.5024424446953668 0.05228186920285225 0.07519408331976997
0 0.6780658721923828 0.7263298034667969 0.10632877349853516 0.13719991048177083
1 0.40794890820980073 0.4229229397243924 0.05603340268135071 0.08068059285481771
0 0.6789111614227294 0.5766163720024957 0.06762895584106446 0.08613349066840278
1 0.5082121133804322 0.45403383043077256 0.04471263885498047 0.061187998453776045
1 0.34083683490753175 0.4579220453898112 0.04453229904174805 0.04216647677951389
1 0.5760613679885864 0.44154542287190757 0.04362220764160156 0.04916191101074219
1 0.2742731928825378 0.5702707290649414 0.052387022972106935 0.08725624084472657
3 0.2666563749313354 0.8960180070665148 0.12181110382080078 0.198822021484375
1 0.45567709803581236 0.5900677575005425 0.05707505941390991 0.07870157029893664
3 0.6766510300338269 0.6846943537394206 0.10338262468576431 0.052443737453884545
3 0.2744660258293152 0.5702208201090495 0.052364659309387204 0.08810721503363715
1 0.38983708471059797 0.6069609218173557 0.052352812886238095 0.11832862430148655
