0 0.3070652842521667 0.491110716925727 0.026964783668518066 0.051423433091905384
3 0.43885688930749894 0.8330554538302951 0.14343635737895966 0.3317888047960069
0 0.5950817108154297 0.4819533877902561 0.053638553619384764 0.11496353149414062
0 0.6082206323742867 0.4487428877088759 0.016441264748573305 0.0580000983344184
0 0.5198286056518555 0.6058133019341363 0.0642557144165039 0.10771094428168403
1 0.4113116800785065 0.5433084487915039 0.04846378564834595 0.07466239929199218
1 0.5217246294021607 0.7051568561130099 0.061956787109375 0.12009154425726996
1 0.38426593095064165 0.476404423183865 0.041783735156059265 0.059557130601671004
0 0.34748939275741575 0.5737725999620226 0.04886658191680908 0.08347803751627604
3 0.5953165888786316 0.4803414026896159 0.053394865989685056 0.11573316786024306
1 0.2888208866119385 0.665210935804579 0.05257925987243652 0.08232557508680556
0 0.2884662628173828 0.6655554877387153 0.052283096313476565 0.08166283501519098
1 0.2185210883617401 0.459971899456448 0.04171501398086548 0.04621657265557183
0 0.4807093620300293 0.5393165588378906 0.04813070297241211 0.07582736545138889
3 0.3475583165884018 0.8296485688951281 0.053254956007003786 0.34070286220974394
1 0.6474989557638764 0.7081829494900174 0.08746859543025494 0.12140536838107639
1 0.3909251093864441 0.6250638855828179 0.05463896989822388 0.10555960337320963
0 0.38459765911102295 0.48245756361219616 0.047855806350708005 0.07043575710720486
1 0.48109538555145265 0.53310669793023 0.04697937965393066 0.06489579942491319
0 0.5203512191772461 0.7072523328993056 0.06292266845703125 0.1178346421983507
1 0.5956160426139832 0.4836269378662109 0.05225861072540283 0.11026068793402778
1 0.5201844990253448 0.6054308997260199 0.06402209997177125 0.11149224175347222
3 0.21952927112579346 0.460416136847602 0.0433962345123291 0.04617720709906684
0 0.3380573630332947 0.7565614912245009 0.04111473560333252 0.1317977057562934
0 0.7149272441864014 0.5126195695665148 0.06763811111450195 0.05769399007161458
1 0.3478069305419922 0.5730348057217068 0.049135589599609376 0.0802491717868381
0 0.39392833709716796 0.5380289289686415 0.012143325805664063 0.07635887993706597
0 0.3915527820587158 0.636769527859158 0.055212879180908205 0.13215450710720486
1 0.7123557209968567 0.5125944561428494 0.06230878829956055 0.056933551364474824
0 0.33690154552459717 0.5150165345933703 0.043603515625 0.0451414320203993
