1 0.6213109731674195 0.676699161529541 0.08674468994140624 0.12501032087537978
1 0.7823480665683746 0.6507393413119846 0.0834830641746521 0.10354764726426867
1 0.473495352268219 0.6269829961988661 0.061129426956176756 0.0893916024102105
3 0.2608386218547821 0.8884037865532769 0.12198172807693482 0.21752861870659723
0 0.7012433052062989 0.543117184109158 0.058340930938720705 0.06446143256293403
1 0.7009439498186112 0.5413805749681261 0.05862430930137634 0.06663943396674263
1 0.5519170761108398 0.47472252315945096 0.056482696533203126 0.0691749996609158
3 0.486727836355567 0.7934174431694878 0.3116192765533924 0.3926260206434462
1 0.6207156419754029 0.5042397816975911 0.0550386905670166 0.05438249376085069
1 0.26125245094299315 0.8899186876085069 0.12415657043457032 0.21438530815972223
0 0.620988130569458 0.5058728535970052 0.054821014404296875 0.05673624674479167
1 0.8436909317970276 0.6214264763726128 0.08260257244110107 0.09478734334309896
1 0.46524704098701475 0.45122745831807454 0.03957077264785767 0.03960178163316515
0 0.4329653590917587 0.5820419735378689 0.04128196835517883 0.06734029981825086
0 0.8538921356201172 0.6181637658013238 0.062284088134765624 0.09274656507703993
3 0.28772698640823363 0.6211411582099067 0.05950615406036377 0.10801090664333768
0 0.620738935470581 0.6762757195366753 0.08294391632080078 0.11861809624565972
0 0.4730536460876465 0.6178802490234375 0.06669902801513672 0.11035987006293403
0 0.4589647650718689 0.5175841649373373 0.04526824951171875 0.060117212931315105
0 0.288250207901001 0.6058840857611762 0.059661579132080075 0.1318818834092882
1 0.2874135494232178 0.6213997311062283 0.059470605850219724 0.10621676974826388
0 0.3408129242132418 0.5381699668036567 0.0403923278907314 0.07583427429199219
0 0.28863298892974854 0.5056955125596788 0.04155244827270508 0.06345859103732639
0 0.46529216766357423 0.45054126315646703 0.040110325813293456 0.040351019965277776
1 0.45938930511474607 0.5173725975884331 0.045809173583984376 0.06361507839626736
0 0.5525088310241699 0.47630352444118923 0.055089378356933595 0.06912282307942709
0 0.526075667142868 0.5821561813354492 0.025681841373443603 0.08196648491753472
