1 0.6743521869182587 0.5731681187947592 0.07277311086654663 0.08166169060601128
0 0.5258052349090576 0.5724401685926649 0.0644862174987793 0.08197258843315972
0 0.31766351461410525 0.528566508822971 0.04107463359832764 0.06395250956217448
1 0.26010454893112184 0.8680642233954535 0.10911600589752198 0.20248078240288628
1 0.575972032546997 0.764610332912869 0.09689102172851563 0.1656442430284288
1 0.40064170956611633 0.6757346577114529 0.06945425271987915 0.10955431196424696
0 0.4007427215576172 0.6790299309624566 0.0686147689819336 0.10593227810329861
0 0.5750492095947266 0.7621722751193576 0.10015907287597656 0.16718987358940973
0 0.39512104988098146 0.4841651068793403 0.0503143310546875 0.06587863498263889
1 0.7660361886024475 0.5853878445095486 0.10901467800140381 0.08708996242947048
1 0.39468544721603394 0.4815184275309245 0.05076075792312622 0.06222415500217014
0 0.6744441986083984 0.5741753896077474 0.07174768447875976 0.08362045288085937
1 0.5259888470172882 0.570014582739936 0.06469515562057496 0.08669711218939888
3 0.5761135816574097 0.7632865481906467 0.09663257598876954 0.16984066433376735
0 0.2945735573768616 0.6385331259833442 0.05085747241973877 0.12775772942437066
0 0.7651406288146972 0.5863838619656033 0.1131582260131836 0.08578194512261285
0 0.2607314109802246 0.8655673556857639 0.10674800872802734 0.2065219455295139
3 0.4594588279724121 0.8216664314270019 0.2782926559448242 0.35666713714599607
1 0.3332678437232971 0.4784713798099094 0.07179853916168213 0.0556504037645128
