2 0.6518906474113464 0.34634967512554593 0.02793271541595459 0.04577138423919678
1 0.7187739223241806 0.5055105845133464 0.043734437227249144 0.07502509223090278
1 0.9432243824005127 0.7468029234144423 0.08742942810058593 0.15054283142089844
1 0.6354021750390529 0.45527892642551 0.03327021151781082 0.062031258477105035
1 0.6567763924598694 0.5449450069003635 0.046463942527770995 0.07628091176350911
1 0.25490585565567014 0.3593314568201701 0.030259919166564942 0.03731851047939724
1 0.7970438957214355 0.675283686319987 0.07450656890869141 0.11725421481662326
1 0.6812003910541534 0.4308650758531358 0.03440825939178467 0.059505589803059894
1 0.4931189358234406 0.4243018627166748 0.035758483409881595 0.05571499930487739
3 0.19021700024604798 0.49288817511664496 0.11243761777877807 0.20372657775878905
1 0.7051814466714859 0.736592886182997 0.08054184317588806 0.159772703382704
1 0.14920738339424133 0.6345790545145671 0.0750165581703186 0.10987656911214193
0 0.8674193859100342 0.7996149698893229 0.04177227020263672 0.11648500230577256
0 0.7883884489536286 0.7965654161241319 0.027102887630462646 0.11204605102539063
1 0.4694856286048889 0.40017857816484237 0.028375887870788576 0.0477907657623291
1 0.3001034498214722 0.6089954376220703 0.05553092956542969 0.09264551798502604
2 0.8343442916870117 0.5315361022949219 0.08996219635009765 0.15934872097439237
1 0.6660199403762818 0.39217619101206463 0.028206014633178712 0.045169369379679365
1 0.614170505758375 0.3493442217508952 0.02337171006947756 0.03440363142225478
0 0.8312387466430664 0.80701904296875 0.040894699096679685 0.1347435845269097
3 0.6492969393730164 0.11170683122343487 0.140024733543396 0.21960781514644623
1 0.5006749391555786 0.3197166297170851 0.02175858020782471 0.03392276499006483
0 0.9529808044433594 0.6590876685248481 0.02669968605041504 0.06544774373372396
3 0.07973315715789794 0.10331728193495009 0.1588736057281494 0.20663456386990017
1 0.6525348663330078 0.34682679706149633 0.029180526733398438 0.04727310604519314
3 0.9484423756599426 0.1132285883029302 0.1023751974105835 0.21483628551165262
1 0.6213223230093717 0.38593694104088677 0.028778914362192154 0.04273250897725423
1 0.6908834099769592 0.36397833824157716 0.023109745979309083 0.037897311316596134
1 0.7139894783496856 0.362052411503262 0.024792468547821044 0.03794593281216092
1 0.6238073255866766 0.4143921587202284 0.02782136872410774 0.04672627978854709
