1 0.9421283841133118 0.6923904101053874 0.09996426105499268 0.1052951176961263
0 0.2820173740386963 0.5820969899495443 0.051479244232177736 0.09040425618489584
0 0.5745787620544434 0.480993398030599 0.05593891143798828 0.06208665635850694
0 0.706014084815979 0.5126601960923937 0.028596830368041993 0.05741971333821615
1 0.7524658560752868 0.5676114612155491 0.06678962707519531 0.07394036187065972
1 0.8639758348464965 0.5846586121453179 0.07269148826599121 0.05054030948215061
0 0.6187080860137939 0.54444580078125 0.05511465072631836 0.06236809624565972
0 0.2395251512527466 0.4652147928873698 0.04168834686279297 0.06030349731445313
0 0.46370754241943357 0.44757936265733506 0.040000534057617186 0.054910363091362845
1 0.617499053478241 0.5440775129530165 0.05482361316680908 0.061772325303819445
1 0.4639313519001007 0.4485876931084527 0.04114986658096313 0.05158856709798177
1 0.720808470249176 0.514343982272678 0.05756683349609375 0.056621085272894965
1 0.6395522885024547 0.48326792187160916 0.04060096889734268 0.05071824391682943
0 0.6394305229187012 0.48670569525824653 0.03869895935058594 0.048523033989800346
0 0.4648935794830322 0.6078930324978299 0.07005777359008789 0.08331976996527778
1 0.33542016595602037 0.4238993326822917 0.030215331912040712 0.04298434787326389
0 0.7529194831848145 0.5632374657524957 0.06710376739501953 0.07760840521918402
0 0.941933536529541 0.6916942172580295 0.09959526062011718 0.10642920600043403
0 0.33275389671325684 0.42514299286736384 0.03646607398986816 0.042046981387668186
1 0.5739489197731018 0.48091778225368925 0.054612231254577634 0.06252195570203993
3 0.23877341747283937 0.46543049812316895 0.041588973999023435 0.06288879182603624
