3 0.5948177516460419 0.2187455071343316 0.25098949670791626 0.4374910142686632
1 0.3581354856491089 0.9319247775607639 0.14074645042419434 0.1303371853298611
3 0.14237718358635904 0.20409647623697916 0.2686944529414177 0.4081929524739583
0 0.023322539031505586 0.9046049329969618 0.04664507806301117 0.08931884765625
0 0.6274990845471621 0.6526178148057725 0.03398590311408043 0.050592464870876735
1 0.5555154800415039 0.693637318081326 0.04324812889099121 0.03494758605957031
1 0.6273156762123108 0.6534411748250325 0.03457586765289307 0.047051027086046006
1 0.15912680625915526 0.8884701199001737 0.2934295177459717 0.18248867458767362
0 0.604775040896493 0.6338210847642687 0.009377537068212405 0.03805029127332899
1 0.5955077409744263 0.6351074536641439 0.02838606834411621 0.039606327480740014
3 0.3749705135822296 0.9342830657958985 0.10699325799942017 0.1295193142361111
1 0.02294732064474374 0.9054994159274631 0.04469413696788251 0.09295624627007379
