0 0.5678513526916504 0.7549206203884549 0.09314537048339844 0.13490583631727432
1 0.7320820271968842 0.4901709344651964 0.05104798078536987 0.050812848409016925
1 0.8668636322021485 0.7027154604593913 0.11555266380310059 0.12789647844102647
1 0.8628778338432312 0.5158635881212023 0.07907178401947021 0.08348753187391493
3 0.4391120433807373 0.807432132297092 0.15441541671752929 0.37038981119791664
0 0.30928722620010374 0.521744622124566 0.04176957607269287 0.06036610073513455
1 0.7661660611629486 0.575701363881429 0.06507958173751831 0.07093702952067057
1 0.27657482624053953 0.6789371914333767 0.06310906410217285 0.11452136569552951
0 0.7325570106506347 0.4908696492513021 0.051408004760742185 0.05454254150390625
0 0.7131183385848999 0.48251389397515193 0.014133071899414063 0.04764289855957031
0 0.7665986537933349 0.5783531188964843 0.0675745964050293 0.07481808132595485
0 0.5757859706878662 0.4827930026584201 0.052713966369628905 0.0712445576985677
1 0.6147583603858948 0.5417566087510851 0.05367801189422607 0.06616592407226562
1 0.5659448683261872 0.7567425198025174 0.09415382146835327 0.1329049852159288
1 0.645728349685669 0.48645684454176163 0.06341018676757812 0.047680674658881296
3 0.5664416134357453 0.7568617078993055 0.09346731901168823 0.13298136393229168
0 0.8680549621582031 0.7075084262424045 0.11556930541992187 0.12658911810980902
0 0.3887022852897644 0.6629766888088651 0.022595429420471193 0.09575767517089843
0 0.26001567840576173 0.5481161965264214 0.04321274757385254 0.05756802029079861
0 0.2784125804901123 0.6762100643581814 0.06596269607543945 0.12411219278971354
0 0.2333804488182068 0.5168934504191081 0.037038350105285646 0.06080089145236545
3 0.34500390142202375 0.8090470102098253 0.049382802844047544 0.37624869876437717
1 0.5643888592720032 0.4666423585679796 0.07393386363983154 0.08464334275987413
1 0.2599362373352051 0.5514442019992405 0.04168963432312012 0.06405961778428819
0 0.5519298553466797 0.45383868747287326 0.04844970703125 0.05865275065104167
1 0.23325692415237426 0.5170581923590766 0.03768990039825439 0.06007361941867405
0 0.6377349734306336 0.4880965921613905 0.048943305015563966 0.04728102154201931
0 0.3624976396560669 0.42019564310709634 0.024143362045288087 0.03528035481770833
3 0.43636949360370636 0.663057518005371 0.12077438235282897 0.0934422387017144
