2 0.38499580379575493 0.60511900583903 0.11789978034794331 0.21198421054416233
1 0.17880979776382447 0.5967900170220269 0.06287600994110107 0.08790011935763889
1 0.44876055121421815 0.3990236070421007 0.03158427476882934 0.05145339965820313
1 0.30981266498565674 0.5925832960340712 0.04610586166381836 0.09699461195203993
1 0.2727078676223755 0.9503162384033204 0.12104706764221192 0.09936752319335937
1 0.5992805123329162 0.3687049018012153 0.026878046989440917 0.043465911017523874
1 0.23192707300186158 0.46793308258056643 0.03877885341644287 0.05772022671169705
1 0.33741987913963384 0.42316308551364473 0.034053558704908934 0.052828216552734376
1 0.3543071553111076 0.5067320929633247 0.03890788853168488 0.06858075459798177
1 0.2569274306297302 0.41057001219855416 0.03224689960479736 0.053042274051242407
1 0.05462925061583519 0.6307503382364908 0.07408271580934525 0.08946427239312066
1 0.4627790689468384 0.3597971386379666 0.024486351013183593 0.042446263631184894
1 0.7185477256774903 0.6219333224826389 0.07247390747070312 0.10819939507378472
1 0.5877792477607727 0.3302873108122084 0.022061085700988768 0.034249734878540036
3 0.3644899010658264 0.634581724802653 0.07102019786834717 0.30297145843505857
1 0.4168959468603134 0.35044399632347956 0.022263818979263307 0.039516719182332356
1 0.4015763521194458 0.41369446648491753 0.033901095390319824 0.0778260972764757
3 0.04394393087131902 0.10361420313517253 0.08738157509360463 0.20722840627034506
1 0.5681750774383545 0.4016477108001709 0.02949414253234863 0.056363285912407766
1 0.4068368822336197 0.3234360840585497 0.020533233880996704 0.03836045000288221
1 0.40835839211940766 0.3753228664398193 0.027415925264358522 0.03822295930650499
1 0.5620525360107422 0.34903269476360743 0.02428460121154785 0.04742441972096761
0 0.2675997018814087 0.931362067328559 0.11609368324279785 0.12668558756510417
0 0.5680825352668762 0.40052129957411026 0.03003871440887451 0.05785420735677083
1 0.43579529523849486 0.33250884347491794 0.022426033020019533 0.03788040214114719
3 0.6115467488765717 0.10947267744276258 0.2175315022468567 0.21894535488552516
1 0.736539649963379 0.3893720838758681 0.0498138427734375 0.05836707221137153
