0 0.70429527759552 0.4917577955457899 0.032034444808959964 0.055675845675998266
1 0.33654884099960325 0.3948040220472548 0.08572952747344971 0.07396549648708767
0 0.31099839210510255 0.521944088406033 0.044557046890258786 0.07427936130099827
1 0.7793980896472931 0.583190303378635 0.06612480878829956 0.07845119900173611
1 0.2719577193260193 0.828946770562066 0.11096179485321045 0.1882397969563802
3 0.659486961364746 0.9255838606092665 0.11962418556213379 0.14883227878146701
1 0.3736751556396484 0.6542256673177084 0.051514291763305665 0.10533472696940104
0 0.6345380783081055 0.46931482950846354 0.04845867156982422 0.0634749518500434
0 0.2711238622665405 0.8270616319444445 0.10986247062683105 0.18990580240885416
1 0.7180477350950241 0.4873775906032986 0.060590559244155885 0.06377605862087674
3 0.4492832750082016 0.4104886478847928 0.09228053689002991 0.12204426659478082
0 0.541973876953125 0.7141549004448785 0.07241554260253906 0.11444901360405815
0 0.4776923179626465 0.6089791191948785 0.05779829025268555 0.0816221449110243
1 0.44757781028747556 0.4013768090142144 0.09336862564086915 0.1036147223578559
1 0.5434249222278595 0.7119946585761177 0.07285584211349487 0.1114158206515842
0 0.37801802158355713 0.6530174255371094 0.05976681709289551 0.10285424126519097
1 0.9272901058197022 0.5618822627597385 0.05272507667541504 0.047608375549316406
0 0.7793434143066407 0.5836162990993924 0.0685464859008789 0.08023257785373264
3 0.4391796261072159 0.8300590303209093 0.08961634039878845 0.15559942457411025
0 0.6613198757171631 0.9269504123263889 0.12345943450927735 0.1436031765407986
0 0.4394082069396973 0.8198881361219618 0.08950996398925781 0.1836183336046007
1 0.6623746871948242 0.9280432807074652 0.12602272033691406 0.14315066867404513
3 0.5447737514972687 0.6837653266059027 0.07304285764694214 0.053448062472873266
1 0.4390273571014404 0.8177541944715712 0.08969459533691407 0.18489566379123265
0 0.9271751403808594 0.5533137851291232 0.05236740112304687 0.06693606906467015
0 0.3626126885414124 0.45956901974148223 0.030543828010559083 0.05491727193196615
1 0.3491649359464645 0.4461238013373481 0.057399600744247437 0.06603139241536458
0 0.33787126541137696 0.4045229170057509 0.08246145248413086 0.09144058227539062
1 0.4623078167438507 0.44557764265272354 0.05000747442245483 0.04714266459147135
