1 0.6703651070594787 0.5287511613633897 0.09618966579437256 0.1419517093234592
1 0.613073182106018 0.43095134099324545 0.08758411407470704 0.15389906565348307
1 0.21710731983184814 0.5567678769429525 0.13491897583007811 0.1865851296318902
0 0.7869202136993408 0.5461073769463434 0.03476243019104004 0.12296562194824219
3 0.23828892707824706 0.2655870861477322 0.059289741516113284 0.12267570495605469
1 0.4229727178812027 0.10859806802537707 0.02963230013847351 0.04692099889119466
1 0.4678961992263794 0.11154371367560492 0.030452919006347657 0.04644439485337999
3 0.18562443256378175 0.12004394796159533 0.05268197059631348 0.10803304778205024
1 0.5453802347183228 0.26271991729736327 0.050139665603637695 0.07785246107313368
1 0.48430404663085935 0.7643344455295139 0.22807178497314454 0.17536163330078125
1 0.02396368086338043 0.18832117716471355 0.04402904510498047 0.06758948432074653
1 0.5836919784545899 0.14525758955213758 0.041144800186157224 0.05064442952473958
1 0.028984408378619264 0.3769410808881124 0.05796312332149682 0.10726389620039198
0 0.8615104675292968 0.571620602077908 0.03965568542480469 0.1419559054904514
1 0.6747937232255936 0.4042484283447266 0.061547893285751346 0.10434477064344617
3 0.4998317390680313 0.647051625781589 0.21380822062492372 0.41699387232462565
1 0.5364462852478027 0.1653530756632487 0.038557577133178714 0.05495045979817708
0 0.7782169342041015 0.4469974093967014 0.03345813751220703 0.1204973856608073
2 0.6109464645385743 0.42957267761230467 0.09068088531494141 0.16200188530815973
1 0.2817214488983154 0.1475841522216797 0.04362545013427734 0.06183933681911892
1 0.5285648345947266 0.21538710064358182 0.04663863182067871 0.06557543012830946
0 0.5592403054237366 0.3747013833787706 0.027551722526550294 0.09681288401285808
0 0.9915879130363464 0.5621465894911024 0.016824173927307128 0.0907117207845052
1 0.9296015739440918 0.5170335133870443 0.1393707275390625 0.13498255411783855
3 0.3815830186009407 0.10761551062266032 0.037377592921257016 0.05803659756978353
3 0.6110186576843262 0.43115437825520836 0.08808708190917969 0.16072879367404513
1 0.6289510492235422 0.2956986043188307 0.03827468678355217 0.013619430859883626
1 0.38365036249160767 0.7593310250176324 0.03255174160003662 0.11713413662380642
1 0.619275438785553 0.250205749935574 0.05988609790802002 0.10454315609402126
1 0.5514120817184448 0.2954627017180125 0.040927886962890625 0.013147625658247206
3 0.23259926438331605 0.03157444422443708 0.13699601888656615 0.060325826042228275
1 0.23882882595062255 0.30386390500805444 0.05484580993652344 0.0295079215326243
