1 0.6173867464065552 0.5306406868828668 0.07580466270446777 0.07628296746148003
1 0.9024317026138305 0.5446951124403212 0.07756128311157226 0.07958552042643229
3 0.5566415071487427 0.7552394655015734 0.08804917335510254 0.12885280185275608
0 0.3851058602333069 0.672794395022922 0.029684281349182128 0.10904962751600478
0 0.462474524974823 0.4699742635091146 0.03768653869628906 0.04942728678385417
1 0.950274658203125 0.6080671098497179 0.08581275939941406 0.09259134928385417
0 0.4097103327512741 0.4507744047376845 0.03324618935585022 0.04724354214138455
0 0.9492551803588867 0.6102805667453342 0.08439445495605469 0.09297383626302083
0 0.5557998180389404 0.756886461046007 0.08799276351928711 0.12272440592447917
0 0.7625834941864014 0.5830563015407986 0.06646623611450195 0.08226386176215278
0 0.37709228992462157 0.5141779157850478 0.04414114952087402 0.06198391384548611
1 0.503996753692627 0.4620338439941406 0.03276767730712891 0.04862645467122396
0 0.546718168258667 0.43420062594943576 0.03856477737426758 0.05376010470920139
0 0.5041285753250122 0.4627745734320747 0.03207352161407471 0.04834743075900608
1 0.24822572469711304 0.5254109276665582 0.04293224811553955 0.07035319010416667
0 0.32577718496322633 0.5017338116963704 0.010929369926452636 0.07034791310628255
1 0.761213880777359 0.5788533740573459 0.06423152685165405 0.07348899841308594
3 0.4025651291012764 0.6682569079928928 0.0661423534154892 0.11404609680175781
1 0.37736332416534424 0.5144256591796875 0.044137096405029295 0.06104121738009983
0 0.396263587474823 0.4583158122168647 0.007472825050354004 0.04655277464124891
0 0.24558768272399903 0.5263789282904731 0.04786863327026367 0.07325430976019966
1 0.30484551191329956 0.5088423834906683 0.05151917934417725 0.07624443901909722
0 0.2619971871376038 0.4372190422481961 0.033633971214294435 0.03899929258558485
1 0.5565698623657227 0.7561482747395833 0.0896697998046875 0.12222730848524306
0 0.30086870193481446 0.5083497789171006 0.05949554443359375 0.08269246419270833
1 0.26260842084884645 0.43695193926493325 0.03472931385040283 0.03856893115573459
3 0.4425255388021469 0.9188286463419596 0.11762188076972961 0.15407583448621961
3 0.7922176718711853 0.9040931701660156 0.1616570234298706 0.17893608940972222
3 0.30490329265594485 0.5079191207885743 0.0520599365234375 0.0759063720703125
