1 0.6767875600606204 0.9226488749186198 0.13363701328635216 0.1427324930826823
1 0.8137223482131958 0.6672527313232421 0.08180770874023438 0.08451063368055556
1 0.6092904925346374 0.6352596812778049 0.07558939456939698 0.11840131547715929
1 0.9367624282836914 0.6649201816982693 0.08975296020507813 0.10345880720350477
1 0.7688835740089417 0.575523567199707 0.0626457929611206 0.07767685784233941
1 0.5550918936729431 0.5065850575764974 0.04658329486846924 0.0553070068359375
1 0.6647247076034546 0.5207028918796115 0.06350822448730468 0.05620994567871094
0 0.7685603141784668 0.577482181125217 0.06263351440429688 0.08078816731770834
1 0.4820918679237366 0.6390025456746419 0.057755041122436526 0.09018499586317275
1 0.3815084919333458 0.634386846754286 0.05814260542392731 0.10217891269259982
0 0.9378178596496582 0.6650422837999131 0.09014644622802734 0.10466427273220485
0 0.8131328582763672 0.6709163241916233 0.0843313217163086 0.09695892333984375
0 0.46602567434310915 0.46781895955403646 0.035693931579589847 0.05215886433919271
1 0.4306626707315445 0.5658749262491862 0.0515866219997406 0.07489085727267795
0 0.5545813560485839 0.5065914577907986 0.04791469573974609 0.05827314588758681
0 0.431397819519043 0.5669862535264757 0.05301189422607422 0.07707604302300347
0 0.38104877471923826 0.6397384643554688 0.057763290405273435 0.11482137044270833
1 0.33440773487091063 0.5414064831203884 0.04721732139587402 0.06689351399739583
0 0.3356392621994019 0.5440454271104601 0.05046877861022949 0.07182634141710069
0 0.6106967449188232 0.6346875932481554 0.07580289840698243 0.11521174112955729
1 0.39041095077991483 0.43903456264071994 0.03599397540092468 0.04079631169637044
0 0.6715348243713379 0.5587057325575087 0.059882736206054686 0.12261437310112847
0 0.25552799701690676 0.4836076259613037 0.03607492446899414 0.047798803117540145
1 0.6771887183189392 0.5808669832017687 0.049312281608581546 0.07231983608669705
0 0.38600157499313353 0.4381626447041829 0.02799685001373291 0.041754065619574655
0 0.48264570236206056 0.6405838012695313 0.06304149627685547 0.09141455756293403
0 0.44402761459350587 0.7982223510742188 0.0810892105102539 0.1562625461154514
3 0.3492258548736572 0.4938245349460178 0.03843255043029785 0.04605115254720052
0 0.34961589351296424 0.49443628523084854 0.04045885056257248 0.04739651150173611
1 0.25606163740158083 0.4830392201741536 0.03653609752655029 0.04647267659505208
1 0.3490457247942686 0.49404822455512154 0.03873420730233192 0.04643825954861111
