1 0.67874516248703 0.40975662337409124 0.03229591846466064 0.05102711783515083
1 0.2687907099723816 0.43637288941277397 0.033851027488708496 0.05382180743747288
2 0.7708284437656403 0.43868474430508086 0.060356080532073975 0.11222109264797635
1 0.6308826327323913 0.4260642687479655 0.03177311420440674 0.05238895416259766
1 0.7014408349990845 0.7170862621731229 0.07783968448638916 0.15779380798339843
1 0.7116019606590271 0.5161501036749946 0.0174210786819458 0.0770488527086046
0 0.8315140962600708 0.5273406982421875 0.021382236480712892 0.07300711737738716
0 0.7874589204788208 0.7937717649671766 0.02660508155822754 0.11798693339029948
1 0.4000209242105484 0.5550179587470161 0.054120248556137084 0.08657438490125868
1 0.8615219593048096 0.6172723982069227 0.06785750389099121 0.12110731336805555
1 0.6168690467253327 0.3880112727483114 0.02562694065272808 0.0452198929256863
1 0.38629310876131057 0.6707269138760037 0.06244741380214691 0.11872437795003256
1 0.45260838270187376 0.41133378876580134 0.032802772521972653 0.056196011437310116
1 0.6529658898711205 0.3726207176844279 0.027169743180274965 0.043806526396009654
0 0.8673402070999146 0.7984428829616971 0.043779516220092775 0.12330254448784722
3 0.09730036705732345 0.6433916303846571 0.09986592829227448 0.3399706522623698
3 0.07848777174949646 0.10460581249660916 0.15697554349899293 0.20921162499321833
1 0.3812752187252045 0.9626649220784506 0.12192543745040893 0.07251925998263889
0 0.8275442719459534 0.8013572480943468 0.025423407554626465 0.11683531867133247
1 0.5045640945434571 0.318304979801178 0.02084648609161377 0.032295425732930504
3 0.6793969750404358 0.3334738724761539 0.02281997203826904 0.05369707875781589
1 0.7714537620544434 0.44455379909939235 0.06529445648193359 0.0989108615451389
1 0.6461557745933533 0.3463688333829244 0.024167513847351073 0.03760369353824192
2 0.631039810180664 0.31274494644668366 0.0289581298828125 0.04147632287608253
3 0.6494808197021484 0.11079490449693467 0.13969597816467286 0.21729225582546657
1 0.2823230028152466 0.40628430048624675 0.028600692749023438 0.0488791995578342
0 0.6051034215837717 0.7364374372694228 0.00994940772652626 0.08416476779513889
