3 0.7393632866442204 0.2235027356280221 0.2609593912959099 0.43983255161179435
0 0.6477399587631225 0.665443378024631 0.03442459106445313 0.04585910373263889
3 0.14270425569266082 0.20446802775065104 0.2737608287483454 0.4089360555013021
3 0.4006786191835999 0.8870349248250325 0.1500007700175047 0.20893821716308594
0 0.621101188659668 0.6500553343031141 0.022958135604858397 0.03805800543891059
0 0.5795145273208618 0.6464240180121528 0.027802085876464842 0.04616360134548611
1 0.16697705984115602 0.8206536610921223 0.09146316051483154 0.09944381713867187
0 0.5389187633991241 0.6801835166083442 0.04236029386520386 0.056451712714301217
1 0.403352689743042 0.8901304456922743 0.15231142044067383 0.2071963840060764
1 0.5694608092308044 0.7918885760837131 0.0843041181564331 0.09565594991048178
1 0.44216581583023074 0.7562177234225803 0.07420895099639893 0.11981866624620226
3 0.557653832435608 0.22171397738986545 0.29535489082336425 0.3977329678005642
0 0.44053945541381834 0.7714739481608073 0.07258758544921876 0.10553181966145833
1 0.5392520606517792 0.6798112869262696 0.042584574222564696 0.05693846808539497
0 0.684528312087059 0.6292288038465712 0.023938339948654175 0.044225650363498265
0 0.5694769382476806 0.7938753763834635 0.08318700790405273 0.09372456868489583
0 0.7154282331466675 0.6436697218153212 0.041482281684875486 0.05341932508680555
1 0.6225503921508789 0.6500162018669976 0.02493910789489746 0.0385881847805447
0 0.6063025936484336 0.8082131703694662 0.012605187296867371 0.0904173109266493
3 0.026073210244067013 0.34243894894089966 0.0512819433119148 0.10498528588149282
