1 0.7547721624374389 0.6227198706732856 0.07588357925415039 0.08204294840494791
1 0.6558544538915158 0.5181396484375 0.06372005492448807 0.08016560872395834
1 0.8603089570999145 0.6352193196614583 0.09090175628662109 0.08980441623263889
0 0.32435959577560425 0.5344313727484808 0.03731558322906494 0.058960639105902775
1 0.9482537150382996 0.6220887078179254 0.09492852687835693 0.07927898830837674
0 0.2316495180130005 0.5062696244981554 0.04706282615661621 0.0745650397406684
0 0.6787009239196777 0.7293841891818577 0.10032081604003906 0.1442071278889974
1 0.6975754618644714 0.4727968215942383 0.044155430793762204 0.06132884555392795
0 0.6988927841186523 0.4746225145128038 0.04369640350341797 0.05861087375217014
1 0.7692108631134034 0.8491541544596354 0.12854738235473634 0.1903594970703125
0 0.5646834135055542 0.48332107861836754 0.046187210083007815 0.04735150867038303
1 0.4722967267036438 0.46421012878417967 0.04818081855773926 0.05361294216579861
0 0.3027554750442505 0.6463943905300564 0.05677614212036133 0.10184046427408854
0 0.3715136244893074 0.4355529414282905 0.036021313071250914 0.038668219248453775
0 0.3681494235992432 0.5209939320882161 0.0628117561340332 0.0784929911295573
1 0.6784894362092018 0.7310783386230468 0.09464225471019745 0.14807205200195311
1 0.37450302839279176 0.5143016709221734 0.0481759786605835 0.07281335194905598
0 0.6569474220275879 0.518171140882704 0.06264305114746094 0.07595960828993055
0 0.8607769966125488 0.6362493726942274 0.09037361145019532 0.09374491373697917
3 0.29455419778823855 0.8136437310112847 0.21089160442352295 0.3592877705891927
1 0.3767444729804993 0.5999757236904568 0.045176243782043456 0.07022923363579645
0 0.42564153075218203 0.5651438183254666 0.05032259225845337 0.0745513916015625
1 0.30135211944580076 0.6442293696933322 0.05504021644592285 0.09887180328369141
0 0.44050064086914065 0.7638423495822483 0.07462863922119141 0.14460957845052083
3 0.2323082208633423 0.5049280590481229 0.045621633529663086 0.07199486626519097
1 0.5659582138061523 0.4820659849378798 0.050969505310058595 0.048443900214301214
3 0.674614405632019 0.7324259016248915 0.08817367553710938 0.1458367241753472
0 0.37762251794338225 0.5996677610609267 0.04799711108207703 0.0696175045437283
1 0.23235169649124146 0.5056974834865994 0.0460798978805542 0.07326376173231337
3 0.4411259025335312 0.7662064658270942 0.07447565197944642 0.13774901496039496
0 0.6196971416473389 0.46601392957899307 0.06256780624389649 0.07540062798394097
0 0.7544427394866944 0.6225620693630642 0.07431964874267578 0.08274366590711806
0 0.4711277008056641 0.47685911390516494 0.04981174468994141 0.07913055419921874
3 0.7689108312129974 0.849568960401747 0.12796913385391234 0.1842460208468967
0 0.32472551010432654 0.6442682690090603 0.008557339163962752 0.09006046719021267
