3 0.7383503317832947 0.222852524701092 0.26098792552947997 0.44219328976339767
1 0.6973883986473084 0.724893315633138 0.05684585571289062 0.07004631890190972
1 0.5247160375118256 0.7302714665730794 0.055905163288116455 0.06680827670627171
3 0.14108526948839425 0.2027364730834961 0.27357606403529644 0.4054729461669922
3 0.6898833513259888 0.6086445596483019 0.045599365234375 0.07388061947292751
3 0.4586651660501957 0.2066705067952474 0.26321270912885664 0.4133410135904948
1 0.6388758294284343 0.6635110219319661 0.04634329229593277 0.03716727362738715
3 0.46404505502432586 0.8143072234259712 0.2779542300850153 0.3713855531480577
0 0.6530706882476807 0.6717357211642795 0.017258453369140624 0.04690458509657118
0 0.683694314956665 0.6983644273546007 0.023458540439605713 0.025493367513020834
