0 0.7574054718017578 0.5673310173882379 0.06243133544921875 0.07457292344835069
0 0.5768285751342773 0.853715091281467 0.0992136001586914 0.15028906928168403
0 0.4934483528137207 0.47779052522447374 0.04464766979217529 0.05695908864339193
0 0.41953067779541015 0.7619212680392795 0.07236566543579101 0.13018069797092013
1 0.9353661298751831 0.6520383093092177 0.10884170532226563 0.13289051055908202
0 0.5816317558288574 0.45743192036946617 0.05331268310546875 0.06521962483723959
0 0.3833236560225487 0.5225042555067274 0.044708946347236635 0.05826759338378906
1 0.7572415173053741 0.5667667071024577 0.06211627721786499 0.07640679677327473
1 0.5818371653556824 0.45996555752224394 0.05265982151031494 0.06247338189019097
1 0.4205182671546936 0.7650485356648763 0.07351405620574951 0.13359769185384116
0 0.5211935043334961 0.5703504774305556 0.06219635009765625 0.08391689724392361
1 0.5210583567619324 0.5678672366672092 0.057067036628723145 0.08211890326605903
0 0.46306891441345216 0.537015766567654 0.028999733924865722 0.062464269002278645
0 0.284969687461853 0.6682417763604058 0.05196456909179688 0.08542942470974392
0 0.6205391883850098 0.6703826480441624 0.07322063446044921 0.08640246921115452
0 0.6039233341813087 0.46666545867919923 0.007618001103401184 0.058199776543511286
3 0.57719486951828 0.8528987884521484 0.09869554042816162 0.14888746473524306
1 0.3757912516593933 0.5845484097798666 0.04715607166290283 0.07929363250732421
1 0.8617141366004943 0.5356021245320638 0.038764023780822755 0.03897505866156684
1 0.3111151933670044 0.5139652887980143 0.03679647445678711 0.05746214124891493
0 0.9365064620971679 0.6550343831380209 0.11017494201660157 0.12929467095269098
3 0.29848764538764955 0.7977574348449707 0.20302470922470092 0.3913540098402235
0 0.3765216454863548 0.5855146302117242 0.04884116947650909 0.08014214833577474
0 0.3110093355178833 0.5137407938639323 0.03712754249572754 0.060998789469401044
1 0.4934590578079224 0.4778217951456706 0.04505977630615234 0.0573645273844401
1 0.5779323220252991 0.853265889485677 0.09731695652008057 0.14839062160915797
0 0.6354920387268066 0.5619277954101562 0.055438804626464847 0.09195149739583333
3 0.31145803928375243 0.5141687393188477 0.038189268112182616 0.060075675116644967
0 0.3938169479370117 0.7369797600640191 0.012366104125976562 0.08755213419596354
3 0.41972110569477084 0.7659172270033094 0.07353031039237976 0.1322307586669922
