1 0.2574918270111084 0.9266619364420573 0.16377105712890624 0.14667612711588543
3 0.5949772834777832 0.219027582804362 0.2506704330444336 0.438055165608724
1 0.6336008369922638 0.6999348746405707 0.050851213932037356 0.058007431030273435
3 0.1420726276934147 0.20477316114637586 0.2679726168513298 0.40954632229275173
0 0.5681995272636413 0.6531985812717014 0.02543480396270752 0.031798638237847225
1 0.6748787432909011 0.78068421681722 0.07451769709587097 0.09211167229546441
0 0.7043976664543152 0.6542055341932509 0.031403422355651855 0.056250678168402776
1 0.45004706978797915 0.7447858174641927 0.05743938684463501 0.06969273885091146
0 0.5793604016304016 0.6867858250935872 0.03952414989471435 0.04507916768391927
2 0.2567627489566803 0.9327337053087023 0.16529277563095093 0.13191104465060763
1 0.5793981552124023 0.6879445393880208 0.04046311378479004 0.04435178968641493
0 0.7299634635448455 0.6344437705145942 0.027204072475433348 0.0409293704562717
3 0.2550377488136292 0.9258101993136936 0.1662745237350464 0.14168158637152778
3 0.47610666751861574 0.8114828215705023 0.31158833503723143 0.3770343568589952
0 0.6746083259582519 0.7793716430664063 0.0733755111694336 0.09006788465711806
