1 0.6837751030921936 0.5776879946390788 0.05806839466094971 0.1069978290134006
1 0.20083982944488527 0.8204645792643229 0.11278328895568848 0.1610690646701389
1 0.38073900267481803 0.7269077724880643 0.08120540529489517 0.13060938517252604
1 0.2974865913391113 0.8923116048177083 0.10086193084716796 0.16744350857204862
1 0.44724424481391906 0.41880833307902016 0.03180686235427856 0.05387439727783203
1 0.42488970160484313 0.5687116516960992 0.05214236974716187 0.09145921071370443
1 0.27505520582199094 0.5106170866224501 0.049621415138244626 0.0760872311062283
1 0.5954110741615295 0.36606904930538603 0.02720167636871338 0.04143611590067545
1 0.5834561944007873 0.45419260130988226 0.038852477073669435 0.0741695933871799
1 0.2709629058837891 0.6647200266520182 0.07879467010498047 0.12302474975585938
1 0.3523760434240103 0.5139146380954318 0.04412790611386299 0.073443603515625
0 0.4035509884357452 0.429731559753418 0.01615922451019287 0.054992887708875865
1 0.19061867594718934 0.41714001231723363 0.03291589021682739 0.046565384334988066
1 0.3725870564579964 0.46340281698438857 0.03950749337673187 0.06477977964613173
0 0.4176466792821884 0.44809018241034615 0.015105253458023072 0.05995951758490668
0 0.7225183129310608 0.5028592003716363 0.019155168533325197 0.06689198811848958
0 0.6331820726394654 0.39560233222113717 0.014906930923461913 0.04768057929144965
0 0.6744558423757553 0.44665569729275173 0.01776636242866516 0.0561080084906684
0 0.7633771538734436 0.5037768681844076 0.017932653427124023 0.0705592261420356
1 0.3805455446243286 0.37296712663438586 0.02706493139266968 0.044904073079427086
1 0.2715717315673828 0.41327848964267305 0.03487038612365723 0.05163293414645725
0 0.857203483581543 0.86529541015625 0.047731781005859376 0.1384039984809028
1 0.42636807560920714 0.35846411916944715 0.027032148838043214 0.04241726133558485
0 0.3355149421840906 0.47352854940626354 0.01684988960623741 0.0599954711066352
3 0.6351041078567505 0.8138581699795193 0.16537413597106934 0.37228366004096136
0 0.21374475955963135 0.36318854226006403 0.01317601203918457 0.041630999247233076
0 0.3468960292637348 0.37683862315283884 0.011251251399517059 0.042334763209025066
1 0.19699574112892151 0.3503098487854004 0.026434028148651124 0.03892319997151693
1 0.5529674291610718 0.3449390172958374 0.021923255920410157 0.03949557940165202
0 0.42029333114624023 0.32918806738323636 0.011726760864257812 0.03307484255896674
0 0.008298423589440062 0.5373524453904893 0.016407335398253054 0.0713600370619032
2 0.6131237745285034 0.31493398983859355 0.029520606994628905 0.05091978497803211
2 0.14893734455108643 0.52080078125 0.07190558910369874 0.17981330023871528
3 0.6132764101028443 0.3147511816014432 0.029897022247314452 0.0514976363732583
3 0.7154944717884064 0.9516322241889106 0.11902631521224975 0.0944790310329861
0 0.026598918437957763 0.9170137193467882 0.053197836875915526 0.14829559326171876
