1 0.35617568492889407 0.8103890736897786 0.08583316802978516 0.15533938937717015
0 0.768517690896988 0.7031633377075195 0.02453426122665405 0.10189942253960503
1 0.653309452533722 0.5158948474460178 0.04757759571075439 0.08967064751519097
1 0.41572130024433135 0.605644268459744 0.05975791811943054 0.10386233859592015
1 0.23825340270996093 0.7341656155056424 0.09187630414962769 0.14312544928656684
1 0.4408966302871704 0.448021576139662 0.03434123992919922 0.0581247435675727
0 0.7041274309158325 0.4738287713792589 0.017040729522705078 0.05846754709879557
1 0.24431179761886596 0.557548459370931 0.056882500648498535 0.08476066589355469
1 0.25662888288497926 0.43715173403422036 0.03913857936859131 0.05638161765204536
1 0.35965580940246583 0.4925658914777968 0.04296011924743652 0.06459669537014431
1 0.4190839558839798 0.37517245875464544 0.02911941409111023 0.04582997957865397
1 0.18003780245780945 0.4339923964606391 0.03457549810409546 0.05078290303548177
0 0.3153910875320435 0.5122118843926324 0.020430517196655274 0.06280008951822917
1 0.3704934358596802 0.39013783931732177 0.028922176361083983 0.047110329733954535
1 0.5902770638465882 0.35602636337280275 0.02558600902557373 0.03902061250474718
1 0.5716642022132874 0.40697188642289905 0.03245069980621338 0.058526362313164604
0 0.6236132577061653 0.3785260518391927 0.0146832674741745 0.045203314887152776
1 0.3350497007369995 0.5483106401231553 0.056249380111694336 0.09335861206054688
0 0.40988941490650177 0.48032491472032335 0.018422621488571166 0.06515286763509115
0 0.7438353776931763 0.48219517601860895 0.017539715766906737 0.061224407619900174
0 0.33822981975972655 0.3875680896970961 0.012841183692216873 0.049145979351467556
0 0.41516067981719973 0.3406479305691189 0.011583256721496581 0.03779799143473307
0 0.661470913887024 0.42222809261745875 0.016661930084228515 0.050591532389322916
1 0.26318509578704835 0.965659311082628 0.10484695434570312 0.06799193488226997
0 0.3994170069694519 0.45853526327345107 0.01589258909225464 0.05982385211520725
1 0.4665527522563934 0.3056941816790236 0.018777239322662353 0.03148588811357816
0 0.21193093061447144 0.3816820780436198 0.012238144874572754 0.046391465928819445
1 0.20655025839805602 0.36072325176662867 0.026927196979522706 0.03937466939290365
1 0.6647721290588379 0.7691175672743056 0.08575725555419922 0.15882331000434027
3 0.6043568015098572 0.10870099597507053 0.20927131175994873 0.21740199195014107
3 0.6703698754310607 0.7060593605041504 0.09759042263031006 0.28906561533610026
0 0.4352896332740784 0.3065436223314868 0.009109997749328613 0.03204928653107749
3 0.09131445884704589 0.5954627990722656 0.09010758399963378 0.16773952907986112
1 0.13972120285034179 0.9222378836737739 0.13922786712646484 0.15552423265245224
1 0.5487261652946472 0.32980858683586123 0.021479487419128418 0.03872709936565823
0 0.021722941473126412 0.5255641513400607 0.02328318580985069 0.06900914510091145
0 0.1184731125831604 0.6300973892211914 0.03293108940124512 0.09512858920627171
3 0.9142768979072571 0.9642617543538411 0.10463378429412842 0.07110977172851562
3 0.048971385369077323 0.10296159320407444 0.09568710206076503 0.20592318640814888
0 0.3925276637077332 0.6182797961764865 0.014944672584533691 0.09571825663248698
3 0.918763792514801 0.1108115726047092 0.15985538959503173 0.2193348354763455
