1 0.6708353124558926 0.5295436806148953 0.09611020833253861 0.14044343100653756
1 0.5906709551811218 0.3977951579623752 0.08149950504302979 0.14879368676079643
1 0.31343458890914916 0.2486234982808431 0.05025484561920166 0.08097290462917751
1 0.4917521893978119 0.20140014754401314 0.03974860906600952 0.06448371675279406
3 0.1733432412147522 0.1717617882622613 0.06974618434906006 0.15460856755574545
1 0.18701536655426027 0.6015242682562933 0.16265554428100587 0.18181491427951388
0 0.6971854239702224 0.4373558892144097 0.02284390330314636 0.10186742146809896
1 0.5342151343822479 0.30641920301649306 0.05273700952529907 0.09466323852539063
1 0.030962497740983964 0.3137148751152886 0.04922997802495956 0.04886309305826823
0 0.6873109996318817 0.33289733462863497 0.02191610336303711 0.08369017706976997
1 0.8723582267761231 0.4875770568847656 0.10033016204833985 0.13407329983181424
1 0.7589532375335694 0.8000998602973091 0.28113431930541993 0.21517740885416667
0 0.7221441268920898 0.37683190239800346 0.0242645263671875 0.09147576226128472
0 0.7891670227050781 0.4910412258572049 0.03263664245605469 0.1371856689453125
1 0.39900837540626527 0.08220086892445883 0.025297462940216064 0.04056391716003418
3 0.25652422904968264 0.41129273308648 0.07824878692626953 0.16484273274739583
1 0.47664548754692077 0.15891674359639485 0.03670257329940796 0.05878224902682834
3 0.7614425327628851 0.812779606713189 0.30269934609532356 0.37444078657362195
1 0.4233487695455551 0.07639786667293973 0.025747185945510863 0.040435912874009876
1 0.5542737603187561 0.19747891426086425 0.043413329124450686 0.07335021760728624
1 0.5131399810314179 0.11299473444620768 0.033500063419342044 0.04509788089328342
1 0.6014589667320251 0.3101371341281467 0.05450751781463623 0.06954222785101996
2 0.5904701948165894 0.3991091873910692 0.08020133972167968 0.14546050230662028
1 0.4812083065509796 0.1196226331922743 0.031140053272247316 0.04738525814480252
0 0.9924588203430176 0.562760755750868 0.015082359313964844 0.09002168443467883
