2 0.8757610321044922 0.6287965562608507 0.08383426666259766 0.15357682969835068
1 0.8674896240234375 0.8031646304660374 0.09766144752502441 0.1541015625
0 0.35583560094237326 0.7720978630913629 0.03084629327058792 0.1052657233344184
1 0.11092658340930939 0.6649555842081706 0.08101522326469421 0.1031760745578342
1 0.2680412769317627 0.8631800121731228 0.10459761619567871 0.15506290859646268
1 0.786599063873291 0.6418045467800564 0.06983180046081543 0.11401146782769098
1 0.2374575912952423 0.6720260620117188 0.08036888837814331 0.10724555121527778
0 0.3640803053975105 0.5334213256835938 0.021910902857780457 0.0711568620469835
1 0.7375856816768647 0.5593036439683702 0.0497357964515686 0.08414471944173177
1 0.7308757781982422 0.8612784491644965 0.09620628356933594 0.17675272623697916
1 0.9494174242019653 0.76775451236301 0.09169969558715821 0.13385497199164498
0 0.4038871586322784 0.5455614937676324 0.023091435432434082 0.07404098510742188
1 0.6752804756164551 0.6405209435356988 0.062342071533203126 0.1059676276312934
0 0.3370918486267328 0.49794481065538193 0.02174665853381157 0.06572808159722222
0 0.47912253737449645 0.35460045337677004 0.01316317319869995 0.03796952035692003
1 0.649523401260376 0.37171563307444255 0.02603302001953125 0.04589944945441352
1 0.6502642631530762 0.5164276970757379 0.04868625402450562 0.1194186740451389
0 0.10864075124263764 0.5721135245429145 0.01911621689796448 0.07023014492458768
1 0.7625856876373291 0.47454519271850587 0.03900778293609619 0.059246296352810326
3 0.7007352471351623 0.46620657179090713 0.03847014904022217 0.1270014444986979
1 0.625218415632844 0.4342320442199707 0.04093206450343132 0.05640502505832248
0 0.765524011850357 0.42292630937364367 0.01768859624862671 0.04992162916395399
0 0.7856786727905274 0.5595819261338976 0.020599555969238282 0.059353340996636285
3 0.08369825482368469 0.10892283121744792 0.16739650964736938 0.21784566243489584
1 0.6198426768183708 0.38959987428453235 0.02793620526790619 0.04666953616672092
3 0.6616580951493234 0.11109992133246528 0.12141807312145829 0.22219984266493056
1 0.4995585262775421 0.31687089999516804 0.02109633684158325 0.03285142315758599
1 0.7096321314573288 0.48722640143500434 0.04450703263282776 0.08103417290581597
2 0.7005860090255738 0.46639934645758735 0.0391876220703125 0.12128739886813694
1 0.42336764335632326 0.7356870863172743 0.09686765670776368 0.18578609890407985
1 0.7888240098953248 0.49868410428365073 0.050474023818969725 0.06742696762084961
3 0.42993191778659823 0.67725617090861 0.09963096976280213 0.3064533869425456
1 0.6113970021891874 0.3607833464940389 0.022465277614537628 0.03771686024136013
3 0.6643497467041015 0.7869926982455784 0.11079964637756348 0.3297323226928711
3 0.9463870406150818 0.11488492124610478 0.10582883358001709 0.21599173214700487
0 0.6050728056579828 0.7317340850830079 0.009969422966241837 0.09160359700520833
1 0.958438777923584 0.9673866271972656 0.08312244415283203 0.06522674560546875
1 0.21915630102157593 0.3432761391003927 0.02293980121612549 0.024945102797614204
1 0.8165288925170898 0.5417579227023654 0.05307483673095703 0.09191012912326389
