1 0.4127612501382828 0.7374357223510742 0.061881464719772336 0.07489314609103732
0 0.021866871416568755 0.8833514743381077 0.04343293607234955 0.09330105251736111
1 0.2543869256973267 0.931909688313802 0.15690722465515136 0.13454657660590277
1 0.3356473922729492 0.8323537826538085 0.09326033592224121 0.0947745853000217
3 0.5940209627151489 0.21588331858317059 0.25258307456970214 0.4308216094970703
0 0.6210968255996704 0.6850461959838867 0.04219365119934082 0.06160833570692274
0 0.5654484987258911 0.666180419921875 0.03783669471740723 0.04976916842990452
1 0.1982044458389282 0.8540212207370335 0.1016916275024414 0.1056797875298394
1 0.5662108421325683 0.8297215779622396 0.09615116119384766 0.10526767306857639
0 0.39109296798706056 0.7444805145263672 0.017814064025878908 0.06837022569444444
1 0.6210585832595825 0.6849892934163412 0.04331221580505371 0.05789167616102431
3 0.1401304244995117 0.2047891616821289 0.27396583557128906 0.4095783233642578
0 0.19726399183273316 0.8537114461263021 0.10263216495513916 0.11324055989583333
1 0.5655545115470886 0.6664482434590657 0.03806579113006592 0.0505154291788737
2 0.2538255751132965 0.9344308429294162 0.15699509382247925 0.13113831414116753
3 0.5656858086585999 0.8313754823472764 0.09410750865936279 0.10186958312988281
3 0.021441360423341393 0.8846900939941407 0.040797950606793164 0.09137259589301215
0 0.34801905155181884 0.837103525797526 0.06871848106384278 0.08741573757595486
0 0.6274698838591576 0.7517038981119791 0.02823297679424286 0.07692303127712674
0 0.5933550715446472 0.6719989776611328 0.020259499549865723 0.05583309597439236
