2 0.9243636012077332 0.7159506585862901 0.15114052295684816 0.2886469311184353
1 0.6600232720375061 0.5013882478078207 0.043139195442199706 0.07106459935506185
1 0.5890047430992127 0.47219665315416126 0.03902637958526611 0.06561319563123914
1 0.26113157272338866 0.4304844379425049 0.04173874855041504 0.06667985916137695
1 0.36003388166427613 0.7612590154012044 0.07773621082305908 0.12695664299858941
1 0.2462121844291687 0.7394752502441406 0.08240907192230225 0.12761798434787328
1 0.6393498778343201 0.44091016981336806 0.03476512432098389 0.060871251424153644
1 0.6261399829294533 0.5672434488932292 0.0503163886256516 0.08656798468695746
1 0.21640053987503052 0.3909258312649197 0.029913783073425293 0.04878688388400608
1 0.1924782156944275 0.42840099864535863 0.03518588542938232 0.05452182557847765
1 0.24414398670196533 0.5848740683661566 0.062245655059814456 0.08717901441786025
1 0.41369121968746186 0.6126120779249403 0.05912941098213196 0.09503968556722005
0 0.5807159543037415 0.4039189868503147 0.013894963264465331 0.05201992458767361
1 0.6128786742687226 0.3917372836007012 0.025757348537445067 0.0483357482486301
1 0.36742390543222425 0.4843969980875651 0.04334070384502411 0.07058177524142795
1 0.14970139265060425 0.9194733513726129 0.1418433427810669 0.1529140896267361
3 0.4130534529685974 0.39482434855567083 0.04639408588409424 0.11662972238328721
0 0.4332492470741272 0.5170755810207791 0.01820557117462158 0.06474032931857639
0 0.14416454434394838 0.4539293924967448 0.01525489091873169 0.0547041998969184
1 0.08025781810283661 0.5687633408440484 0.058683973550796506 0.07315006256103515
1 0.33272676467895507 0.9665985743204752 0.10612149238586426 0.06622259351942274
3 0.605134779214859 0.10946853425767687 0.188683021068573 0.21893706851535374
1 0.47265278100967406 0.306394003248877 0.01914374828338623 0.03166253086593416
3 0.4243878602981567 0.10893853505452473 0.20815072059631348 0.21787707010904947
0 0.39126675128936766 0.6044452667236329 0.01746649742126465 0.1164427015516493
1 0.4243119448423386 0.47295984162224664 0.04112854599952698 0.06975562837388781
1 0.6573931306600571 0.3374026311768426 0.026489847898483278 0.04317699803246392
3 0.8847627401351928 0.1093178876572185 0.12257614135742187 0.214198214146826
1 0.4075158894062042 0.3203797525829739 0.022315096855163575 0.037197976642184785
1 0.39485992193222047 0.3982812590069241 0.010280156135559082 0.09096535046895345
3 0.6359371185302735 0.7621095763312445 0.16189956665039062 0.37286065419514974
1 0.3001784920692444 0.3776656707127889 0.028398680686950683 0.0457178274790446
1 0.4449060559272766 0.3139533796244197 0.021599411964416504 0.0433611316813363
3 0.657743501663208 0.3300171044137743 0.028656005859375 0.059092291196187335
0 0.6051086059946101 0.47705648210313584 0.009853565844241529 0.05809271070692274
