0 0.647419273853302 0.6652908007303874 0.03482515811920166 0.049055290222167966
3 0.7393765330314637 0.22357936435275608 0.26094186305999756 0.4396727667914497
1 0.4032734870910645 0.8913252088758681 0.15149831771850586 0.20488349066840278
1 0.1675438940525055 0.8198900646633572 0.09075001478195191 0.09733060201009115
3 0.14270425569266082 0.20446802775065104 0.2737608287483454 0.4089360555013021
3 0.4007883740589023 0.8895426856146919 0.14996744133532047 0.20212588840060763
0 0.5387510359287262 0.6804207060072157 0.04285682439804077 0.057609176635742186
0 0.684255063533783 0.6294397460089789 0.02406097650527954 0.04305311838785807
1 0.4435419589281082 0.7672390407986112 0.06974365115165711 0.09817394680447049
1 0.5718870639801026 0.7914811876085069 0.07927875518798828 0.08341132269965278
0 0.5796343088150024 0.645577261182997 0.027627277374267577 0.044123797946506074
1 0.5796601295471191 0.6459398163689507 0.02757105827331543 0.04356051550971137
1 0.6844200938940048 0.6289841122097439 0.024345356225967407 0.043540869818793404
0 0.7153668701648712 0.6440668529934354 0.040659201145172116 0.05015907287597656
1 0.5390274405479432 0.6801311704847548 0.04286658763885498 0.05735460917154948
3 0.45742441676557066 0.2075282202826606 0.25994297936558725 0.4150564405653212
3 0.026073839073069392 0.34243656053311294 0.051285346737131476 0.10498620561427541
