1 0.40541045516729357 0.8072927686903212 0.0815630942583084 0.08315200805664062
1 0.3258957028388977 0.7949179331461589 0.07698280811309814 0.09324781629774305
1 0.5685048699378967 0.7360719892713758 0.05922529697418213 0.08379898071289063
1 0.12177135646343232 0.8415270699395074 0.05560851693153381 0.0861506568060981
3 0.7373719669878482 0.22229160732693143 0.2604542300105095 0.44458321465386286
1 0.5928650617599487 0.6697830624050565 0.03927955627441406 0.04731699625651042
3 0.14121018182486295 0.20417120191786026 0.27246793247759343 0.4083424038357205
1 0.5022863984107971 0.7210107803344726 0.049991297721862796 0.05817442999945747
1 0.20104119777679444 0.8564432779947917 0.1141319751739502 0.12308315700954861
0 0.32591216564178466 0.792439439561632 0.07567839622497559 0.09082065158420138
0 0.12275094985961914 0.8454923841688368 0.0570068895816803 0.0899078369140625
0 0.5682793617248535 0.7320569356282552 0.061420345306396486 0.09263356526692708
3 0.4548333168029785 0.20905253092447917 0.269041633605957 0.41810506184895835
1 0.7369053661823273 0.6149594624837239 0.026456964015960694 0.0317488776312934
