0 0.3837586283683777 0.6833337465922038 0.03156325817108154 0.09995051489935981
1 0.6299231290817261 0.5477955500284831 0.06723785400390625 0.08106634351942274
1 0.5637550234794617 0.6072149170769585 0.07155263423919678 0.11382122039794922
1 0.5779297590255738 0.48219365543789333 0.054083251953125 0.06394775178697375
0 0.2871003389358521 0.7254179212782118 0.06802468299865723 0.12868614196777345
0 0.3346055507659912 0.5377051459418403 0.05808134078979492 0.0890914069281684
3 0.8869205951690674 0.6038028293185764 0.22615880966186525 0.33212212456597223
1 0.2875778555870056 0.7282717386881511 0.07035949230194091 0.125315433078342
3 0.3409823298454285 0.9128134409586589 0.11234567165374756 0.172216796875
0 0.5635263442993164 0.6098924424913195 0.06961021423339844 0.10505269368489584
3 0.39712400287389754 0.6863437016805013 0.05878360569477081 0.10222604539659289
1 0.4694854855537415 0.46523497369554306 0.050734305381774904 0.05040227042304145
0 0.5790105819702148 0.48403727213541664 0.057098007202148436 0.06744215223524305
0 0.6292350769042969 0.546963119506836 0.06694297790527344 0.0803922865125868
1 0.34177584648132325 0.8978246900770399 0.11626958847045898 0.20374196370442707
1 0.33474578857421877 0.5382217937045627 0.0531496524810791 0.08609981536865234
0 0.26671284437179565 0.4854723400539822 0.043138957023620604 0.06595581902398004
0 0.3406308650970459 0.8977498372395833 0.1133845329284668 0.20322655571831597
